201612232329540689001110   
20161223232954068901111    
20161224002249040000142    
201612240022490400003510   
201612240022490400005850   
20161224002249040000712    
20161224002249040000982    
201612240022490400010625   
20161224002249040001114    
201612240026530695001130   
20161224002653069500131    
20161224002653069500143    
20161224002653069500401    
20161224002653069500585    
20161224002653069501063    
20161224002653069501111    
20161224002653069502181    
201612240026530695060125   
201612240056471223001120   
20161224005647122300045    
20161224005647122300073    
20161224005647122306015    
20161224005647122301067    
20161224005647122300131    
20161224005647122300142    
20161224005647122300352    
20161224005647122301111    
20161224005647122302181    
20161224005647122301071    
201612240101440051000435   
20161224010144005101071    
20161224010144005102182    
20161224010144005101193    
201612240101440051060120   
201612240101440051007535   
20161224015209063001062    
201612240152090630000415   
20161224015209063000291    
20161224015209063001111    
20161224015209063000621    
201612240237481354001110   
201612240702371374000410   
201612240702371374001110   
201612240702371374003515   
20161224070546140100778    
201612240705461401008035   
2016122407054614010124220  
20161224070546140103184    
201612240707172001001115   
20161224070717200100143    
20161224070717200100714    
20161224070717200101072    
20161224070717200101093    
20161224070717200101112    
20161224070717200101193    
20161224070717200106015    
201612240708230024000430   
20161224070823002400622    
20161224070823002400761    
20161224070823002400931    
20161224070823002401112    
20161224070823002401311    
20161224070823002406015    
20161224070823002406222    
20161224070823002406242    
201612240709272002005840   
20161224070927200200623    
20161224070927200200712    
20161224070927200200741    
20161224070927200201063    
20161224070927200201111    
20161224070927200201171    
20161224070927200201311    
20161224070927200202181    
20161224071058001600186    
20161224071058001600774    
2016122407105800160079330  
201612240710580016008020   
20161224071058001601253    
20161224071058001603184    
2016122407121200800004100  
20161224071212008000711    
20161224071212008001118    
201612240712381423031710   
20161224071937005700112    
20161224071937005700351    
201612240719370057005810   
20161224071937005700711    
20161224071937005701111    
