201606032246171654100160   
20160603224617165410133    
20160603224617165410301    
20160603224617165413392    
20160603224617165410631    
2016060322542717341001120  
20160603225427173410061    
20160603225427173410131    
20160603225427173410293    
20160603225427173410303    
20160603225427173410603    
20160603225427173410631    
20160603225427173415991    
201606032254271734186910   
2016060322571302491001120  
20160603225713024910101    
20160603225713024910131    
20160603225713024910223    
20160603225713024913691    
20160603225713024915992    
201606032300100216100140   
