20160524221713202640792    
20160524221713202641161    
20160524221713202641001    
201605242243331180200215   
201605242243331180200315   
20160524224333118020121    
20160524224333118020273    
20160524224333118020283    
20160524224333118041001    
20160524224333118031061    
20160524224333118020141    
20160524225254204940792    
20160524225254204940851    
20160524225254204940921    
20160524225254204940931    
20160524225254204941121    
20160524225254204941131    
20160524225254204941191    
20160524225254204941255    
20160524225254204941265    
20160525000750103220043    
20160525000750103220053    
20160525000750103231011    
20160525000750103231021    
201605250100101185200210   
201605250100101185200310   
20160525010624201241255    
20160525010624201241265    
20160525010624201241001    
20160525010624201230121    
201605250106242012410310   
20160525010624201240921    
20160525010624201240931    
20160525010839204220141    
20160525010839204241081    
20160525010839204241162    
20160525010839204241401    
201605250110371114200140   
20160525011037111420275    
20160525011037111420285    
20160525011037111420141    
201605250110371114201110   
20160525011037111431041    
20160525011037111431051    
20160525011037111430052    
20160525011037111430091    
20160525014202200940792    
20160525014202200941101    
20160525021902115820015    
201605250219021158200210   
201605250219021158200310   
20160525021902115820121    
20160525021902115820141    
201605250241351096200130   
20160525024135109620041    
20160525024135109620051    
20160525024135109620072    
20160525024135109620142    
20160525024135109631011    
20160525024135109630121    
20160525024135109630091    
201605250331251014200125   
20160525033125101420041    
20160525033125101420051    
20160525033125101420142    
20160525033125101431011    
20160525033125101431031    
20160525034152203940792    
20160525034152203931071    
20160525034152203941161    
20160525034152203941451    
20160525034152203940841    
20160525072346105220015    
201605250723461052200220   
201605250723461052200320   
20160525072346105220125    
20160525072346105231042    
20160525072346105231011    
201605250723461052400710   
