201612082116491143110010   
201612082119531128110020   
20161208211953112814002    
20161208211953112814031    
20161208211953112814061    
20161208211953112814091    
20161208211953112814101    
20161208211953112815054    
20161208211953112816032    
201612082140437001120030   
201612082140437001120320   
201612082140437001120436   
20161208214043700112075    
20161208214043700113011    
20161208214043700113054    
201612082140437001133024   
20161208214043700114044    
20161208214043700114062    
20161208214043700114103    
20161208214043700114204    
201612082140437001160220   
20161208214043700116053    
20161208214043700130054    
201612082140437001500110   
201612082140437001500512   
20161208214043700150125    
201612082140437001510516   
201612082140437001520710   
20161208214043700154093    
201612082140437001600110   
20161208214312600114046    
20161208214312600114211    
201612082143126001142210   
20161208214312600115121    
20161208214312600115162    
20161208214312600115175    
20161208214312600115201    
20161208214312600115301    
20161208214312600115317    
20161208214312600117061    
20161208214312600130051    
20161208214312600150125    
201612082143126001501320   
20161208214312600152251    
20161208214312600160011    
20161208214312600172411    
201612082207291017100080   
201612082207291017110040   
20161208220729101712072    
20161208220729101712085    
20161208220729101713072    
20161208220729101713091    
201612090012414004110010   
201612090759471147110010   
201612090906271160100015   
20161209090627116012063    
20161209090627116013051    
20161209090627116016021    
20161209092908110912061    
20161209092908110912071    
20161209092908110913021    
20161209092908110913031    
20161209092908110913081    
20161209092908110914001    
20161209092908110914075    
20161209092908110915055    
20161209094932117112079    
201612090955331069110030   
201612090959541043100010   
201612090959541043110010   
20161209100459103112025    
201612091004591031121320   
20161209100459103113012    
201612091004591031130910   
20161209101522700416022    
20161209101522700430032    
20161209101522700451052    
201612091026251063100050   
201612091026251063110030   
20161209102625106312072    
20161209102625106312083    
201612091026251063120910   
20161209102625106313031    
20161209102625106316022    
20161209102625106316031    
20161209102627110013021    
20161209102954117113082    
201612091029541171140210   
201612091034321165100020   
20161209103432116512073    
20161209103432116512083    
20161209103432116512122    
20161209103432116512133    
20161209103432116513041    
201612091040411165110020   
20161209104041116512072    
20161209104041116512132    
201612091056451027100050   
20161209105645102713091    
20161209105645102713021    
201612091056451027110030   
201612091103021129100010   
201612091103021129110010   
201612091112531045100010   
201612091112531045110010   
20161209111253104513091    
201612091121051005100040   
201612091121051005110030   
20161209112105100512134    
20161209112105100513031    
20161209112105100513092    
20161209112105100514003    
20161209112105100514011    
20161209112105100514023    
20161209112105100514031    
20161209112105100515054    
20161209112105100515143    
20161209112220100513021    
201612091123191064100020   
201612091123191064110010   
201612091131401155110010   
201612091135571158100015   
201612091135571158110010   
20161209114811105713041    
20161209121638112613091    
20161209130327106713091    
20161209130327106714001    
20161209130327106714021    
20161209130327106714033    
20161209130327106714091    
20161209130327106716024    
20161209130327106716031    
20161209131121100212071    
20161209131121100214021    
20161209131121100216031    
20161209131121100212133    
20161209131121100215141    
201612091321501034100010   
201612091321501034110010   
20161209132214700212055    
20161209132214700212071    
201612091322147002133015   
20161209132214700214083    
20161209132214700214102    
20161209132214700231001    
20161209132214700252003    
201612091324361130100020   
201612091324361130110010   
20161209132436113012084    
20161209132436113012132    
20161209132436113013021    
20161209132436113013081    
20161209132436113014001    
20161209132436113014022    
20161209132436113014041    
201612091324361130150510   
20161209132436113016031    
201612091325241141110010   
20161209132534111712133    
20161209132534111713091    
20161209132534111714022    
20161209132534111714031    
20161209132534111714041    
20161209132534111716022    
201612091331017001121320   
201612091331017001140810   
201612091336211169100010   
201612091336211169100010   
201612091336211169110010   
20161209133621116913022    
20161209133621116913074    
20161209133944112514002    
20161209133944112514021    
20161209133944112514041    
20161209133944112516011    
201612091343331103100010   
20161209134333110312132    
20161209134333110313052    
20161209134333110313081    
20161209134333110313091    
20161209134333110314024    
20161209134333110314032    
20161209134333110315143    
201612091348431165150515   
20161209135114111313021    
20161209135114111313041    
201612091353491110100010   
201612091353491110110010   
201612091353491110120810   
20161209135349111012135    
20161209135349111013051    
20161209135349111014035    
20161209135349111015001    
20161209135349111015011    
20161209135349111016022    
