20160430002141704150014    
20160430002141704150136    
20160430002141704150291    
20160430002141704150192    
20160430002141704150041    
20160430002141704150051    
20160430002141704150141    
201604300324161030316020   
201604300324161030316230   
20160430032416103030032    
20160430032416103031034    
20160430032416103031581    
20160430032416103030751    
20160430032416103030742    
20160430032416103030872    
20160430032416103031375    
20160430032416103030401    
20160430032416103030391    
