20160928005009300710122    
20160928005009300710624    
20160928005009300710662    
20160928005009300710682    
20160928005009300710861    
201609280050093007300120   
20160928005009300730033    
20160928005009300730195    
20160928005009300730205    
20160928005009300730351    
20160928005009300730461    
20160928005009300730922    
20160928005038300710345    
20160928005038300730043    
20160928005158300720011    
20160928005158300720022    
20160928005158300720201    
20160928005158300725251    
20160928005410300210651    
20160928005410300210861    
20160928005410300215041    
20160928005410300215421    
20160928005410300240401    
20160928010841300810141    
20160928010841300810345    
20160928010841300810471    
20160928010841300810623    
20160928010841300810682    
20160928010841300810682    
20160928010841300810862    
20160928010841300815162    
20160928010841300815261    
20160928010841300820101    
20160928010841300820201    
20160928010841300820271    
20160928010841300825261    
201609280108413008300110   
20160928010841300830033    
20160928010841300830111    
20160928010841300830121    
20160928010841300830251    
20160928010841300830271    
20160928010841300830381    
20160928023029300410124    
20160928023029300410174    
20160928023029300410303    
20160928023029300410611    
20160928023029300410633    
20160928023029300410862    
20160928023029300410872    
20160928023029300415291    
20160928023029300415351    
20160928023029300415371    
20160928023029300415401    
201609280230293004202012   
20160928023029300425251    
20160928023029300425261    
20160928023029300430017    
20160928023029300430031    
20160928023029300430054    
20160928023029300430326    
20160928023029300430431    
20160928023029300430452    
20160928023029300430531    
20160928030453300910141    
20160928030453300910276    
20160928030453300910323    
20160928030453300910343    
20160928030453300910681    
20160928030453300910861    
20160928030453300910871    
20160928030453300915071    
20160928030453300915191    
20160928030453300915261    
20160928030453300915371    
20160928030453300915421    
20160928030453300920021    
201609280304533009202012   
201609280304533009300110   
20160928030453300930033    
20160928030453300930053    
20160928030453300930081    
20160928030453300930251    
20160928030453300930271    
20160928030453300930351    
20160928030453300930431    
20160928030453300930461    
20160928030453300930671    
20160928030453300930702    
20160928030453300930722    
20160928030453300930891    
20160928030453300930921    
