20160226144617129710011    
20160226144617129710021    
20160226144617129710341    
20160226144617129720081    
20160226144617129720011    
20160226214621137610012    
20160226214621137610022    
20160226214621137610341    
20160226214621137620011    
20160226215900112310011    
20160226215900112310021    
20160226215900112310101    
20160226215900112320011    
20160226220522113010012    
20160226220522113010022    
20160226220522113020081    
20160226220926136510012    
20160226220926136510022    
20160226220926136510331    
20160226222408113210011    
20160226222408113210021    
20160226222408113210341    
20160226222408113220012    
20160226222408113230151    
20160226222408113250011    
20160226222528139110012    
20160226222528139140011    
20160226222528139110341    
20160226222733131110013    
20160226222733131110023    
20160226222733131110342    
20160226222733131120011    
20160226222733131120251    
20160226223605136710011    
20160226223605136710021    
20160226224956104710012    
20160226224956104720011    
20160226224956104730011    
20160226224956104720151    
20160226224956104710342    
20160226231048106610502    
20160226231048106610022    
20160226231048106610341    
20160226231259132310502    
20160226231259132310022    
20160226231259132320011    
20160226232132134110012    
20160226232132134110022    
20160226232132134110341    
20160226232132134120081    
20160226232132134120151    
20160226232822114810011    
20160226232822114810101    
20160226232822114840011    
20160226232924111310012    
20160226232924111310022    
20160226232924111310341    
20160226232925102510011    
20160226232925102510021    
20160226232925102510341    
20160226233144112010501    
20160226233144112010021    
20160226233144112010341    
20160226233144112020011    
20160226233508128110014    
20160226233508128110024    
20160226233508128110102    
20160226234404111110012    
20160226234404111110022    
20160226234404111120011    
20160226235030139010012    
20160226235030139010102    
20160226235030139020011    
20160226235030139020071    
20160226235030139030151    
20160226235117137620071    
20160226235117137640011    
20160226235702100410013    
20160226235702100410101    
20160226235702100430011    
20160226235850103410012    
20160226235850103410022    
20160226235850103410102    
20160226235850103410181    
20160226235850103420011    
20160226235919102010013    
20160226235919102010023    
20160226235919102010101    
20160226235919102020011    
20160227000645126810013    
20160227000645126810023    
20160227000645126810102    
20160227000645126850015    
20160227000653101910011    
20160227000846109810503    
20160227000846109810023    
20160227000846109810342    
20160227000846109820012    
20160227000846109820151    
20160227000846109820071    
20160227001119135810011    
20160227001119135810021    
20160227001119135810341    
20160227001313130810011    
20160227001313130810021    
20160227001313130850015    
20160227001313130820071    
20160227001331134310022    
20160227001331134310341    
20160227001331134310502    
20160227001331134320071    
20160227001331134320211    
20160227001853135710012    
20160227001853135710022    
20160227001853135720011    
20160227001853135710341    
20160227001952135010012    
20160227001952135010022    
20160227001952135010341    
20160227002157129210011    
20160227002157129210021    
20160227002157129210341    
20160227002157129210032    
20160227002258114610013    
20160227002258114610023    
20160227002258114620011    
20160227002258114610031    
20160227002258114610102    
20160227002258114630011    
20160227002258114650015    
20160227003123109110012    
20160227003123109110022    
20160227003123109110341    
20160227003123109120012    
20160227003314139410011    
20160227003431116810013    
20160227003431116810023    
20160227003431116810182    
20160227003550136410013    
20160227003550136410023    
20160227003550136410342    
20160227003550136420011    
20160227003550136420151    
20160227003550136430011    
20160227003638134710012    
20160227003638134710022    
20160227003638134720011    
20160227003638134710341    
20160227004522139210012    
20160227004522139210022    
20160227004522139210101    
20160227004945117210013    
20160227004945117210101    
20160227005401137010012    
20160227005401137010022    
20160227005401137010102    
20160227005401137020011    
20160227005401137020071    
20160227005401137030011    
20160227005606124510012    
20160227005606124510022    
20160227005606124510341    
20160227005606124520011    
20160227010744138610011    
20160227010744138620011    
20160227010744138620251    
20160227010802133810012    
20160227010802133810022    
20160227010802133810342    
20160227010933138410012    
20160227010933138410022    
20160227010933138420011    
20160227010933138410051    
20160227010933138410341    
20160227011116118410012    
20160227011116118410022    
20160227011116118410031    
20160227011116118410341    
20160227011116118420011    
20160227011416133410013    
20160227011416133410023    
20160227011416133420151    
20160227011416133410342    
20160227011904101510011    
20160227011904101510021    
20160227011904101510341    
20160227011904101520011    
20160227012524111210012    
20160227012524111210022    
20160227012524111220011    
20160227012524111230011    
20160227012524111210101    
20160227012524111220121    
20160227012549134210012    
20160227012549134210022    
20160227012549134210042    
20160227012549134220012    
20160227012911126110012    
20160227012911126110022    
20160227012911126110341    
20160227012911126120011    
20160227012911126130011    
20160227012911126120151    
20160227013045100210012    
20160227013045100210032    
20160227013045100230011    
20160227014048103210012    
20160227014048103210342    
20160227014048103220012    
20160227014048103220081    
20160227015044131510012    
20160227015044131510032    
20160227015044131510342    
20160227015044131520011    
20160227015044131530011    
20160227015044131520091    
20160227015332105410012    
20160227015332105420091    
20160227015332105420251    
20160227015332105410341    
20160227020035135610042    
20160227020040139310013    
20160227020040139310023    
20160227020040139310031    
20160227020040139310341    
20160227020040139320011    
20160227020040139350045    
20160227020831139310013    
20160227020831139310023    
20160227020831139320012    
20160227020831139310344    
20160227020831139320152    
20160227020831139320252    
20160227020831139350013    
20160227020831139350045    
20160227020948101210502    
20160227020948101210031    
20160227020948101210341    
20160227020948101220012    
20160227020948101240011    
20160227021430134010011    
20160227021430134010021    
20160227021430134010041    
20160227021430134020111    
20160227024037137510011    
20160227024037137510021    
20160227024037137510031    
20160227024037137510342    
20160227024037137520011    
20160227024037137520141    
20160227030117135210011    
20160227030117135210021    
20160227030117135220011    
20160227030117135210171    
20160227030117135220221    
20160227032220131610012    
20160227032220131610022    
20160227032220131610101    
20160227032220131620151    
20160227033625121610012    
20160227033625121610022    
20160227033625121610101    
20160227033625121620011    
20160227033625121620051    
20160227040351122510012    
20160227040351122510022    
20160227040351122510341    
20160227040351122520011    
20160227040351122520081    
20160227040351122520111    
20160227043913111710012    
20160227043913111710022    
20160227043913111710102    
20160227043913111720011    
20160227043913111720051    
20160227043913111720151    
20160227055506114010012    
20160227055506114010341    
