20160425215952502210041    
20160425215952502210051    
20160425215952502210062    
20160425215952502210074    
20160425215952502230011    
20160425215952502230031    
20160425215952502240111    
20160425215952502260051    
20160425215952502260175    
20160425215952502260221    
20160425215952502270012    
20160425221923603010041    
20160425221923603010052    
20160425221923603030071    
20160425221923603030281    
20160425221923603040041    
20160425221923603040071    
20160425221923603050031    
20160425221923603050081    
20160425221923603060051    
20160425221923603060081    
20160425224840600960052    
20160425230601103310041    
20160425230601103310052    
20160425230601103340011    
20160425230601103340081    
20160425230601103350021    
20160425230601103350031    
20160425230601103360052    
20160425230601103360091    
20160425231556606530282    
20160425231556606530043    
20160425231556606510052    
20160425232636100210041    
20160425232636100210052    
20160425232636100230013    
20160425232636100230161    
20160425232636100230353    
20160425232636100230951    
20160425232636100260052    
20160426001112606970081    
20160426001112505210051    
20160426001112505230031    
20160426001112505230071    
20160426001112505230281    
20160426001112505230311    
20160426001112505270011    
20160426001112505270021    
20160426001837607060221    
20160426001837607050011    
20160426001837607020041    
20160426001837607070014    
20160426001837607060051    
20160426001837607070131    
20160426020836600210051    
20160426020836600230151    
20160426020836600260193    
20160426021541604230121    
20160426021541604230281    
20160426021541604240081    
20160426021541604240111    
20160426021541604250032    
20160426021541604250051    
20160426021541604260031    
20160426021541604260081    
