20160817232344200310101    
20160817232344200310255    
20160817232344200310276    
20160817232344200310322    
20160817232344200310344    
20160817232344200310411    
20160817232344200310581    
20160817232344200310622    
20160817232344200310635    
20160817232344200310651    
20160817232344200310791    
20160817232344200315131    
20160817232344200315261    
20160817232344200315361    
20160817232344200315371    
20160817232344200315401    
20160817232344200320051    
20160817232344200320083    
20160817232344200320402    
20160817232344200325121    
20160817232344200330015    
20160817232344200330031    
20160817232344200330071    
20160817232344200330461    
20160817232344200330722    
20160817234644200310321    
20160817234644200310343    
20160818012843200210102    
20160818012843200210112    
20160818012843200210173    
20160818012843200210212    
20160818012843200210222    
20160818012843200210256    
201608180128432002102712   
20160818012843200210304    
20160818012843200210326    
20160818012843200210345    
20160818012843200210362    
20160818012843200210383    
20160818012843200210635    
20160818012843200210651    
20160818012843200210661    
20160818012843200210671    
20160818012843200210681    
20160818012843200210796    
20160818012843200210813    
20160818012843200215111    
20160818012843200215181    
201608180128432002202012   
20160818012843200220311    
20160818012843200220332    
20160818012843200220405    
20160818012843200225251    
201608180128432002300110   
20160818012843200230046    
20160818012843200230054    
20160818012843200230081    
20160818012843200230205    
20160818012843200230273    
20160818012843200230382    
20160818012843200230893    
20160818012843200230921    
20160818013059200210491    
