20160307213846419931021    
20160307213846419931041    
20160307213846419931061    
20160307213846419945021    
20160307213846419951101    
20160307213846419951151    
20160307213846419961391    
20160307213846419963252    
20160307213846419970002    
201603072141004199110110   
201603072141004199110210   
20160307214100419916022    
201603072141004199160310   
201603072250344117110215   
20160307225034411716023    
20160307225034411716035    
20160307225034411745014    
20160307230447419111025    
20160307230447419116035    
20160307230447419145011    
20160307230447419145041    
20160307230447419161391    
20160307230447419161461    
20160307230447419180001    
20160307230447419198002    
20160307230447419198011    
201603072318334137110210   
20160307231833413716035    
20160307231833413745013    
20160307233632410811025    
20160307233632410816025    
20160307233632410816033    
20160307233632410816043    
20160307233632410831013    
20160307233632410845011    
20160307233632410845021    
20160307233632410862512    
20160307233632410864161    
20160307233632410870001    
20160308011412416316022    
20160308011412416316035    
20160308011412416316043    
20160308011412416345014    
201603080151594106110210   
20160308015159410616035    
20160308015159410698031    
201603080432544124110210   
20160308043254412411045    
20160308043254412416022    
20160308043254412416041    
20160308043254412416032    
20160308043254412445011    
20160308043254412431041    
20160308043254412413033    
