201604032040152226200120   
20160403204015222620061    
20160403204015222620655    
20160403204015222620911    
201604032059442227200180   
20160403205944222720061    
20160403205944222720082    
20160403205944222720071    
20160403205944222720658    
20160403205944222720901    
201604032106002061200160   
20160403210600206120061    
20160403210600206120071    
20160403210600206120081    
20160403210600206120321    
201604032106002061206510   
2016040321152720692001100  
20160403211527206920051    
20160403211527206920061    
20160403211527206920071    
20160403211527206920081    
20160403211527206920311    
20160403211527206920321    
201604032115272069206510   
20160403211527206921021    
201604032139101357200160   
20160403213910135720053    
20160403213910135720082    
201604032141191011200180   
20160403214119101120055    
20160403214119101120061    
20160403214119101120072    
20160403214119101120082    
20160403214119101120322    
20160403214119101120655    
20160403214500101120551    
201604032210132024200160   
20160403221013202420061    
20160403221013202420321    
20160403221013202420161    
201604032319172027200120   
20160403231917202720052    
20160403231917202720061    
20160403231917202720071    
201604032340072230200180   
20160403234007223020061    
20160403234007223020072    
20160403234007223020161    
20160403234007223020301    
20160403234007223020321    
201604032340072230206520   
201604032342332026200140   
20160403234233202620321    
2016040323501520342001100  
20160403235015203420053    
20160403235015203420321    
20160403235015203420655    
201604032350472109200140   
20160403235047210920061    
20160403235047210920071    
201604040010362032200180   
20160404001036203220061    
20160404001036203220071    
20160404001036203220081    
20160404001036203220301    
20160404001036203220321    
2016040400154220512001120  
20160404001542205120062    
20160404001542205120072    
20160404001542205120082    
20160404001542205120111    
20160404001542205120325    
201604040017032094200140   
20160404001703209420061    
20160404001703209420082    
20160404001703209420551    
20160404001703209420655    
20160404001703209420911    
201604040017562115200180   
20160404001756211520061    
20160404001756211520655    
2016040400180920912001100  
20160404001809209120062    
20160404001809209120072    
20160404001809209120081    
20160404001809209120161    
20160404001809209120191    
201604040056152043200160   
20160404005615204320062    
20160404005615204320071    
20160404005615204320081    
20160404005615204320321    
20160404005615204320655    
20160404005615204321021    
20160404005615204321041    
20160404005615204321051    
2016040401582713812001140  
20160404015827138120062    
20160404015827138120082    
20160404015827138120322    
20160404015827138120551    
20160404015827138120071    
201604040158271381206530   
20160404015827138121021    
20160404020137138120811    
20160404020313138120901    
2016040402294122292001160  
20160404022941222920062    
20160404022941222920082    
20160404022941222920071    
201604040229412229206520   
