201608012121400884100160   
201608012121400884102910   
20160801212140088410602    
20160801212140088410131    
201608012250190170100140   
20160801225019017010061    
201608012257470192100160   
20160801225747019210133    
20160801225747019210061    
201608012321560216100140   
20160801232156021610132    
20160801232156021610053    
201608012328280261100120   
20160801232828026110133    
201608012333311134100120   
201608012353390245100120   
20160801235339024510052    
20160801235339024510111    
20160801235339024510251    
20160801235339024510582    
201608012357130141100120   
20160801235713014110134    
201608020014100165100140   
201608020021321734100140   
20160802002132173410131    
20160802002132173415991    
201608020023311494100120   
20160802002331149410131    
20160802002331149410571    
201608020027181324100160   
20160802002718132410121    
20160802002718132410134    
20160802002718132410141    
20160802002718132410221    
20160802002718132410243    
20160802002718132410321    
20160802002718132410572    
201608020104241334100160   
20160802010424133410061    
20160802010424133410132    
20160802010424133410221    
20160802010424133413392    
20160802010424133410311    
201608020106211854100140   
20160802010621185410131    
2016080201062118541052100  
2016080201062118541053100  
20160802010621185410571    
20160802010621185410581    
201608020118120156100120   
20160802011812015610061    
20160802011812015610131    
20160802011812015610295    
201608020131090159100160   
20160802013109015910132    
20160802013109015910293    
20160802013109015913395    
20160802013109015910302    
201608020154571924100140   
20160802015457192410061    
20160802015457192410432    
20160802015457192415991    
201608020155091554100140   
20160802015509155410132    
20160802015509155410293    
201608020159470223100140   
20160802015947022310141    
20160802015947022310061    
201608020211321724100140   
20160802021132172410131    
20160802021132172410171    
20160802021132172410281    
20160802021132172410292    
20160802021132172413393    
20160802021132172413491    
20160802021140171410132    
20160802021140171415991    
20160802021140171413395    
20160802021140171410305    
20160802021140171410315    
201608020211401714100140   
20160802021140171410181    
20160802021140171410251    
201608020217440201100140   
20160802021744020110055    
20160802021744020110133    
20160802021744020110572    
20160802021744020113391    
201608020222161364100140   
20160802022216136410141    
20160802022216136415991    
201608020222290244100140   
20160802022229024410132    
201608020223000914100180   
20160802022300091410062    
20160802022300091410132    
20160802022300091410221    
20160802022300091410101    
20160802022300091410111    
20160802022300091410401    
2016080202282205941001120  
20160802022822059410142    
201608020242530136100140   
20160802024253013610132    
201608020247241654100140   
20160802024724165410131    
20160802024724165410101    
201608020320081374100120   
20160802032008137413393    
20160802032008137413493    
201608020425350584100140   
20160802042535058410111    
20160802042535058410132    
20160802042535058410221    
20160802042535058410631    
201608020518170211100140   
20160802051817021110131    
20160802051817021110292    
20160802051817021110401    
