20160420203828900110095    
201604202216523102100120   
20160420221652310210032    
20160420221652310240052    
20160420221652310253031    
20160420221652310260022    
20160420221652310260031    
20160420221652310260051    
20160420221652310260101    
20160420221652310260121    
20160420221652310280141    
20160421005559110110094    
20160421005559110110104    
20160421005559110110111    
20160421005559110120032    
20160421005559110130021    
20160421005559110130051    
20160421005559110150011    
20160421005559110150061    
20160421005559110153031    
20160421005559110180101    
20160421005559110180141    
