201605250025191293010110   
20160525002519129301041    
20160525002519129301141    
20160525002519129301211    
20160525002519129301442    
20160525002519129302162    
20160525002519129303071    
20160525003631122801051    
20160525003631122801071    
20160525003631122801143    
20160525003631122801193    
20160525003631122801342    
20160525003631122802071    
201605250036311228021115   
20160525003631122803011    
20160525003631122803081    
20160525003631122830282    
201605250054121010010140   
20160525005412101001042    
201605250054121010021120   
20160525005412101002581    
20160525005412101003011    
20160525005412101003082    
201605250133371287010130   
20160525013337128701131    
20160525013337128702072    
20160525013337128703011    
20160525013337128701161    
201605250133371287021110   
20160525013337128702221    
20160525013337128702281    
20160525013337128702293    
201605250139031312010120   
20160525013903131203072    
20160525013903131202205    
201605250159331308010115   
20160525015933130801041    
20160525015933130801141    
20160525015933130802072    
20160525015933130803071    
20160525015933130801201    
201605250159331308021110   
201605250159331308022010   
20160525015933130801331    
20160525015933130801475    
201605250159331308014810   
20160525015933130802531    
20160525015933130802825    
201605250226481207010130   
20160525022648120701131    
20160525022648120701141    
20160525022648120701161    
20160525022648120701192    
20160525022648120701211    
20160525022648120701443    
20160525022648120701473    
20160525022648120701485    
20160525022648120702072    
201605250226481207021120   
20160525022648120702524    
20160525022648120703062    
20160525022648120703071    
20160525022648120703081    
20160525022648120760981    
201605250445261303010120   
20160525044526130302204    
20160525044526130302172    
20160525044526130351501    
20160525044526130302523    
20160525044526130301475    
20160525044526130302831    
