20160915234648110910014    
20160915234648110910132    
20160915234648110910176    
20160915234648110930221    
20160915234648110930286    
20160915234648110930491    
20160915234648110940231    
20160915234648110940241    
20160915234648110950011    
201609152346481109919335   
20160916211618105110012    
20160916211618105110131    
20160916211618105110172    
20160916211618105110292    
20160916211618105120022    
20160916211618105130121    
20160916211618105130231    
20160916211618105140262    
20160916211618105150011    
20160916211618105160031    
20160916211618105160092    
20160916211618105160102    
20160916211618105160121    
20160916211618105160201    
20160916211618105160271    
20160916214240110510013    
20160916214240110540025    
20160916214240110540271    
20160916214240110560261    
20160916214240110560281    
20160916214240110591935    
20160916222121107910016    
20160916222121107910176    
20160916222121107920022    
20160916222121107940052    
20160916222121107950071    
20160916222121107960011    
20160916222121107960121    
20160916222121107960171    
20160916222121107960321    
20160916222121107992122    
20160916222651107510012    
201609162226511075101410   
20160916222651107510175    
20160916222651107520026    
20160916222651107530223    
20160916222651107530641    
20160916222651107540273    
20160916222651107540321    
20160916222651107550082    
20160916222651107560093    
20160916222651107560272    
20160916222651107560281    
20160916222651107560344    
20160916222651107591935    
20160916223046109110012    
20160916223046109110132    
20160916223046109110172    
20160916223046109110293    
20160916223046109120023    
20160916223046109130232    
20160916223046109130292    
20160916223046109130312    
20160916223046109130322    
20160916223046109150012    
20160916223046109150081    
201609162230461091600710   
20160916223046109160111    
20160916223046109160171    
20160916223046109160201    
20160916223046109160261    
20160916223046109160272    
20160916223046109160281    
201609162235011094100112   
20160916223501109410132    
201609162235011094101410   
20160916223501109410293    
20160916223501109420051    
20160916223501109430222    
20160916223501109430231    
20160916223501109430312    
20160916223501109430641    
20160916223501109450012    
20160916223501109450072    
201609162235011094600710   
20160916223501109460111    
20160916223501109460281    
20160916224221102720022    
20160916224221102730102    
20160916224221102730121    
20160916224221102730221    
20160916224221102760044    
20160916224221102760785    
201609162242211027919315   
20160916225817110610013    
20160916225817110610132    
20160916225817110610171    
20160916225817110610292    
20160916225817110620022    
20160916225817110630221    
20160916225817110630231    
20160916225817110630641    
20160916225817110640271    
20160916225817110650061    
201609162258171106800510   
20160916230240112410017    
20160916230240112410131    
20160916230240112410171    
20160916230240112410291    
20160916230240112420022    
20160916230240112420051    
20160916230240112430101    
20160916230240112430231    
20160916230240112430242    
20160916230240112430251    
20160916230240112430291    
20160916230240112430312    
20160916230240112430641    
20160916230240112430686    
20160916230240112440171    
20160916230240112440251    
20160916230240112440271    
20160916230240112450071    
20160916230240112460293    
201609162302401124919333   
201609162316531092100110   
20160916231653109210171    
20160916231653109210291    
20160916231653109220102    
20160916231653109230221    
20160916231653109230263    
20160916231653109230273    
20160916231653109230283    
20160916231653109230641    
201609162316531092800210   
201609162316531092800510   
20160916232048111010014    
201609162320481110200110   
20160916232048111020022    
20160916232048111030224    
20160916232209109440091    
20160916233641112710012    
20160916233641112710141    
20160916233641112720091    
20160916233641112730285    
20160916233641112730492    
20160916233641112740055    
20160916233641112740062    
20160916233641112740141    
20160916233641112750011    
20160916233641112760162    
20160916233641112760201    
20160916233641112760301    
20160916234412100530341    
20160916234412100550101    
20160916234412100560281    
20160916234808110110016    
20160916234808110110131    
20160916234808110110141    
20160916234808110120022    
20160916234808110130221    
20160916234808110130281    
20160916234808110140125    
20160916234808110140271    
20160916234808110150012    
20160916234808110160201    
20160916234808110160261    
20160916234808110191051    
20160916234808110191073    
201609162348081101919315   
20160917011618108710131    
20160917011618108710147    
20160917011618108710293    
20160917011618108730103    
20160917011618108730223    
20160917011618108730312    
20160917011618108750011    
20160917011618108750081    
20160917011618108760021    
20160917011618108760101    
20160917011618108760121    
20160917011618108760224    
20160917011618108760371    
20160917011618108780045    
201609170116181087919350   
20160917015307113910365    
20160917015307113910371    
20160917015307113910391    
20160917015307113920023    
20160917015307113920081    
20160917015307113920102    
20160917015307113930101    
20160917015307113930221    
20160917015307113930291    
20160917015307113930351    
20160917015307113940081    
20160917015307113950012    
20160917015307113992051    
20160917015307113992153    
20160917021141102610015    
20160917021141102610142    
20160917021141102610172    
20160917021141102620022    
20160917021141102620051    
20160917021141102630221    
20160917021141102630352    
20160917021141102630511    
20160917021141102640271    
20160917021141102650011    
20160917021141102660141    
20160917034229112110015    
20160917034229112110131    
20160917034229112110172    
20160917034229112110293    
20160917034229112130222    
20160917034229112130232    
20160917034229112160063    
20160917034229112160252    
