20161214174046135410172    
20161214202423139510011    
20161214202423139510022    
20161214202423139510172    
20161214202423139510341    
20161214205840135610011    
20161214205840135610021    
20161214205840135610101    
20161214205840135620012    
20161214210909139010991    
20161214210909139010071    
20161214210909139010171    
20161214210909139020011    
20161214222648139710011    
20161214222648139710021    
20161214222648139710071    
20161214222648139710081    
20161214222648139720321    
20161214224325139310013    
20161214224325139310023    
20161214224325139310031    
20161214224325139310341    
20161214224325139320011    
20161214224325139350042    
20161214224325139310173    
20161214224509135810011    
20161214224509135810021    
20161214224509135810341    
20161214224509135810031    
20161214224509135830131    
20161214225209106610502    
20161214225209106610022    
20161214225209106610342    
20161214225209106650018    
20161214225209106630011    
20161214233439134310022    
20161214233439134310341    
20161214233439134310502    
20161214234134102010172    
20161214235235139410012    
20161214235235139410175    
20161214235235139410342    
20161214235235139410991    
20161214235235139420991    
20161214235255114810992    
20161214235959139210011    
20161214235959139210021    
20161214235959139210101    
20161214235959139210173    
20161214235959139210993    
20161214235959139220991    
20161215000125139210993    
20161215000204135710012    
20161215000204135710022    
20161215000204135720151    
20161215000204135710342    
20161215001521109120012    
20161215001521109120071    
20161215001521109120151    
20161215001521109120251    
20161215001521109110341    
20161215002230135010992    
20161215002230135020991    
20161215004047136410182    
20161215004047136420011    
20161215004047136410173    
20161215004047136410074    
20161215004348128110011    
20161215004348128110021    
20161215004348128120011    
20161215004348128120151    
20161215004348128110341    
20161215005340131510011    
20161215011302126110012    
20161215011302126110022    
20161215011302126110341    
20161215012156100210011    
20161215012640138710011    
20161215013350134210031    
20161215013350134210343    
20161215013350134220013    
20161215014018134010011    
20161215014018134010021    
20161215014018134010173    
20161215014018134020011    
20161215030829103410171    
20161215030829103410994    
20161215030829103420992    
20161215044412121610172    
