20160921145818102010172    
20160921172805138510012    
20160921172805138510032    
20160921172805138520011    
20160921172805138530131    
20160921172805138530151    
20160921190848139510011    
20160921190848139510022    
20160921190848139510341    
20160921193809103410172    
20160921195129136610013    
20160921195129136610342    
20160921195129136620151    
20160921195129136630011    
20160921195129136620091    
20160921195129136620081    
20160921195505135610011    
20160921195505135610021    
20160921195505135610031    
20160921195505135610041    
20160921195505135620151    
20160921211506137710011    
20160921211506137710031    
20160921211506137720151    
20160921215343133610011    
20160921215343133610021    
20160921220245112310011    
20160921221550139010071    
20160921221550139010172    
20160921221550139010181    
20160921222859101910011    
20160921222859101920081    
20160921222859101920091    
20160921222859101920201    
20160921223150120610011    
20160921223150120620221    
20160921225838106610502    
20160921225838106610022    
20160921225838106610341    
20160921230042113210011    
20160921230042113210021    
20160921230042113210063    
20160921230042113210171    
20160921230042113210341    
20160921230042113220011    
20160921230042113230072    
20160921230042113230091    
20160921230042113230111    
20160921230730135010011    
20160921230730135010021    
20160921230730135010341    
20160921230730135050015    
20160921230730135040011    
20160921231005139110011    
20160921231005139120011    
20160921231218137010012    
20160921231218137010022    
20160921231218137010031    
20160921231218137010073    
20160921231218137010083    
20160921231218137010172    
20160921231218137010341    
20160921231947109610012    
20160921231947109610022    
20160921231947109610341    
20160921231947109620011    
20160921231947109630011    
20160921232843137610011    
20160921232843137610021    
20160921232843137610341    
20160921233051102510011    
20160921233051102510021    
20160921233051102510341    
20160921233051102520011    
20160921233230131110011    
20160921233230131110021    
20160921233230131110173    
20160921233230131110181    
20160921233230131110341    
20160921234502130810012    
20160921234502130810022    
20160921234502130810102    
20160921234711135710011    
20160921234711135710021    
20160921234711135730011    
20160921235602119410012    
20160921235602119410022    
20160921235602119420151    
20160921235804133810501    
20160921235804133810021    
20160921235911106710011    
20160921235911106710021    
20160921235911106710101    
20160921235911106720011    
20160922001217100210011    
20160922001313135810011    
20160922001313135810021    
20160922001313135810031    
20160922001313135820012    
20160922001313135820151    
20160922001313135820251    
20160922002308128110013    
20160922002308128110023    
20160922002308128120011    
20160922002308128110342    
20160922002433138610011    
20160922002433138610031    
20160922002433138620151    
20160922002433138610172    
20160922002433138610341    
20160922002845136410012    
20160922002845136410022    
20160922002845136420011    
20160922002845136410173    
20160922002845136420251    
20160922002927103310502    
20160922002927103310022    
20160922002927103310032    
20160922002927103320011    
20160922002927103320071    
20160922003343103210012    
20160922003343103230013    
20160922003343103210342    
20160922003748117210012    
20160922003748117210032    
20160922003751139410174    
20160922003919111210011    
20160922003919111210021    
20160922005058114610013    
20160922005058114610023    
20160922005058114610031    
20160922005058114610102    
20160922005058114630011    
20160922005058114620071    
20160922010401118410011    
20160922010401118410021    
20160922011046131510011    
20160922011046131510172    
20160922012521104710012    
20160922012521104720011    
20160922012521104710341    
20160922012946136810012    
20160922012946136810341    
20160922012946136810173    
20160922013528101510011    
20160922013528101510021    
20160922013528101510341    
20160922013528101520011    
20160922013656111710012    
20160922013656111710022    
20160922013656111710066    
20160922013656111710101    
20160922014740137510012    
20160922014740137510022    
20160922014740137510031    
20160922014740137510341    
20160922014740137520141    
20160922015542101210502    
20160922015542101210341    
20160922015542101230011    
20160922015542101220011    
20160922015759135210011    
20160922015759135210021    
20160922015759135210032    
20160922015759135220111    
20160922022016134010011    
20160922022016134010021    
20160922022016134010041    
20160922022016134010062    
20160922022016134010173    
20160922022939105410011    
20160922022939105410341    
20160922043054121610171    
