20160211194327107210021    
20160211194327107210171    
20160211194327107210252    
20160211194327107210342    
20160211194327107210421    
20160211194327107210661    
20160211194327107215191    
20160211194327107215331    
20160211194327107230193    
20160211194327107230251    
20160211211339103710174    
20160211211339103710253    
20160211211339103710303    
20160211211339103710491    
20160211211339103710661    
20160211211339103710681    
20160211211339103710791    
20160211211339103710801    
20160211211339103715351    
20160211211339103720021    
20160211211339103720161    
20160211211339103720261    
20160211211339103725113    
20160211211339103730111    
20160211221702107510101    
20160211221702107510122    
20160211221702107510173    
20160211221702107510256    
20160211221702107510305    
20160211221702107510623    
20160211221702107510651    
20160211221702107510671    
20160211221702107510681    
20160211221702107515212    
20160211221702107530033    
20160211221850103810123    
20160211221850103810302    
20160211221850103810323    
20160211221850103810361    
20160211221850103810471    
20160211221850103810627    
20160211221850103810632    
20160211221850103810661    
20160211221850103810681    
20160211221850103810881    
20160211221850103815351    
20160211221850103815371    
20160211221850103820021    
20160211221850103830015    
20160211221850103830111    
20160211221850103830251    
20160211221850103830331    
20160211221850103830361    
20160211221850103830431    
20160211221850103830501    
20160211221850103830723    
20160211221850103830731    
20160211221850103830743    
20160211225705104010174    
20160211225705104010253    
20160211225705104010304    
20160211225705104010651    
20160211225705104010661    
20160211225705104015041    
20160211225705104015071    
20160211225705104020011    
20160211225705104020262    
20160211225705104025092    
20160211225705104030251    
20160211225705104030392    
20160211225705104030401    
20160211232923109710125    
20160211232923109710432    
20160211232923109710471    
20160211232923109715241    
20160211232923109715261    
20160211232923109715371    
20160211232923109715401    
20160211232923109720402    
20160211232923109725011    
20160211232923109740351    
201602112356111097301910   
20160211235826107310323    
20160211235826107310661    
20160211235826107310861    
20160211235826107315351    
20160211235826107330331    
20160211235826107330571    
20160212000736104310305    
20160212000736104310345    
20160212000736104310651    
20160212000736104310681    
20160212000736104310861    
20160212000736104310881    
20160212000736104315071    
20160212000736104315371    
20160212000736104320051    
20160212000736104330015    
20160212000736104330055    
20160212000736104330691    
20160212000736104330701    
20160212001129103910071    
20160212001129103910305    
20160212001129103910431    
20160212001129103910651    
20160212001129103910861    
20160212001129103915091    
20160212001129103915401    
20160212001129103920171    
20160212001129103925121    
20160212001129103925231    
20160212001129103930055    
20160212001129103930111    
20160212001129103930271    
20160212001129103930691    
20160212001129103930701    
20160212002544106710212    
20160212002544106710221    
20160212002544106710271    
20160212002544106710345    
20160212002544106710351    
20160212002544106710372    
20160212002544106710626    
20160212002544106710651    
20160212002544106710683    
20160212002544106710863    
20160212002544106720011    
20160212002544106720042    
20160212002544106730081    
201602120025441067301912   
201602120025441067302012   
20160212002544106730691    
20160212002544106730701    
20160212004746109110322    
20160212004746109130013    
20160212004746109130031    
20160212004746109130042    
20160212004746109130195    
20160212004746109130381    
20160212005055105910128    
201602120050551059102515   
20160212005055105910273    
20160212005055105910323    
20160212005055105910351    
20160212005055105910471    
20160212005055105910611    
201602120050551059106210   
20160212005055105910625    
20160212005055105910661    
20160212005055105910682    
20160212005055105910821    
20160212005055105915031    
20160212005055105915371    
20160212005055105915401    
20160212005055105915422    
20160212005055105920241    
20160212005055105920404    
20160212005055105930035    
20160212005055105930053    
20160212005055105930192    
20160212005055105930203    
20160212005055105930395    
20160212005055105930402    
20160212005055105930431    
20160212005055105930521    
20160212005055105930561    
20160212005055105930691    
20160212005055105930701    
20160212005055105940266    
20160212005055105940276    
20160212010528108810625    
20160212010528108810651    
20160212010528108810681    
20160212010528108820461    
20160212010528108830015    
20160212010528108830111    
20160212010528108830671    
20160212012202109310071    
20160212012202109310881    
20160212012202109315401    
20160212012202109330015    
201602120122021093300510   
20160212012202109330302    
20160212012202109330322    
20160212012202109330332    
20160212012202109330412    
20160212013426102310681    
20160212013426102310791    
20160212013426102310801    
20160212013426102315251    
20160212013426102320161    
201602120134261023202012   
20160212013426102325251    
20160212013426102325261    
20160212013426102330271    
20160212013426102330491    
20160212014043106110345    
20160212014043106110652    
20160212014043106125041    
20160212014043106130015    
20160212014137102510252    
20160212014137102510271    
20160212014137102510301    
20160212014137102510322    
20160212014137102510344    
20160212014137102510361    
20160212014137102510623    
20160212014137102510652    
20160212014137102510861    
20160212014137102515071    
20160212014137102515131    
20160212014137102515161    
20160212014137102515401    
20160212014137102530052    
20160212014137102530081    
20160212014137102530195    
20160212014137102530205    
20160212015752101730671    
20160212020517108710271    
20160212020517108710303    
201602120205171087103410   
20160212020517108710661    
20160212020517108710681    
20160212020517108715031    
20160212020517108715111    
20160212020517108715131    
20160212020517108715161    
20160212020517108715331    
20160212020517108730035    
20160212020517108730251    
20160212020517108730561    
20160212020645110210122    
20160212020645110210305    
20160212020645110210421    
20160212020645110210622    
20160212020645110210841    
20160212020645110215461    
20160212020645110220083    
20160212020645110230192    
20160212020645110230202    
20160212020645110230251    
20160212020645110230392    
20160212020645110230401    
20160212035945102910101    
201602120359451029102515   
20160212035945102910273    
20160212035945102910345    
20160212035945102910471    
20160212035945102910625    
20160212035945102910633    
20160212035945102910863    
20160212035945102915243    
20160212035945102915371    
20160212035945102920011    
20160212035945102920021    
201602120359451029300110   
20160212035945102930251    
20160212035945102930381    
20160212035945102930505    
20160212035945102930562    
20160212035945102940141    
