20160614213156411716023    
201606142131564117160315   
20160614213156411716043    
201606142259544163110210   
20160614225954416345014    
20160614231612420411025    
20160614231612420416033    
20160614231612420432031    
201606142333394191110210   
20160614233339419116035    
20160614233339419132031    
20160614233339419132051    
20160615000220410211025    
20160615000220410215012    
20160615000220410216033    
20160615000220410245011    
20160615001033413711025    
20160615001033413716035    
20160615001033413731021    
20160615010231416211025    
20160615010231416216025    
20160615010231416216035    
20160615010231416216045    
20160615010231416251131    
20160615012458411211025    
20160615012458411231041    
201606150244094215110220   
20160615024409421531062    
