201605061956530020000410   
20160506195653002000741    
20160506195653002000761    
20160506195653002006321    
201605062254160040001110   
20160506225416004000585    
20160506225416004000761    
20160506225416004006015    
201605062354550678000450   
20160506235455067801111    
20160506235455067802182    
201605062354550678060120   
201605062354550678007540   
201605062357170695001140   
20160506235717069500132    
20160506235717069500143    
20160506235717069500585    
20160506235717069501064    
20160506235717069502181    
201605062357170695060120   
201605070006381223001140   
20160507000638122300045    
20160507000638122300073    
20160507000638122306013    
20160507000638122301064    
20160507000638122300133    
20160507000638122300146    
20160507000638122301111    
20160507000638122302181    
20160507000638122300941    
20160507000638122301192    
20160507000638122300421    
20160507012634040000141    
201605070126340400005870   
20160507012634040000713    
20160507012634040000981    
201605070126340400010610   
20160507012634040001114    
20160507012634040002181    
201605070129080744000210   
20160507014625135400042    
201605070146251354001130   
20160507014625135401111    
20160507014625135400711    
20160507014625135400761    
20160507014917135400295    
201605070159380630000415   
20160507015938063001111    
20160507015938063000101    
20160507023402135800355    
20160507023402135800761    
20160507023402135803175    
201605070321420815000220   
2016050703214208150601100  
20160507032142081501381    
201605070653290080000480   
20160507065329008000921    
20160507065329008001117    
20160507065418002801531    
201605070654180028031530   
20160507065534200200144    
20160507065534200200295    
201605070655342002005860   
20160507065534200200712    
201605070655342002010615   
20160507065534200201112    
20160507065534200202181    
20160507065800140100778    
2016050706580014010079150  
201605070658001401008010   
20160507065800140103184    
201605070659300024000415   
20160507065930002400103    
20160507065930002406221    
20160507065930002406241    
20160507070030001600188    
2016050707003000160079200  
201605070700300016008035   
20160507070030001603184    
20160507070818137400045    
20160507070818137400115    
20160507070818137400931    
