20160905191553105110036    
20160905191553105110012    
20160905203628100210036    
20160905203628100220291    
20160905203628100210011    
20160905203628100220263    
20160905203628100220011    
201609052038211002100210   
20160905212250104310013    
20160905212250104310035    
20160905212250104320081    
201609052122501043100210   
20160905212250104320031    
20160906091158100610012    
20160906091158100620021    
20160906091158100610071    
20160906091158100610101    
20160906091158100620081    
201609060911581006100325   
201609060911581006202610   
20160906091158100610081    
201609060911581006100210   
20160906091158100610121    
20160906091158100620011    
20160906091158100620031    
20160906091158100620301    
20160906093636104310034    
20160906114649101510014    
201609061146491015100310   
20160906114649101520081    
20160906114649101520012    
