20160401145531128310012    
20160401145531128310022    
20160401145531128310341    
20160401145531128320011    
20160401145531128320151    
20160401145531128330011    
20160401205606161110012    
20160401205606161110022    
20160401205606161110031    
20160401205606161120241    
20160401205606161120151    
20160401205606161120251    
20160401214140160510012    
20160401214140160510022    
20160401214140160510341    
20160401215239108410012    
20160401215239108410022    
20160401215239108410341    
20160401215556132710011    
20160401215556132710021    
20160401222253132310012    
20160401222253132310022    
20160401222253132320151    
20160401222253132330011    
20160401222253132310341    
20160401223231132210011    
20160401223231132210021    
20160401223443124110011    
20160401223443124110021    
20160401223805164210011    
20160401223805164210021    
20160401223805164220081    
20160401224828150710013    
20160401224828150710023    
20160401224828150710342    
20160401224828150720012    
20160401224828150720141    
20160401224828150720251    
20160401225237132110014    
20160401225237132110024    
20160401225237132110341    
20160401225237132120011    
20160401230602124010011    
20160401230602124010021    
20160401230602124010341    
20160401230602124020011    
20160401232125151210012    
20160401232125151210022    
20160401232125151210341    
20160401232125151220011    
20160401232125151220071    
20160401232923123010011    
20160401232923123010021    
20160401232923123010101    
20160401232923123020011    
20160401233140150410013    
20160401233140150410023    
20160401233140150410343    
20160401233140150420012    
20160401233140150420081    
20160401233140150450012    
20160401233140150430011    
20160401233140150410211    
20160401233541151110015    
20160401233541151110025    
20160401233541151110173    
20160401233541151110342    
20160401233541151120011    
20160401233541151150015    
20160401233615116510011    
20160401233615116510021    
20160401233615116510342    
20160401233615116520011    
20160401233615116520151    
20160401233615116550012    
20160401234444150310501    
20160401234444150310021    
20160401235237133810011    
20160401235237133810021    
20160401235237133820011    
20160401235709150610012    
20160401235709150610022    
20160401235709150610101    
201604012357091506500410   
20160402000230124610012    
20160402000230124610022    
20160402000230124610031    
20160402000230124610342    
20160402000233125010011    
20160402000233125010021    
20160402000233125010341    
20160402000233125030011    
20160402000357162310012    
20160402000357162310022    
20160402000357162310031    
20160402000357162310341    
20160402000709152210011    
20160402000709152210021    
20160402000709152210341    
20160402000950162110012    
20160402000950162110022    
20160402000950162110342    
20160402000950162120011    
20160402000950162120071    
20160402001100110410011    
20160402001100110410021    
20160402001125108110011    
20160402001125108110021    
20160402001220160310013    
20160402001220160310023    
20160402001220160310181    
20160402001220160310341    
20160402001220160320011    
20160402001220160320151    
20160402001539164110012    
20160402001539164110022    
20160402001539164110341    
20160402001539164130131    
20160402001928131410011    
20160402001928131410021    
20160402001928131410341    
20160402002229104210011    
20160402002229104210021    
20160402002229104210341    
20160402002229104230011    
20160402002402163810012    
20160402002402163810022    
20160402002402163810341    
20160402002402163810031    
20160402002402163820251    
20160402003109123110012    
20160402003109123110022    
20160402003109123110101    
20160402003229130610011    
20160402003229130610021    
20160402003229130610031    
20160402003321151510014    
20160402003321151510024    
20160402003321151510192    
20160402003321151510343    
20160402003321151520011    
20160402003321151530011    
20160402003321151510031    
20160402003321151520241    
20160402003532123510011    
20160402003532123510021    
20160402003532123510341    
20160402003532123520191    
20160402003532123520202    
20160402003848150110012    
20160402003848150110022    
20160402003848150110342    
20160402003848150120012    
20160402003848150110063    
20160402003852152410013    
20160402003852152410023    
20160402003852152410081    
20160402003852152410343    
20160402003852152410172    
20160402003852152410181    
20160402003852152420221    
20160402003938127010013    
20160402003938127010023    
20160402003938127010342    
20160402003938127020011    
20160402004316121710012    
20160402004316121710022    
20160402004316121710101    
20160402004331112910011    
20160402004331112910021    
20160402004331112920091    
20160402004839162610011    
20160402004839162610021    
20160402004839162610031    
20160402004839162610192    
20160402004839162610341    
20160402004839162620141    
20160402004839162620151    
20160402005018161510016    
20160402005018161510026    
20160402005018161510031    
20160402005018161510345    
20160402005018161510177    
20160402005018161510181    
20160402005018161520014    
20160402005018161520151    
20160402005018161530011    
20160402005018161540011    
20160402005018161550013    
20160402005042124710011    
20160402005042124710021    
20160402005142134110012    
20160402005142134110022    
20160402005414129310012    
20160402005414129310022    
20160402005414129310031    
20160402005414129330011    
20160402005414129350044    
20160402005701161710012    
20160402005701161710022    
20160402005701161710341    
20160402005701161720011    
20160402005701161720151    
20160402005701161710171    
20160402010011125710011    
20160402010011125710021    
20160402010011125720141    
20160402010011125740011    
20160402010011125730151    
20160402010011125710342    
20160402010436100910013    
20160402010436100910023    
20160402010436100910342    
20160402010436100920251    
20160402010438162610011    
20160402010438162610021    
20160402010522129810501    
20160402010522129810021    
20160402010522129810341    
20160402010522129810171    
20160402010522129810081    
20160402010522129820011    
20160402010522129820151    
20160402010527133310011    
20160402010527133310021    
20160402010527133310031    
20160402010527133320011    
20160402010527133320111    
20160402010527133320151    
20160402010527133350015    
20160402010527133310341    
20160402011001160810012    
20160402011001160810022    
20160402011001160820011    
20160402011001160820151    
20160402011001160810342    
20160402011001160820321    
20160402011338151810012    
20160402011338151810022    
20160402011338151810341    
20160402011956108710012    
20160402011956108710022    
20160402011956108710342    
20160402011956108720151    
20160402012214134510013    
20160402012214134510023    
20160402012214134510103    
20160402012214134520071    
20160402012214134520081    
20160402012214134520091    
20160402012547130210012    
20160402012547130210022    
20160402012547130210101    
20160402012547130210032    
20160402012547130220011    
20160402012611131310012    
20160402012611131310022    
20160402012611131310341    
20160402012659162810011    
20160402012659162810021    
20160402012659162810031    
20160402012659162810341    
20160402012659162820011    
20160402012659162820151    
20160402012659162830011    
20160402012740160410012    
20160402012740160410022    
20160402012740160410342    
20160402012740160420011    
20160402013717121010011    
20160402013717121010021    
20160402013717121010031    
20160402014958130110011    
20160402014958130110021    
20160402014958130110101    
20160402014958130120011    
20160402015028130710011    
20160402015028130710021    
20160402015148118610012    
20160402015148118610022    
20160402015148118620151    
20160402015148118610341    
20160402015524126510012    
20160402015524126510022    
20160402015524126520011    
20160402015524126550031    
20160402015524126510341    
20160402020703121110011    
20160402020703121110021    
20160402020703121120011    
20160402021041128810012    
20160402021041128810022    
20160402021041128810342    
20160402021352123710013    
20160402021352123710023    
20160402021352123710343    
20160402021352123730011    
20160402021534164310011    
20160402021534164310021    
20160402021534164310171    
20160402021534164310211    
20160402021637163710012    
20160402021637163710022    
20160402021637163710101    
20160402021637163720011    
20160402021637163720151    
20160402022226163310031    
20160402022226163310502    
20160402022226163310022    
20160402022226163310341    
20160402022627152610012    
20160402022627152610022    
20160402022627152610032    
20160402022627152610342    
20160402022627152620011    
20160402022627152620151    
20160402023232131210012    
20160402023232131210022    
20160402023232131210344    
20160402023506161210012    
20160402023506161210022    
20160402023506161210342    
20160402023506161220011    
20160402023749152810012    
20160402023749152810022    
20160402023749152810031    
20160402023749152810341    
20160402023749152830011    
20160402030537162510013    
20160402030537162510023    
20160402030537162520151    
20160402030537162530011    
20160402030537162510342    
20160402031257104410011    
20160402031257104410021    
20160402031257104410341    
20160402031655130410012    
20160402031655130410022    
20160402031655130410031    
20160402031655130410171    
20160402031655130410342    
20160402031655130420011    
20160402031655130420151    
20160402033454134010012    
20160402033454134010022    
20160402033454134020141    
