20160517234403300210174    
20160517234403300210254    
20160517234403300210305    
20160517234403300210861    
20160517234403300215371    
20160517234403300215421    
20160517234403300215461    
20160517234403300230014    
20160517234403300230054    
20160517234403300230723    
20160518001518300610011    
20160518001518300610101    
201605180015183006102520   
201605180015183006102718   
20160518001518300610351    
201605180015183006106220   
201605180015183006106310   
20160518001518300610652    
20160518001518300610862    
20160518001518300615042    
20160518001518300615291    
20160518001518300615401    
20160518001518300620101    
20160518001518300620112    
201605180015183006202036   
20160518001518300620262    
20160518001518300620381    
20160518001518300620402    
20160518001518300625021    
20160518001518300625041    
20160518001518300625102    
20160518001518300625161    
20160518001518300630113    
20160518001518300630271    
20160518001518300630381    
20160518001518300630531    
20160518001518300640041    
20160518001518300640051    
20160518013523300810276    
20160518013523300810324    
20160518013523300810611    
20160518013523300810682    
20160518013523300810861    
20160518013523300810871    
20160518013523300810881    
20160518013523300820332    
20160518013523300820402    
20160518013523300830035    
20160518013523300830241    
20160518042717300410125    
20160518042717300410173    
20160518042717300410253    
20160518042717300410304    
20160518042717300410345    
20160518042717300410382    
20160518042717300410625    
20160518042717300410861    
20160518042717300415071    
20160518042717300415161    
20160518042717300420101    
20160518042717300420161    
201605180427173004202012   
20160518042717300420311    
20160518042717300420331    
20160518042717300425071    
20160518042717300425092    
20160518042717300425101    
20160518042717300425112    
20160518042717300430015    
20160518042717300430031    
20160518042717300430112    
20160518042717300430251    
20160518042717300430326    
20160518042717300430461    
