20160908123930161960001    
20160908123930161960091    
20160908123930161960381    
20160908124027022040001    
20160908124027022050102    
20160908124741430440001    
20160908124741430450103    
20160908124741430450151    
20160908124741430460002    
20160908124741430460012    
20160908124741430460042    
20160908124741430460062    
20160908124741430460112    
20160908124741430460321    
20160908124741430460331    
20160908124741430460382    
20160908124917162040031    
20160908124917162060001    
20160908124917162060394    
20160908125040810960001    
20160908125040810960091    
20160908125221500540001    
20160908125221500550101    
20160908125221500560091    
20160908125221500560461    
