20160901195226528711521    
20160901195226528722185    
20160901195226528711612    
20160901195226528710171    
20160901195226528710291    
20160901195226528711621    
20160901195226528711991    
20160901195226528711141    
20160901195226528723013    
20160901195226528710921    
20160901195226528725092    
20160901195226528710328    
20160901195226528710311    
20160901195226528710353    
20160901195226528711423    
20160901195226528710391    
20160901195226528722991    
20160901195226528710335    
20160901195226528710343    
20160901203021395911274    
20160901203021395911333    
20160901203021395911415    
20160901203021395911425    
20160901203021395911611    
20160901203021395911741    
20160901203021395911961    
20160901203021395911992    
20160901203021395920141    
20160901203021395910091    
20160901203021395910101    
20160901203021395910391    
20160901203021395910461    
20160901203021395910496    
20160901203021395910741    
20160901203021395910751    
20160901203021395910901    
20160901203021395911031    
20160901203021395911141    
20160901203021395911121    
20160901203021395925073    
