20160529123021100510022    
20160529123021100510031    
20160529123021100510051    
20160529123021100510131    
20160529123021100510185    
20160529123021100520001    
20160529123021100520024    
201605291230211005200610   
20160529123021100520102    
20160529123021100540001    
20160529123021100540012    
20160529123021100541071    
20160529123021100540151    
20160529123021100550012    
20160529162050103010165    
20160529162050103010222    
20160529162050103010261    
20160529162050103020022    
20160529162050103020031    
20160529162050103020051    
20160529162050103020103    
20160529162050103030021    
20160529162050103030071    
20160529162050103040051    
20160529162050103041032    
20160529170302102010021    
20160529170302102010031    
20160529170302102010041    
20160529170302102010061    
20160529170302102010081    
20160529170302102010133    
20160529170302102010185    
20160529170302102010202    
20160529170302102010224    
20160529170302102010262    
20160529170302102020001    
20160529170302102020051    
20160529170302102020072    
20160529170302102030042    
20160529170302102040052    
20160529170302102041032    
20160529170302102041041    
20160529170703100110021    
20160529170703100110031    
20160529170703100110041    
20160529170703100110061    
20160529170703100110131    
20160529170703100110188    
20160529170703100110202    
20160529170703100110222    
20160529170703100120013    
20160529170703100120026    
20160529170703100120041    
20160529170703100120056    
20160529170703100120065    
20160529170703100120072    
20160529170703100120106    
20160529170703100140052    
20160529170703100140061    
20160529170703100140191    
20160529170703100141031    
20160529170703100141041    
20160529170703100141051    
20160529170703100141071    
20160529184032111120023    
20160529184032111177931    
20160529185207103410041    
20160529185207103410133    
20160529185207103410185    
20160529185207103410222    
20160529185207103431031    
20160529185207103440099    
20160529185207103441033    
20160529191708203910021    
20160529191708203910032    
20160529191708203910042    
20160529191708203910135    
20160529191708203910203    
20160529191708203920025    
20160529191708203920085    
20160529191708203940071    
20160529191708203940191    
20160529191708203941033    
20160529191708203977792    
20160529191708203977801    
20160529191708203977811    
20160529200435203710021    
20160529200435203710031    
20160529200435203710041    
20160529200435203710182    
20160529200435203710202    
20160529200435203710222    
20160529200435203720001    
20160529200435203720011    
20160529200435203720021    
20160529200435203720041    
20160529200435203720051    
20160529200435203720071    
20160529200435203730121    
20160529200435203740151    
20160529200435203741033    
20160529200435203750011    
20160529202018204010041    
20160529202018204010131    
20160529202018204010181    
20160529202018204010221    
20160529202018204020021    
20160529202018204030061    
20160529202018204040061    
20160529202018204040151    
20160529202018204041032    
20160529202018204050011    
20160529203040203310182    
20160529203040203310201    
20160529203040203310221    
20160529203040203310261    
20160529203040203320011    
20160529203040203320022    
20160529203040203320081    
20160529203040203330041    
20160529203040203340012    
20160529203040203340191    
20160529203040203341033    
20160529203315102810031    
20160529203315102820061    
20160529203315102830121    
20160529203315102831031    
20160529203315102841031    
20160529203509204210021    
20160529203509204210042    
20160529203509204210132    
20160529203509204210182    
20160529203509204210191    
20160529203509204210202    
20160529203509204210222    
20160529203509204210261    
20160529203509204220001    
20160529203509204220021    
20160529203509204230043    
20160529203509204230061    
20160529203509204230071    
20160529203509204240002    
20160529203509204240013    
20160529203509204240052    
20160529203509204241032    
20160529203509204241041    
20160529203509204241051    
20160529203516202510021    
201605292035162025100320   
20160529203516202510041    
20160529203516202510131    
201605292035162025101810   
20160529203516202510201    
20160529203516202510223    
20160529203516202510262    
20160529203516202520001    
20160529203516202520021    
20160529203516202520062    
20160529203516202520101    
20160529203516202530121    
20160529203516202540051    
20160529203516202540091    
20160529203516202540151    
20160529203516202541032    
20160529203516202541041    
20160529204551400310011    
20160529204551400310027    
201605292045514003100340   
20160529204551400310041    
20160529204551400310051    
20160529204551400310061    
20160529204551400310136    
20160529204551400310185    
20160529204551400310205    
20160529204551400310223    
20160529204551400320011    
20160529204551400320022    
20160529204551400320063    
201605292045514003300410   
20160529204551400330121    
201605292045514003310360   
201605292045514003400120   
20160529204551400340093    
201605292045514003410312   
201605292050012049100330   
20160529205001204910091    
20160529205001204910132    
20160529205001204920002    
20160529205001204920011    
20160529205001204920021    
20160529205001204920051    
20160529205001204940111    
20160529205001204941031    
20160529205001204941041    
20160529210331104110011    
20160529210331104110021    
201605292103311041100320   
20160529210331104110132    
20160529210331104110202    
20160529210331104110222    
20160529210331104110261    
20160529210331104130121    
201605292103311041310320   
20160529210331104140031    
20160529210331104140051    
20160529210331104140191    
20160529210331104141032    
20160529210331104141041    
201605292110531045100320   
20160529211053104510204    
20160529211053104510221    
20160529211053104520012    
20160529211053104520022    
20160529211053104520041    
20160529211053104520054    
20160529211053104540002    
20160529211053104540012    
20160529211053104540022    
20160529211053104540191    
20160529211053104541034    
201605292110531045500410   
20160529211053104560071    
20160529211451103610011    
20160529211451103610021    
201605292114511036100320   
20160529211451103610051    
201605292114511036101310   
20160529211451103610185    
20160529211451103610192    
20160529211451103610202    
20160529211451103610225    
20160529211451103620003    
20160529211451103620011    
20160529211451103620021    
20160529211451103620072    
20160529211451103620082    
20160529211451103620101    
20160529211451103641033    
20160529211451103641051    
20160529212219202910021    
20160529212219202910031    
20160529212219202910131    
20160529212219202910191    
20160529212219202910202    
20160529212219202910223    
20160529212219202910261    
20160529212219202920051    
20160529212219202920073    
20160529212219202940151    
20160529212219202941032    
20160529214811102010131    
20160529214811102041031    
20160529214817203510021    
201605292148172035100320   
20160529214817203510041    
20160529214817203510051    
20160529214817203510081    
20160529214817203510132    
20160529214817203510186    
20160529214817203510201    
20160529214817203520062    
20160529214817203520071    
201605292148172035310310   
20160529214817203540151    
20160529214817203541033    
20160529214817203541041    
201605292154461040100320   
20160529215446104010042    
20160529215446104010182    
20160529215446104010202    
20160529215446104010221    
20160529215446104020011    
20160529215446104020061    
20160529215446104040002    
20160529215446104040013    
20160529215446104040021    
20160529215446104040031    
20160529215446104040151    
20160529215446104041032    
20160529215446104041041    
20160529215446104050011    
20160529215513104210021    
20160529215513104210041    
20160529215513104210061    
20160529215513104210202    
20160529215513104230061    
201605292155131042310320   
20160529215513104240001    
20160529215513104240012    
20160529215513104240021    
20160529215513104241032    
20160529215513104241071    
20160529221828204920101    
20160529225020103310011    
20160529225020103310021    
20160529225020103310041    
20160529225020103310135    
20160529225020103320011    
20160529225020103320022    
20160529225020103320041    
20160529225020103320052    
20160529225020103320073    
20160529225020103340012    
20160529225020103340021    
20160529225020103340052    
20160529225020103340071    
20160529225020103340151    
20160529225020103310031    
20160529225020103320001    
20160529225020103320101    
20160529225020103310201    
20160529225020103341033    
20160529225020103341041    
201605292250201033310320   
20160529225020103310261    
20160529225020103340191    
20160529225204103510011    
20160529225204103510021    
20160529225204103510031    
20160529225204103520022    
20160529225204103520071    
20160529225204103531031    
20160529225204103540013    
20160529225204103540022    
20160529225204103540091    
20160529225204103541032    
20160529225204103541051    
20160529225204103541071    
201605292252041035500910   
20160529234601103710022    
201605292346011037100320   
20160529234601103710041    
20160529234601103710051    
20160529234601103710061    
20160529234601103710131    
20160529234601103710184    
20160529234601103710202    
20160529234601103710222    
20160529234601103710262    
20160529234601103720016    
20160529234601103720062    
20160529234601103720081    
20160529234601103720101    
20160529234601103731031    
20160529234601103740002    
20160529234601103740016    
20160529234601103740024    
20160529234601103741033    
20160529234601103760071    
20160530000124204510022    
20160530000124204510042    
20160530000124204510135    
20160530000124204510203    
20160530000124204510222    
20160530000124204510262    
20160530000124204520061    
20160530000124204530043    
20160530000124204530121    
20160530000124204540052    
20160530000124204540071    
20160530000124204540111    
20160530000124204541033    
