20160817175415400720012    
20160817175415400720041    
20160817175415400720061    
20160817175415400720701    
20160817210728502220014    
20160817213442603220015    
20160817215446609320013    
20160817215446609320063    
20160817215446609320073    
20160817215446609320681    
20160817224827603020012    
20160818002001505220011    
20160818002001505220061    
20160818002001505220071    
20160818002001505240192    
20160818002001505240251    
20160818005545600220017    
20160818005545600220061    
20160818012450607020012    
20160818012450607020071    
20160818013956606020012    
20160818013956606020071    
20160818013956606020681    
20160818025527604220012    
20160818025527604220062    
20160818025527604240251    
