201603292334420901006315   
20160329233442090100711    
20160329233442090101113    
201603292334420901031730   
201603292342490040001120   
20160329234249004000585    
20160329234249004000761    
20160329234249004001111    
20160329234249004006015    
201603300022590400005830   
20160330002259040000711    
20160330002259040000981    
20160330002259040001111    
201603300037390678000420   
20160330003739067801112    
201603300037390678060110   
201603300037390678007515   
20160330004507135400042    
201603300045071354001130   
20160330004507135402181    
20160330004507135401111    
20160330004507135401191    
201603300049161343000415   
20160330004916134300143    
20160330004916134306011    
20160330004916134300761    
20160330004916134300921    
20160330012411063600625    
201603300124110636060110   
201603300237200744000210   
20160330024249063001062    
201603300242490630000425   
20160330024249063001111    
20160330024814001800115    
20160330024814001800141    
20160330024814001800041    
201603300314000815000220   
201603300314000815060110   
20160330035523131000115    
201603300707150080000450   
20160330070801142301111    
201603300708011423031710   
20160330070834200200112    
20160330070834200200142    
201603300708342002005815   
20160330070834200201065    
20160330070834200201111    
20160330070909001100131    
201603300709090011003820   
20160330070909001100724    
201603300709480012003812   
20160330070948001200993    
20160330070948001201193    
20160330071031002500595    
201603300710551427004410   
201603300710551427031515   
201603300711111413031510   
201603300711450005001110   
20160330071145000500131    
20160330071145000500141    
20160330071145000501071    
20160330071145000501111    
20160330071145000501191    
201603300712120031031510   
201603300712361401007960   
201603300713211437007915   
20160330071321143700805    
201603300713471353000410   
20160330071347135300142    
20160330071347135300921    
201603300714020024000410   
