20160909210558900630033    
20160909210558900660141    
20160909210558900660151    
20160909212556502210041    
20160909212556502230011    
20160909212556502230031    
20160909212556502230071    
20160909212556502230151    
20160909212556502230281    
20160909212556502240092    
20160909212556502250031    
20160909212556502260221    
20160909220322606212631    
20160909220322606230312    
20160909220322606250022    
20160909220322606250031    
20160909220322606270133    
20160909225304606710051    
20160909225304606730033    
20160909225304606730282    
20160909225304606740071    
20160909225304606740111    
20160909225526603010041    
20160909225526603030281    
20160909225526603050051    
20160909225526603060051    
20160909225526603070161    
20160909230628505230121    
20160909230628505240081    
20160909230628505240111    
20160909232056100210052    
20160909232056100230045    
20160909232056100230261    
20160909232056100230881    
20160909232056100250021    
20160909232056100290371    
20160910010226602430191    
20160910010226602430283    
20160910010226602450021    
20160910010226602450031    
20160910010440606030011    
20160910010440606030211    
20160910010440606030291    
20160910010440606040012    
20160910015207601910041    
20160910015207601910051    
20160910015207601930031    
20160910015207601930121    
20160910015207601930281    
20160910015207601930352    
20160910015304302010053    
20160910015304302030033    
20160910015304302030044    
20160910015304302030071    
20160910015304302030151    
20160910015304302030181    
20160910015304302030283    
20160910015304302030311    
20160910015304302030352    
20160910015304302030401    
20160910015304302050022    
20160910015304302050032    
20160910015304302060054    
20160910015304302060092    
20160910020013606530042    
20160910020013606530032    
20160910020013606510054    
20160910020013606550021    
20160910020013606550031    
20160910020013606530282    
20160910020013606510041    
20160910020603607030422    
20160910023239600230031    
20160910023239600230043    
20160910023429300110052    
20160910023429300160031    
20160910024644604210051    
20160910024644604220041    
20160910024644604230101    
20160910024644604230281    
20160910024644604240111    
20160910024644604240131    
20160910024644604250011    
20160910024644604250032    
20160910024644604260221    
20160910024644604270013    
