20161024001310400210121    
20161024001310400210303    
20161024001310400210322    
20161024001310400210623    
20161024001310400210651    
20161024001310400210861    
20161024001310400215041    
20161024001310400215371    
20161024001310400217031    
20161024001310400220011    
20161024001310400220052    
20161024001310400220401    
20161024001310400220461    
20161024001310400230042    
20161024001310400230111    
20161024001310400230361    
20161024001310400230381    
20161024001310400230441    
20161024001310400230452    
20161024001310400230601    
20161024001310400230611    
20161024001310400230891    
20161024001310400230921    
20161024005440400110121    
20161024005440400110322    
20161024005440400110345    
20161024005440400110625    
20161024005440400110681    
20161024005440400110871    
20161024005440400115351    
20161024005440400130043    
20161024005440400130331    
20161024005440400130581    
20161024005440400130612    
20161024005440400130921    
