201605272302071241010130   
20160527230207124101082    
20160527230207124103072    
20160527230207124102282    
20160527230207124102295    
20160527230207124151501    
20160527230207124102525    
201605272334291302010110   
20160527233429130203061    
20160527233429130202202    
20160527233429130202611    
201605280003571205010120   
20160528000357120501131    
20160528000357120501191    
20160528000357120501443    
20160528000357120502132    
20160528000357120502522    
20160528000357120503081    
20160528000357120560851    
201605280044501296010110   
20160528004450129601071    
20160528004450129601356    
20160528004450129602116    
20160528004450129603072    
201605280046001306010110   
20160528004600130602071    
20160528004600130601191    
20160528004600130601353    
20160528004600130602522    
201605280115571251010120   
20160528011557125101051    
20160528011557125101071    
201605280115571251014710   
20160528011557125102071    
201605280115571251021110   
20160528011557125102242    
20160528011557125113031    
20160528011557125113051    
201605280122261212010110   
20160528012226121201041    
20160528012226121201051    
20160528012226121201131    
20160528012226121201141    
20160528012226121203081    
20160528012226121202115    
20160528012226121203175    
20160528012226121201445    
20160528012226121202525    
201605280122261212014810   
20160528013958130501015    
20160528013958130502115    
20160528013958130503175    
20160528013958130501353    
20160528013958130501473    
20160528013958130502672    
201605280201121290010125   
20160528020112129001041    
20160528020112129001131    
20160528020112129001141    
20160528020112129003062    
20160528020112129003081    
20160528020112129002203    
20160528020112129013112    
20160528020112129001391    
201605280242571300010120   
20160528024257130003072    
20160528024257130001201    
20160528024257130002115    
20160528024257130002161    
20160528024257130003175    
20160528024257130060011    
20160528024257130001355    
20160528024257130001445    
201605280242571300014710   
20160528024257130002621    
20160528024257130002682    
20160528024257130002781    
20160528024257130002831    
201605280336501237010120   
20160528033650123701071    
20160528033650123701131    
20160528033650123701141    
20160528033650123703011    
20160528033650123703062    
20160528033650123703071    
20160528033650123703081    
20160528033650123701201    
201605280336501237021116   
20160528033650123702221    
20160528033650123702192    
20160528033650123702231    
20160528033650123703175    
20160528033650123701343    
20160528033650123702522    
20160528033650123701473    
20160528033650123702532    
20160528033650123702823    
201605280438571310010110   
20160528043857131001141    
201605280438571310021110   
20160528043857131002242    
20160528043857131002525    
20160528043857131001475    
