20160721154207301611014    
20160721154207301611022    
20160721154207301611032    
20160721154207301611061    
20160721173746100411012    
20160721173746100411021    
20160721174719200111013    
20160721174719200111022    
20160721175701100711012    
20160721175701100711021    
20160721175701100711051    
20160721175701100712031    
20160721181742200711011    
20160721181742200711021    
20160721181742200712031    
20160721182219100211022    
20160721182219100211012    
20160721182735302011013    
20160721182735302011022    
20160721182736201411012    
20160721182736201411021    
20160721182736201412031    
20160721190205302311012    
20160721190205302311021    
20160721190205302312031    
20160721190430101011012    
20160721190430101011021    
201607211904301010111120   
20160721190804101011011    
20160721190804101011021    
20160721190813301511013    
20160721190813301511022    
20160721190813301511031    
20160721190813301511061    
20160721190813301512071    
20160721190813301511141    
20160721191924200611012    
20160721191924200611021    
20160721195136102011011    
20160721195136102011021    
20160721195928201011021    
20160721195928201011012    
20160721195944300711021    
20160721195944300711012    
20160721195944300711132    
20160721200206101911012    
20160721200206101911021    
20160721200206101911031    
20160721200334101211012    
20160721200334101211022    
20160721200334101211062    
20160721200334101211051    
20160721200401101212031    
20160721204821100311061    
201607212048211003111110   
20160721205433102611013    
20160721205433102611021    
20160721205433102611051    
20160721205433102611061    
201607212054331026111130   
20160721205433102612031    
20160721210024100311011    
20160721210024100311031    
