20161208122714100510011    
20161208122714100510022    
20161208122714100510031    
20161208122714100510051    
20161208122714100510081    
20161208122714100510131    
20161208122714100510161    
20161208122714100510185    
20161208122714100510223    
20161208122714100510262    
20161208122714100520001    
20161208122714100520065    
20161208122714100540002    
20161208122714100540013    
20161208122714100540021    
20161208122714100540031    
20161208122714100540052    
20161208122714100540091    
20161208122714100540151    
20161208122714100541035    
20161208122714100541041    
20161208122714100541051    
20161208122714100541071    
20161208132510100810011    
20161208132510100810021    
20161208132510100810042    
20161208132510100810131    
20161208132510100810188    
20161208132510100810202    
20161208132510100810222    
20161208132510100810262    
20161208132510100840002    
20161208132510100840017    
20161208132510100840021    
20161208132510100840051    
20161208132510100840151    
20161208132510100841035    
20161208143505202810011    
20161208143505202810021    
20161208143505202810041    
20161208143505202810051    
20161208143505202810081    
20161208143505202810222    
20161208143505202840031    
20161208143505202841034    
20161208145459103010011    
20161208145459103010021    
20161208145459103010183    
20161208145459103010222    
20161208145459103020001    
20161208145459103030021    
20161208145459103040031    
20161208145459103040052    
20161208145459103041033    
20161208182736100110021    
20161208182736100110031    
20161208182736100110041    
20161208182736100110132    
20161208182736100110188    
20161208182736100110203    
20161208182736100110224    
20161208182736100110266    
20161208182736100120001    
20161208182736100140052    
20161208182736100140151    
20161208182736100141036    
20161208182736100141041    
20161208182736100141051    
20161208182847204410011    
201612081828472044100320   
20161208182847204410041    
20161208182847204410051    
20161208182847204410081    
20161208182847204410135    
20161208182847204410201    
20161208182847204410221    
20161208182847204410261    
20161208182847204420061    
201612081828472044310320   
20161208182847204440002    
20161208182847204440015    
20161208182847204440022    
20161208182847204440051    
20161208182847204440151    
20161208182847204441032    
20161208182847204441042    
20161208182847204441051    
20161208182847204441061    
20161208182847204441071    
20161208182847204450011    
20161208182847204450095    
20161208185734103410032    
20161208185734103410042    
20161208185734103410137    
20161208185734103410186    
20161208185734103410203    
20161208185734103410224    
20161208185734103410262    
20161208185734103430043    
20161208185734103441036    
20161208190139100120021    
20161208190223202510011    
20161208190223202510022    
201612081902232025100320   
20161208190223202510041    
20161208190223202510132    
20161208190223202510184    
20161208190223202510202    
20161208190223202510223    
20161208190223202510262    
20161208190223202530121    
20161208190223202540051    
20161208190223202540091    
20161208190223202540151    
20161208190223202540191    
20161208190223202541035    
20161208190223202541051    
20161208195020100510182    
20161208195608205010021    
201612081956082050100330   
20161208195608205010042    
20161208195608205010188    
20161208195608205010202    
20161208195608205010221    
20161208195608205010261    
20161208195608205040031    
20161208195608205040051    
20161208195608205040099    
20161208195608205040111    
20161208195608205040151    
20161208195608205041032    
20161208195608205041042    
20161208201224204010022    
20161208201224204010061    
20161208201224204010132    
20161208201224204010182    
20161208201224204010201    
20161208201224204010221    
20161208201224204010261    
20161208201224204020071    
20161208201224204031031    
20161208201224204040021    
20161208201224204040151    
20161208201224204041032    
20161208201224204041041    
20161208201224204050011    
20161208201224204060091    
20161208201534204210011    
20161208201534204210021    
201612082015342042100320   
20161208201534204210042    
20161208201534204210061    
20161208201534204210081    
20161208201534204210133    
20161208201534204210182    
20161208201534204210202    
20161208201534204210222    
20161208201534204210261    
20161208201534204220071    
20161208201534204230043    
20161208201534204240003    
20161208201534204240014    
20161208201534204240052    
20161208201534204241032    
20161208201534204241042    
20161208201534204241051    
20161208201534204241061    
20161208201534204241071    
201612082024192048100319   
20161208202419204810041    
20161208202419204810134    
20161208202419204810201    
20161208202419204810223    
20161208202419204810263    
20161208202419204820001    
20161208202419204840031    
20161208202419204841032    
20161208202419204841041    
20161208202419204877811    
20161208203713104010021    
201612082037131040100330   
20161208203713104010042    
20161208203713104010061    
20161208203713104010202    
20161208203713104010222    
20161208203713104010262    
20161208203713104020001    
20161208203713104040001    
20161208203713104040013    
20161208203713104040031    
20161208203713104040151    
20161208203713104040165    
20161208203713104041032    
20161208203713104041041    
20161208203713104050031    
20161208203713104050095    
20161208203713104077791    
20161208204118102810021    
20161208204118102810031    
20161208204118102810042    
20161208204118102810183    
20161208204118102810202    
20161208204118102810223    
20161208204118102820001    
20161208204118102820062    
20161208204118102820081    
20161208204118102830081    
20161208204118102840031    
20161208204118102841035    
20161208204118102841041    
20161208210021204710021    
20161208210021204710041    
20161208210021204710134    
20161208210021204710183    
20161208210021204710201    
20161208210021204710222    
20161208210021204710261    
20161208210021204730045    
20161208210021204730071    
201612082100212047310315   
20161208210021204740052    
20161208210021204740071    
20161208210021204740191    
20161208210021204741032    
20161208210021204741052    
20161208210021204741061    
20161208210021204741071    
20161208210021204777791    
20161208211210104610021    
201612082112101046100320   
20161208211210104610042    
20161208211210104610081    
20161208211210104610091    
20161208211210104610136    
20161208211210104610181    
20161208211210104610203    
20161208211210104610262    
20161208211210104620082    
20161208211210104630121    
201612082112101046310320   
20161208211210104640002    
20161208211210104640014    
20161208211210104640031    
20161208211210104640052    
20161208211210104640151    
20161208211210104641032    
20161208211210104641041    
20161208211210104641051    
20161208211210104641071    
20161208212312103310011    
20161208212312103310022    
20161208212312103310033    
20161208212312103310041    
20161208212312103310071    
20161208212312103320081    
20161208212312103330121    
201612082123121033310310   
20161208212312103340015    
20161208212312103340022    
20161208212312103340191    
20161208212312103341038    
20161208212312103341041    
20161208212858103610021    
201612082128581036100340   
20161208212858103610041    
20161208212858103610091    
20161208212858103610101    
201612082128581036101310   
20161208212858103610185    
20161208212858103610202    
20161208212858103620062    
20161208212858103630071    
20161208212858103640021    
20161208212858103640153    
201612082128581036401620   
20161208212858103641035    
20161208212858103641061    
20161208214413104510021    
201612082144131045101310   
20161208214413104510181    
20161208214413104510201    
20161208214413104510221    
20161208214413104510261    
20161208214413104530045    
20161208214413104540001    
20161208214413104540014    
20161208214413104540021    
20161208214413104540052    
20161208214413104540152    
20161208214413104541031    
20161208214413104541042    
20161208214413104550013    
20161208215329203710011    
20161208215329203710022    
20161208215329203710031    
20161208215329203710042    
20161208215329203710091    
20161208215329203710101    
20161208215329203710135    
20161208215329203710161    
20161208215329203710187    
20161208215329203710204    
20161208215329203710224    
20161208215329203720071    
20161208215329203731031    
20161208215329203740151    
20161208215329203741035    
20161208215329203741042    
20161208215329203741071    
20161208215329203760071    
20161208220019103510021    
20161208220019103510032    
20161208220019103510201    
20161208220019103510222    
20161208220019103510263    
20161208220019103520081    
20161208220019103531031    
20161208220019103540001    
20161208220019103540013    
20161208220019103540051    
20161208220019103541033    
20161208220019103541041    
20161208223816204510022    
201612082238162045100330   
20161208223816204510042    
20161208223816204510137    
20161208223816204510204    
20161208223816204510225    
20161208223816204510263    
20161208223816204530044    
20161208223816204530121    
201612082238162045310320   
20161208223816204540031    
20161208223816204540111    
20161208223816204540151    
20161208223816204541037    
20161208223816204577791    
20161209002147104110011    
20161209002147104110021    
20161209002147104110042    
20161209002147104110061    
20161209002147104110081    
20161209002147104110133    
20161209002147104110202    
20161209002147104110262    
20161209002147104140031    
20161209002147104141034    
20161209002147104141041    
20161209002147104141051    
201612090054381042100320   
20161209005438104210041    
20161209005438104210134    
20161209005438104210182    
20161209005438104210202    
20161209005438104210222    
20161209005438104210262    
201612090054381042310320   
20161209005438104240001    
20161209005438104240012    
20161209005438104240021    
20161209005438104241032    
20161209005438104241061    
