20160319234712205140701    
20160319234712205140841    
20160319234712205140881    
20160319234712205141082    
20160320184147202640792    
20160320184147202641001    
20160320184147202641041    
201603202240541180200210   
201603202240541180200310   
20160320224054118020121    
20160320224054118020141    
20160320224054118040011    
201603210006061114200150   
20160321000606111420042    
20160321000606111420052    
201603210006061114202710   
201603210006061114202810   
20160321000606111420142    
20160321000606111420123    
201603210006061114201110   
20160321000606111431011    
20160321000606111431051    
20160321004600201240792    
20160321004600201231071    
20160321004600201241002    
20160321004600201241255    
20160321004600201241265    
20160321004600201240881    
20160321012436203940793    
20160321012436203940921    
20160321012436203940931    
20160321012436203941051    
20160321012436203941101    
20160321012436203920115    
20160321012436203941452    
20160321012436203941191    
20160321012436203920141    
20160321012436203930121    
20160321012436203941081    
20160321012436203940881    
20160321012436203941441    
20160321014338115820015    
201603210143381158200210   
201603210143381158200310   
20160321014338115820141    
201603210221121096200115   
20160321022112109620072    
20160321022112109620115    
20160321022112109620141    
20160321022112109630051    
20160321022112109640052    
20160321031202200930121    
20160321031202200940701    
20160321031202200940792    
20160321031202200940841    
20160321031202200941081    
201603210331581014200120   
20160321033158101420041    
20160321033158101420051    
20160321033158101431011    
20160321033158101430052    
