20160701165609339011991    
20160701165609339011331    
20160701165609339011412    
20160701165609339011422    
20160701165609339011621    
20160701165609339010421    
20160701165609339010741    
20160701165609339010322    
20160701165609339025071    
20160701165609339011121    
20160701165609339011162    
20160701165609339010531    
20160701165609339010601    
20160701194439528710231    
20160701194439528722182    
20160701194439528710741    
20160701194439528711993    
20160701194439528723017    
20160701194439528710582    
20160701194439528710151    
201607011944395287103210   
20160701194439528710462    
20160701194439528720351    
20160701194439528722951    
20160701194439528710334    
20160701201950395910022    
20160701201950395910091    
20160701201950395910101    
20160701201950395910271    
20160701201950395910281    
20160701201950395910291    
20160701201950395910302    
20160701201950395910311    
201607012019503959103210   
201607012019503959103310   
20160701201950395910391    
20160701201950395910425    
20160701201950395910461    
20160701201950395910496    
20160701201950395910742    
20160701201950395910751    
20160701201950395910853    
20160701201950395910901    
20160701201950395910961    
20160701201950395911121    
20160701201950395925074    
20160701201950395911141    
20160701201950395925092    
20160701201950395922971    
20160701201950395922991    
20160701201950395922361    
20160701201950395922223    
20160701201950395911181    
20160701201950395911272    
20160701201950395911335    
201607012019503959114210   
20160701201950395911351    
20160701201950395911611    
20160701201950395911641    
20160701201950395911742    
20160701201950395911832    
20160701201950395911961    
20160701201950395912021    
20160701201950395920132    
20160701201950395920701    
20160701201950395920741    
20160701201950395922041    
20160701205328616310031    
20160701205328616310041    
20160701205328616310091    
20160701205328616310272    
20160701205328616310281    
20160701205328616310311    
201607012053286163103220   
20160701205328616310336    
20160701205328616310344    
20160701205328616310551    
20160701205328616310561    
20160701205328616310601    
20160701205328616310631    
20160701205328616310821    
20160701205328616311142    
20160701205328616311251    
20160701205328616311262    
20160701205328616311274    
20160701205328616311301    
201607012053286163113310   
20160701205328616311381    
20160701205328616311426    
20160701205328616311622    
20160701205328616311631    
20160701205328616311661    
20160701205328616311812    
20160701205328616311832    
20160701205328616311841    
20160701205328616311994    
20160701205328616320132    
20160701205328616322521    
20160701205328616322971    
20160701205328616322991    
20160701205328616323016    
20160701205328616325081    
