20160924140530606530042    
20160924140530606530032    
20160924140530606510052    
20160925201437508310012    
20160925201437508330042    
20160925201437508330071    
20160925201437508330121    
20160925201437508330281    
20160925201437508350021    
20160925201437508360031    
20160925212305603930033    
20160925212305603960091    
20160925212305603950021    
20160925212305603950031    
20160925225538609891131    
20160925225538609891224    
20160925225538609891542    
20160925225538609891551    
20160925225538609891562    
20160925225538609891861    
20160925231507605560051    
20160926000601602410061    
20160926000601602410072    
20160926000601602430282    
20160926000601602450021    
20160926003814609410041    
20160926003814609410051    
20160926003814609410061    
20160926003814609410072    
20160926003814609410141    
20160926003814609430031    
20160926003814609450021    
20160926005634500610041    
20160926005749509610051    
20160926005749509630031    
20160926005749509630281    
20160926005749509630422    
20160926005749509640081    
20160926005749509650031    
20160926005749509670021    
20160926005749509670131    
20160926005834509210041    
20160926005834509210051    
20160926005834509230421    
20160926013228604710041    
20160926013228604712571    
20160926013228604730031    
20160926013228604730043    
20160926013228604730263    
20160926013228604760053    
20160926013228604760081    
20160926013228604760091    
