20160710210629508320016    
20160710210629508320041    
20160710210629508320061    
20160710210629508320071    
20160710210629508320121    
20160710212643603920011    
20160710212643603940251    
20160710222000508120012    
20160710222407508120151    
20160710230523400720012    
20160710230523400720061    
20160710234029603220063    
20160710234121605520011    
20160711001521606920012    
20160711001521606920071    
20160711001521606920301    
20160711001521606920681    
20160711011455500620011    
20160711022617505920013    
20160711022617505920061    
20160711022617505920421    
20160711024259603920071    
20160711024555509220012    
20160711024555509220062    
20160711024555509220681    
20160711032535607520012    
20160711032535607520303    
20160711032535607540251    
20160711034200606420013    
20160711034200606420701    
20160711035123301720015    
20160711035123301720061    
20160711035123301720072    
