20160601181235109025261    
20160601184429106910175    
20160601184429106910611    
20160601184429106910682    
20160601184429106910841    
20160601184429106915351    
20160601184429106920161    
20160601184429106925201    
20160601200042109040333    
201606012032311090102510   
20160601203231109010272    
20160601203231109010382    
20160601203231109010422    
201606012032311090106310   
20160601203231109010651    
20160601203231109010861    
20160601203231109030692    
201606012056471081102510   
20160601205647108110323    
20160601205647108110662    
20160601205647108110864    
20160601205647108115163    
20160601205647108115352    
20160601205647108115421    
20160601205647108120011    
20160601205647108120263    
20160601205647108130043    
20160601213940110510271    
20160601213940110510351    
20160601213940110510624    
20160601213940110510634    
20160601213940110510652    
20160601213940110510681    
20160601213940110515071    
20160601213940110515191    
20160601213940110515371    
20160601213940110515421    
20160601213940110525261    
20160601213940110530016    
20160601213940110530204    
20160601213940110530271    
20160601213940110530383    
20160601213940110530452    
20160601213940110530911    
201606012238481003103210   
20160601223848100310421    
20160601223848100310681    
20160601223848100325093    
20160601223848100330921    
20160601223848100330941    
20160601223848100330961    
20160601230016110010255    
20160601230016110010271    
20160601230016110010303    
20160601230016110010345    
20160601230016110010371    
20160601230016110010381    
20160601230016110010681    
20160601230016110020021    
201606012300161100202012   
20160601230016110020311    
20160601230016110025251    
20160601230016110025271    
20160601230016110030015    
20160601230016110030033    
20160601230016110030081    
20160601230016110030111    
20160601230016110030131    
20160601230016110030251    
20160601230016110030271    
20160601230016110030321    
20160601230016110030381    
20160601231418100510381    
20160601231418100520021    
20160601231418100510471    
20160601231418100510491    
20160601231418100515291    
20160601231418100515361    
20160601231418100510303    
20160601231418100510871    
20160601231418100515061    
20160601231418100530272    
20160601231418100530321    
20160601231418100530361    
20160601231418100530381    
20160601231418100530891    
20160601231433108510305    
20160601231433108510381    
20160601231433108510421    
20160601231433108510491    
20160601231433108510611    
20160601231433108510635    
20160601231433108510651    
20160601231433108510661    
20160601231433108510681    
20160601231433108515331    
20160601231433108520071    
20160601231433108530042    
20160601231433108530112    
20160601231433108530271    
20160601231433108530891    
20160601231433108530921    
20160601231840104010141    
20160601231840104010255    
20160601231840104010625    
20160601231840104010651    
20160601231840104010682    
20160601231840104010862    
20160601231840104015071    
20160601231840104015262    
20160601231840104015421    
20160601231840104030015    
20160601231840104030112    
20160601231840104030321    
20160601231840104030691    
20160601231840104030723    
20160601231840104030891    
20160601231840104030921    
20160601231840104030931    
20160601231840104030941    
20160601231840104030961    
20160601235029101610211    
20160601235029101610221    
20160601235029101610253    
20160601235029101610431    
20160601235029101610622    
20160601235029101610632    
20160601235029101620021    
20160601235029101630012    
20160601235029101630031    
20160601235029101630171    
20160601235029101630681    
20160601235430102810255    
20160601235430102810271    
20160601235430102815191    
20160601235430102810681    
20160601235430102815401    
20160601235430102810305    
20160601235430102830042    
20160601235659103110172    
20160601235659103110252    
20160601235659103110302    
20160601235659103110345    
20160601235659103110651    
20160601235659103110661    
20160601235659103115041    
20160601235659103115071    
20160601235659103115131    
20160601235659103120161    
20160601235659103120212    
20160601235659103130013    
20160601235659103130053    
20160601235659103130671    
20160602000835101110122    
20160602000835101110272    
20160602000835101110303    
20160602000835101110431    
20160602000835101110471    
20160602000835101110491    
20160602000835101110625    
20160602000835101110631    
20160602000835101110652    
20160602000835101110661    
20160602000835101110681    
20160602000835101115072    
20160602000835101115161    
20160602000835101115261    
20160602000835101115351    
20160602000835101120201    
20160602000835101120331    
20160602000835101125141    
20160602000835101130015    
20160602000835101130031    
20160602000835101130081    
20160602000835101130271    
20160602000835101130392    
20160602000835101130461    
20160602003403101115401    
20160602003403101130541    
20160602003810100110253    
20160602003810100110635    
20160602003810100110681    
201606020038101001202012   
20160602003858108910101    
20160602003858108910342    
20160602003858108915291    
20160602003858108910123    
20160602003858108910175    
20160602003858108910304    
201606020038581089300110   
20160602003858108930251    
20160602003858108930381    
20160602003858108930671    
20160602004515108015262    
201606020045151080202024   
201606020045151080300120   
20160602004515108030672    
20160602004910108810122    
20160602004910108810305    
20160602004910108810325    
20160602004910108810343    
20160602004910108810623    
20160602004910108810681    
20160602004910108810841    
20160602004910108810861    
20160602004910108810881    
20160602004910108815351    
20160602004910108820221    
20160602004910108825031    
20160602004910108830032    
20160602004910108830053    
20160602004910108830111    
20160602004910108830193    
20160602004910108830203    
20160602004910108830271    
20160602005049108010635    
20160602005604106810021    
20160602005604106810255    
20160602005604106810305    
20160602005604106830392    
20160602010837109910101    
20160602010837109910271    
20160602010837109910625    
20160602010837109910633    
20160602010837109910792    
20160602010837109910861    
20160602010837109915181    
20160602010837109915331    
20160602010837109915351    
20160602010837109915371    
20160602010837109915401    
20160602010837109925121    
20160602010837109930017    
20160602010837109930331    
20160602010837109930392    
20160602010837109930461    
20160602010837109930521    
20160602010837109930561    
20160602010912105710101    
20160602010912105710172    
20160602010912105710252    
20160602010912105710271    
20160602010912105710303    
20160602010912105710381    
20160602010912105710625    
20160602010912105710633    
20160602010912105710651    
20160602010912105710661    
20160602010912105710791    
20160602010912105710801    
20160602010912105710861    
20160602010912105715351    
20160602010912105715401    
20160602010912105720011    
201606020109121057202012   
20160602010912105725091    
20160602010912105730018    
20160602010912105730054    
20160602010912105730191    
20160602010912105730201    
20160602010912105730251    
20160602010912105730393    
20160602010912105730401    
20160602010912105730461    
20160602010912105730521    
20160602010912105730531    
20160602010912105730653    
20160602010912105730721    
20160602010912105730891    
20160602010912105730901    
20160602010912105730911    
20160602010912105730921    
20160602010912105730931    
20160602010912105730941    
20160602010912105730961    
20160602010936104110173    
20160602010936104110307    
20160602010936104110383    
20160602010936104110423    
201606020109361041106215   
20160602010936104110651    
20160602010936104110662    
20160602010936104110793    
20160602010936104110802    
20160602010936104110813    
20160602010936104115351    
20160602010936104115371    
20160602010936104115401    
20160602010936104120011    
201606020109361041202012   
20160602010936104125031    
20160602010936104125082    
201606020109361041300110   
20160602010936104130035    
20160602010936104130081    
20160602010936104130182    
20160602010936104130205    
20160602010936104130271    
20160602012355104910173    
20160602012355104910421    
20160602012355104910632    
20160602012355104910651    
20160602012355104915401    
20160602012355104930015    
20160602012355104930192    
20160602012355104930202    
20160602012355104930341    
20160602012355104930381    
20160602012757109610101    
20160602012757109610122    
201606020127571096102510   
20160602012757109610272    
20160602012757109610342    
20160602012757109610371    
20160602012757109610422    
20160602012757109625082    
20160602012757109625092    
20160602012757109625101    
20160602012757109630121    
20160602012757109630392    
20160602012757109630521    
20160602012757109630531    
20160602013243106410255    
20160602013243106415071    
20160602013243106415231    
20160602013243106415261    
20160602013243106430321    
20160602013243106430331    
20160602013243106430431    
20160602013516110410021    
20160602013516110410251    
20160602013516110410271    
20160602013516110410301    
20160602013516110410322    
20160602013516110410622    
20160602013516110410652    
20160602013516110410681    
20160602013516110410861    
20160602013516110410871    
20160602013516110415331    
20160602013516110415351    
20160602013516110415401    
20160602013516110420051    
201606020135161104202012   
20160602013516110420281    
20160602013516110430041    
20160602013516110430061    
20160602013516110430111    
20160602013516110430252    
20160602013516110430261    
20160602013516110430321    
20160602013516110430331    
20160602013516110430671    
20160602013516110440131    
20160602013949102410023    
20160602013949102410175    
201606020139491024102510   
20160602013949102410272    
201606020139491024103010   
20160602013949102410325    
20160602013949102410611    
201606020139491024106210   
20160602013949102410633    
20160602013949102410651    
20160602013949102410661    
20160602013949102410681    
20160602013949102410792    
20160602013949102410802    
20160602013949102410811    
20160602013949102410861    
20160602013949102410872    
20160602013949102410881    
20160602013949102415041    
20160602013949102415071    
20160602013949102415161    
20160602013949102415251    
20160602013949102415261    
20160602013949102415421    
20160602013949102420011    
20160602013949102420021    
201606020139491024202012   
20160602013949102420403    
201606020139491024300110   
20160602013949102430035    
20160602013949102430045    
20160602013949102430111    
20160602013949102430193    
20160602013949102430203    
20160602013949102430271    
20160602013949102430341    
20160602013949102430671    
201606020139491024400110   
20160602014530106615042    
20160602014530106615331    
20160602014530106615421    
20160602014530106620011    
20160602014530106620021    
20160602014530106630033    
20160602014530106630201    
20160602015313106310343    
20160602015313106310381    
20160602015313106310625    
20160602015313106310861    
20160602015313106315171    
20160602015313106320161    
20160602015313106330015    
20160602015313106330192    
20160602015313106330203    
20160602015313106330701    
20160602020525100810272    
20160602020525100820206    
20160602020525100825041    
20160602020525100830891    
20160602020525100830901    
20160602020525100830911    
20160602020525100830931    
20160602020525100830961    
20160602023559110310177    
20160602023559110310257    
20160602023559110310305    
20160602023559110310324    
20160602023559110310345    
20160602023559110310421    
20160602023559110310626    
20160602023559110310635    
20160602023559110310652    
20160602023559110310661    
20160602023559110310682    
20160602023559110310861    
20160602023559110315041    
20160602023559110315161    
20160602023559110315331    
20160602023559110320111    
201606020235591103202012   
20160602023559110320311    
20160602023559110325261    
201606020235591103300115   
20160602023559110330032    
20160602023559110330061    
20160602023559110330251    
20160602023559110330271    
20160602023559110330321    
20160602023559110330381    
20160602023559110330671    
20160602023559110330691    
20160602023559110330893    
20160602023559110330922    
20160602023559110330961    
20160602023559110340012    
20160602024547102210111    
20160602024547102210254    
20160602024547102210271    
20160602024547102210301    
20160602024547102210322    
20160602024547102210343    
20160602024547102210611    
20160602024547102210627    
20160602024547102210652    
20160602024547102210791    
20160602024547102210801    
20160602024547102210811    
20160602024547102215071    
20160602024547102215251    
20160602024547102215421    
20160602024547102220011    
20160602024547102220053    
20160602024547102225011    
20160602024547102225072    
20160602024547102225081    
20160602024547102225091    
20160602024547102225111    
20160602024547102230014    
20160602024547102230032    
20160602024547102230052    
20160602024547102230081    
20160602024547102230111    
20160602024547102230131    
20160602024547102230171    
20160602024547102230271    
20160602024547102230392    
20160602024547102230431    
20160602024547102230511    
20160602024547102230721    
20160602024547102230731    
20160602024547102230891    
20160602024547102230921    
20160602024547102230931    
20160602024547102230941    
20160602024547102230961    
20160602030957103510022    
20160602030957103510258    
20160602030957103510272    
20160602030957103510305    
201606020309571035103210   
20160602030957103510421    
20160602030957103510471    
20160602030957103510625    
20160602030957103510635    
20160602030957103510651    
20160602030957103510661    
20160602030957103510804    
20160602030957103510861    
20160602030957103515031    
20160602030957103515071    
20160602030957103515111    
20160602030957103515161    
20160602030957103515221    
20160602030957103520403    
20160602030957103525061    
20160602030957103525091    
20160602030957103530014    
20160602030957103530044    
20160602030957103530055    
20160602030957103530071    
20160602030957103530081    
20160602030957103530111    
20160602030957103530381    
20160602030957103530394    
20160602030957103530431    
