20161003155028765610061    
20161003155028765610131    
20161003155028765610151    
20161003155028765610161    
20161003155028765610353    
20161003155028765610391    
20161003155028765610446    
20161003155028765610461    
20161003155028765610556    
20161003155028765610595    
20161003155028765610645    
20161003155028765610651    
20161003155028765610745    
20161003155028765610751    
20161003155028765610803    
20161003155028765610961    
2016100315502876561116120  
20161003155028765611961    
20161003155028765620701    
20161003155028765622362    
20161003155028765622804    
201610031550287656228218   
20161003155028765622834    
20161003155028765622871    
201610031550287656228910   
20161003201340528710881    
20161003201340528711412    
20161003201340528711423    
20161003201340528722951    
20161003201340528710493    
20161003201340528711611    
20161003201340528711621    
20161003201340528711991    
20161003201340528720741    
20161003201340528723013    
20161003201340528711841    
20161003201340528711641    
20161003201340528710326    
