20161021163351111210012    
20161021163351111210022    
20161021163351111210022    
20161021203337116510012    
20161021203337116510022    
20161021203337116510102    
20161021203337116510172    
20161021203744132310012    
20161021203744132310022    
20161021203744132330011    
20161021203744132310341    
20161021215135160510012    
20161021215135160510022    
20161021215135160510342    
20161021215135160520081    
20161021220028123010011    
20161021220028123010021    
20161021220028123010101    
20161021222233127110011    
20161021222233127110021    
20161021222233127110341    
20161021222233127120055    
20161021222233127130112    
20161021222233127130071    
20161021222341164210011    
20161021222341164210021    
20161021222341164210341    
20161021223310130610012    
20161021223310130610022    
20161021223310130610031    
20161021223310130620011    
20161021223310130610101    
20161021224229161810011    
20161021224229161810021    
20161021225314125510011    
20161021225314125510021    
20161021225314125510181    
20161021225314125520081    
20161021225432151110016    
20161021225432151110026    
20161021225432151110173    
20161021225432151110343    
20161021225432151120011    
20161021225432151120081    
20161021225432151120091    
20161021225432151120211    
20161021225432151120221    
20161021231740150410013    
20161021231740150410023    
20161021231740150410342    
20161021231740150430151    
20161021231740150420051    
20161021231740150420011    
20161021231740150450012    
20161021232041128610012    
20161021232041128610022    
20161021232041128610341    
20161021232510150610012    
20161021232510150610022    
20161021232510150610101    
20161021232510150610173    
20161021232953127510012    
20161021232953127510022    
20161021232953127510032    
20161021233200128510011    
20161021233200128510021    
20161021233200128510341    
20161021233200128520011    
20161021233200128530011    
20161021233414133810012    
20161021233414133810022    
20161021233414133810341    
20161021233722162310011    
20161021233722162310021    
20161021233722162310031    
20161021234908132710013    
20161021234908132710023    
20161021234908132720011    
20161021234908132720071    
20161021234908132720081    
20161021234908132720151    
20161021234908132710343    
20161021235143160310013    
20161021235143160310023    
20161021235143160310171    
20161021235143160310341    
20161021235143160320011    
20161021235258111210102    
20161021235343111210011    
20161021235343111210021    
20161021235717125310012    
20161021235717125310022    
20161021235717125310341    
20161021235751152210012    
20161021235751152210022    
20161021235751152210031    
20161021235751152220011    
20161021235751152210341    
20161022000126124710211    
20161022000126124710011    
20161022000126124710021    
20161022000126124720012    
20161022000126124710342    
20161022000310124010012    
20161022000310124010022    
20161022000310124020011    
20161022000310124010342    
20161022000322125710012    
20161022000322125710022    
20161022000322125720071    
20161022000322125720251    
20161022000322125720281    
20161022000322125710341    
20161022000621111110011    
20161022000621111110021    
20161022000621111110021    
20161022000627138310014    
20161022000627138310024    
20161022000627138310024    
20161022000627138310103    
20161022000627138320012    
20161022000627138320151    
20161022000627138320252    
20161022000627138340011    
20161022000627138350012    
20161022000925123510011    
20161022000925123510021    
20161022000925123520091    
20161022000925123520011    
20161022000925123510341    
20161022001059129110012    
20161022001059129110022    
20161022001059129110172    
20161022001059129110341    
20161022001059129120011    
20161022001059129130011    
20161022001155125010012    
20161022001155125010022    
20161022001155125010342    
20161022001155125020051    
20161022001155125020011    
20161022001155125020151    
20161022001418161510016    
20161022001418161510026    
20161022001418161510032    
20161022001418161510343    
201610220014181615101710   
20161022001418161510182    
20161022001418161520013    
20161022001418161520151    
20161022001418161520281    
20161022001418161530011    
20161022001418161540011    
20161022001418161550013    
20161022001418161520321    
20161022001819110410011    
20161022001819110410021    
20161022001819110410031    
20161022002306126510012    
20161022002306126510022    
20161022002306126520011    
20161022002306126520071    
20161022002306126550015    
20161022002306126510342    
20161022002903133010011    
20161022002903133010021    
20161022002903133020011    
20161022002911126410011    
20161022002911126410021    
20161022002911126410031    
20161022002911126410211    
20161022002911126410341    
20161022002911126430075    
20161022002911126430011    
20161022002911126450031    
20161022003421108110011    
20161022003421108110021    
20161022003421108120051    
20161022003421108110342    
20161022003740151510013    
20161022003740151510023    
20161022003740151510342    
20161022003740151510031    
20161022003740151520011    
20161022004232160220081    
20161022004627163810012    
20161022004627163810022    
20161022004627163810032    
20161022004627163810341    
20161022004910132110013    
20161022004910132110023    
20161022004910132120011    
20161022005341123110013    
20161022005341123110023    
20161022005341123110031    
20161022005341123110101    
20161022005341123110171    
20161022005341123120011    
20161022005341123120081    
20161022005341123120071    
20161022005343150710012    
20161022005343150710022    
20161022005343150710342    
20161022005343150720011    
20161022005343150720071    
20161022005343150720081    
20161022005541162810011    
20161022005541162810021    
20161022005541162810031    
20161022005541162810341    
20161022005648150110011    
20161022005648150110021    
20161022005750160410012    
20161022005750160410022    
20161022005750160410342    
20161022010129108410012    
20161022010129108410022    
20161022010129108410211    
20161022010129108410341    
20161022010129108420011    
20161022010129108420111    
20161022010129108420241    
20161022010129108430011    
20161022010129108430151    
20161022010206121710012    
20161022010206121710022    
20161022010206121710031    
20161022010206121720081    
20161022010206121710171    
20161022011550104210011    
20161022011550104210021    
20161022011550104210032    
20161022011550104210341    
20161022011550104220071    
20161022011734134510012    
20161022011734134510022    
20161022011734134510102    
20161022011820152410013    
20161022011820152410023    
20161022011820152410071    
20161022011820152410081    
20161022011820152410342    
20161022011820152410172    
20161022011820152420081    
20161022011820152430011    
20161022012301153110012    
20161022012301153110022    
20161022012301153110032    
20161022012301153110101    
20161022012301153120011    
20161022012301153120151    
20161022012407100910012    
20161022012407100910022    
20161022012407100910341    
20161022012407100930011    
20161022012425162610012    
20161022012425162610022    
20161022012425162610031    
20161022012425162610081    
20161022012425162610341    
20161022012425162620011    
20161022012508108710011    
20161022012508108710021    
20161022012508108710341    
20161022012508108750011    
20161022012508108730011    
20161022012553161710011    
20161022012553161710021    
20161022012553161720011    
20161022012553161720111    
20161022012553161710341    
20161022013224130210013    
20161022013224130210023    
20161022013224130210101    
20161022013224130210032    
20161022013224130220012    
20161022013224130240011    
20161022013236129310012    
20161022013236129310022    
20161022013236129310171    
20161022013236129310341    
20161022013236129320011    
20161022013521114410012    
20161022013521114410022    
20161022013521114410031    
20161022013521114450015    
20161022013521114420051    
20161022013521114410101    
20161022013826123710012    
20161022013826123710022    
20161022013826123710343    
20161022014056152610011    
20161022014056152610021    
20161022014056152610172    
20161022014056152610341    
20161022014056152620151    
20161022014619128810011    
20161022014619128810021    
20161022014619128810341    
20161022014901131210014    
20161022014901131210024    
20161022014901131220011    
20161022014901131220151    
20161022014901131210342    
20161022015247121010012    
20161022015247121010022    
20161022015247121010341    
20161022015247121020151    
20161022015832152810012    
20161022015832152810022    
20161022015832152810031    
20161022015832152810341    
20161022020105121110011    
20161022020105121110021    
20161022020105121110341    
20161022020659127620151    
20161022020832151710012    
20161022020832151710022    
20161022020832151720011    
20161022020832151720251    
20161022020832151710341    
20161022021727163310013    
20161022021727163310023    
20161022021727163310073    
20161022021727163310083    
20161022021727163310171    
20161022021727163330021    
20161022021727163330131    
20161022021727163310342    
20161022021825130110013    
20161022021825130110023    
20161022021825130120011    
20161022021825130120141    
20161022021825130110342    
20161022022452131310013    
20161022022452131310023    
20161022022452131310343    
20161022022452131320011    
20161022022452131320151    
20161022022452131320251    
20161022022452131350015    
20161022022537116810013    
20161022022537116810023    
20161022022537116810023    
20161022022537116820012    
20161022022537116850015    
20161022022829151010011    
20161022022829151010021    
20161022022829151010171    
20161022024519160810013    
20161022024519160810023    
20161022024519160810175    
20161022024519160810185    
20161022024519160820011    
20161022024519160820251    
20161022024519160810342    
20161022024859134010012    
20161022024859134010022    
20161022024859134010342    
20161022024859134010172    
20161022024859134020081    
20161022024859134020011    
20161022024859134020151    
20161022024859134030011    
20161022025147104410012    
20161022025147104410022    
20161022025147104410181    
20161022025147104420011    
20161022025147104410342    
20161022025952161210014    
20161022025952161210024    
20161022025952161210072    
20161022025952161210082    
20161022025952161210341    
20161022025952161220011    
20161022025952161220071    
20161022025952161220151    
20161022030500162510012    
20161022030500162510022    
20161022030500162510342    
20161022030912118610012    
20161022030912118610022    
20161022031123112910012    
20161022031123112910022    
20161022031123112910342    
20161022031123112920012    
20161022031123112930011    
20161022032449130410013    
20161022032449130410023    
20161022032449130410031    
20161022032449130410171    
20161022032449130410342    
20161022033119151810012    
20161022033119151810022    
20161022033119151820011    
20161022033119151820251    
20161022033119151810341    
20161022034551129510011    
20161022034551129510021    
20161022034551129510341    
20161022053529127010012    
20161022053529127010022    
20161022053529127010341    
