20160609201050508310012    
20160609201050508310041    
20160609201050508310052    
20160609201050508330011    
20160609201050508330031    
20160609201050508330042    
20160609201050508330121    
20160609201050508330281    
20160609201050508340111    
20160609201050508350021    
20160609201050508360121    
20160609212126506130021    
20160609212126506130031    
20160609212126506130282    
20160609212126506140151    
20160609212820603960051    
20160609212820603960092    
20160609212820603930031    
20160609212820603940082    
20160609212820603930281    
20160609212820603910051    
20160609212820603950031    
20160609212820603930252    
20160609232121605530031    
20160609232435508110031    
20160609232435508130141    
20160609232435508130261    
20160609232435508130422    
20160609233231605630042    
20160609235640609410051    
20160610002245509230031    
20160610002245509230141    
20160610002245509230421    
20160610011158509610052    
20160610011158509630281    
20160610011158509630351    
20160610011158509630361    
20160610011158509630422    
20160610011158509640081    
20160610011158509640111    
20160610011158509670021    
20160610011213301710052    
20160610011213301760031    
20160610014036500610052    
20160610014036500610061    
20160610014036500610072    
20160610014036500630043    
20160610014036500670131    
20160610014036500670181    
20160610021912301730031    
20160610022045606410041    
20160610022045606450021    
20160610022045606430041    
20160610022739505910041    
20160610022739505930031    
20160610022739505940151    
20160610022739505950031    
20160610024013505940152    
20160610034021603960051    
