201606222246270141100140   
20160622224627014110293    
20160622224627014110061    
201606222250251794100180   
20160622225025179410061    
20160622225025179410133    
20160622225025179410295    
20160622225025179410503    
201606222301520240100140   
20160622230152024010132    
201606222313560186100120   
20160622231356018610275    
20160622231356018610295    
201606222314150216100140   
20160622231415021610132    
20160622231415021610292    
20160622231415021610302    
20160622231415021610052    
201606222321320170100120   
20160622232132017010141    
20160622232132017010132    
201606222322091394100120   
201606230016050200100160   
201606230025411444100120   
20160623002541144410061    
201606230041221134100120   
20160623004122113410131    
20160623004122113410293    
201606230107440914100140   
20160623010744091410141    
201606230121350167100180   
20160623012135016710134    
201606230130360261100120   
20160623013036026110062    
20160623013036026110182    
20160623013036026110273    
20160623013329171415991    
20160623013329171410133    
20160623013329171413395    
20160623013329171410293    
20160623013329171410303    
20160623013329171410313    
201606230133291714100160   
20160623013329171410101    
201606230134350201100140   
20160623013435020110061    
20160623013435020110131    
201606230135401294100160   
20160623013540129410132    
20160623013540129410072    
20160623013540129413691    
20160623013540129410181    
20160623013540129410303    
20160623013540129410294    
201606230138230190100160   
20160623013823019010134    
20160623013823019010302    
20160623013823019010313    
20160623013823019013395    
20160623013823019010432    
20160623013823019010571    
201606230152121364100140   
20160623015212136410131    
20160623015212136410292    
20160623015212136410301    
201606230215470704100180   
20160623021547070410133    
20160623021547070413492    
20160623021547070413393    
201606230220261854100140   
20160623022026185410131    
20160623022026185410571    
20160623022026185410581    
20160623022026185418291    
201606230228421374100160   
20160623022842137410061    
20160623022842137410132    
20160623022842137410292    
20160623022842137413492    
201606230238021354100120   
20160623023802135410131    
20160623023802135410295    
2016062302395105941001100  
20160623023951059410075    
20160623023951059415994    
20160623023951059410113    
20160623023951059410402    
20160623023951059410102    
201606230242510223100160   
20160623024251022310133    
20160623024251022310061    
20160623024251022310055    
201606230245111724100140   
20160623024511172410133    
20160623024511172410525    
20160623024511172410535    
20160623024511172413491    
201606230254171734100160   
20160623025417173410131    
20160623025417173410293    
20160623025417173410301    
201606230254171734104210   
20160623025417173415991    
201606230259441214100160   
20160623025944121410132    
20160623025944121413492    
20160623025944121418291    
201606230341480211100140   
20160623034148021110132    
20160623034148021110141    
20160623034148021110294    
201606230358321604100120   
20160623035832160410111    
20160623035832160413391    
201606230431590584100140   
20160623043159058410071    
20160623043159058410133    
20160623043159058410221    
20160623043159058410631    
