20161129125200102710011    
20161129125200102710021    
201611291252001027100320   
20161129125200102710044    
20161129125200102710134    
20161129125200102710143    
20161129125200102710161    
20161129125200102710182    
20161129125200102710266    
20161129125200102720002    
20161129125200102720061    
20161129125200102720071    
20161129125200102720081    
20161129125200102730061    
20161129125200102740031    
20161129125200102740054    
20161129125200102741033    
20161129133202100510021    
20161129133202100510183    
20161129133202100510222    
20161129133202100540001    
20161129133202100540012    
20161129133202100540021    
20161129133202100540052    
20161129133202100540151    
20161129133202100541034    
20161129153835102010011    
20161129153835102010021    
20161129153835102010032    
20161129153835102010041    
20161129153835102010138    
20161129153835102010185    
20161129153835102010204    
20161129153835102010224    
20161129153835102010263    
20161129153835102030042    
20161129153835102040031    
20161129153835102040052    
20161129153835102040191    
20161129153835102041036    
20161129153835102041041    
20161129164334100110011    
20161129164334100110021    
20161129164334100110031    
20161129164334100110041    
20161129164334100110131    
20161129164334100110188    
20161129164334100110202    
20161129164334100110266    
20161129164334100120001    
20161129164334100140052    
20161129164334100140151    
20161129164334100141032    
20161129181527103410031    
20161129181527103410041    
20161129181527103410051    
20161129181527103410061    
20161129181527103410081    
20161129181527103410091    
20161129181527103410135    
20161129181527103410223    
20161129181527103410262    
20161129181527103431031    
20161129181527103440031    
20161129181527103441034    
20161129185800100110071    
20161129190405104010011    
20161129190405104010021    
201611291904051040100330   
20161129190405104010041    
20161129190405104010161    
20161129190405104010185    
20161129190405104010202    
20161129190405104010222    
20161129190405104010262    
20161129190405104040002    
20161129190405104040014    
20161129190405104040021    
20161129190405104041036    
20161129190405104041051    
20161129190405104041071    
20161129193149202510021    
201611291931492025100320   
20161129193149202510061    
20161129193149202510202    
20161129193149202510223    
20161129193149202510262    
20161129193149202520001    
201611291931492025310320   
20161129193149202540051    
20161129193149202541032    
20161129193149202541041    
20161129193149202541051    
20161129200914204010021    
20161129200914204010031    
20161129200914204010081    
20161129200914204010132    
20161129200914204010181    
20161129200914204010202    
20161129200914204010221    
20161129200914204010261    
20161129200914204020081    
20161129200914204041032    
20161129200914204050011    
20161129201655104510021    
20161129201655104510041    
20161129201655104510201    
20161129201655104510261    
20161129201655104540001    
20161129201655104540012    
20161129201655104540021    
20161129201655104540151    
20161129201655104541031    
20161129210413103510022    
20161129210413103531031    
20161129210413103540001    
20161129210413103540012    
20161129210413103541041    
20161129210413103541051    
201611292104131035500910   
201611292109531046100320   
20161129210953104610081    
20161129210953104610181    
20161129210953104610203    
20161129210953104610261    
20161129210953104640001    
20161129210953104640012    
20161129210953104640052    
20161129210953104641032    
20161129210953104641041    
20161129210953104678071    
20161129212254103310031    
20161129212254103310061    
20161129212254103310133    
20161129212254103310182    
20161129212254103310202    
20161129212254103310222    
20161129212254103310262    
20161129212254103320061    
20161129212254103340013    
20161129212254103340054    
20161129212254103340151    
20161129212254103341033    
20161129212254103360091    
20161129213614103610011    
201611292136141036100320   
20161129213614103610225    
20161129213614103620082    
201611292136141036310320   
20161129213614103640021    
20161129213614103640052    
20161129213614103641032    
20161129213614103641071    
20161129215437203710022    
20161129215437203710031    
20161129215437203710041    
20161129215437203710132    
20161129215437203710183    
20161129215437203710202    
20161129215437203710222    
20161129215437203720001    
20161129215437203731031    
20161129215437203740151    
20161129215437203741032    
20161129215437203741041    
20161129215437203760071    
20161129220802204510011    
20161129220802204510021    
201611292208022045100320   
20161129220802204510042    
20161129220802204510135    
20161129220802204510202    
20161129220802204510222    
20161129220802204510262    
20161129220802204530043    
20161129220802204541034    
20161129220802204541041    
20161129220802204577801    
20161129232138104210021    
20161129232138104210132    
20161129232138104210182    
20161129232138104210202    
20161129232138104210221    
20161129232138104240001    
20161129232138104240012    
20161129232138104240191    
20161129232138104241032    
20161129232138104241071    
201611300126401041100320   
20161130012640104110091    
20161130012640104110133    
20161130012640104110203    
20161130012640104110222    
20161130012640104141051    
20161130012640104150011    
