20160818144015113710369    
20160818144015113710373    
20160818144015113730222    
20160818144015113730641    
20160818144015113750011    
201608181440151137919320   
201608181440151137919650   
20160818144015113792058    
20160818161320113810372    
20160818161320113820025    
20160818161320113850102    
201608181613201138919310   
20160818161320113892058    
20160818183650110910012    
20160818183650110910131    
20160818183650110910177    
20160818183650110930221    
20160818183650110930271    
20160818183650110930286    
20160818183650110930311    
20160818183650110940035    
20160818183650110940251    
20160818183650110940271    
20160818183650110950071    
20160818183650110991936    
20160818193744101210018    
20160818193744101210297    
20160818193744101220015    
20160818193744101230103    
20160818193744101230124    
20160818193744101250041    
20160818193744101250052    
20160818193744101250081    
20160818193744101292125    
20160818204314104710012    
20160818204314104710172    
20160818204314104730102    
20160818204314104730682    
20160818204314104760231    
20160818212317113610373    
20160818212317113610391    
20160818212317113620021    
20160818212317113640261    
20160818212317113650011    
20160818212317113650071    
20160818212317113660103    
20160818212317113660111    
20160818212317113660223    
20160818212317113660261    
20160818212317113691984    
201608182123171136920512   
20160818212317113692061    
20160818212317113692155    
20160818213252112920023    
20160818213252112960261    
20160818213252112991938    
20160818214524108410012    
20160818214524108410171    
20160818214524108410291    
20160818214524108430261    
20160818214524108430271    
20160818214524108430281    
20160818214524108460032    
20160818214524108460061    
20160818214524108460781    
20160818215616110320022    
20160818215616110330221    
20160818215616110360101    
20160818215616110391933    
20160818215734112710013    
20160818215734112710132    
20160818215734112710175    
20160818215734112710292    
20160818215734112730101    
20160818215734112730222    
20160818215734112730285    
20160818215734112730322    
20160818215734112730641    
20160818215734112750011    
20160818215734112750081    
20160818215734112760041    
20160818215734112760181    
20160818215734112760222    
20160818215734112760281    
20160818221612107510012    
201608182216121075101410   
20160818221612107520026    
20160818221612107530223    
20160818221612107540091    
20160818221612107540272    
20160818221612107540301    
20160818221612107540661    
20160818221612107550042    
20160818221612107550052    
20160818221612107560211    
201608182216121075919315   
20160818224229113510365    
20160818224229113510375    
20160818224229113550083    
20160818224229113560142    
20160818224229113560262    
201608182242291135919310   
201608182242291135919810   
20160818224229113592058    
201608182242291135921510   
201608182244501127919310   
20160818230638112110014    
20160818230638112110131    
20160818230638112110292    
20160818230638112120013    
20160818230638112120022    
20160818230638112120052    
20160818230638112130042    
20160818230638112130103    
20160818230638112130232    
20160818230638112130291    
20160818230638112160223    
20160818230638112160241    
20160818231009108210143    
20160818231009108220023    
20160818231009108230222    
20160818231009108230262    
20160818231009108230272    
20160818231009108230282    
20160818231009108230641    
20160818231009108260581    
20160818234513111010014    
20160818234513111010172    
20160818234513111010293    
20160818234513111020015    
20160818234513111020024    
20160818234513111020061    
20160818234513111030031    
20160818234513111030041    
20160818234513111030107    
20160818234513111030223    
20160818234513111030292    
20160818234513111030313    
20160818234513111030641    
20160818234513111040052    
20160818234513111040125    
20160818234513111040251    
20160818234513111040262    
20160818234513111050011    
20160818234513111050051    
20160818234513111050101    
20160818234513111060036    
20160818234513111060252    
20160818234513111060281    
201608190025331134103610   
20160819002533113410393    
20160819002533113430222    
20160819002533113430233    
20160819002533113440117    
20160819002533113450082    
20160819002533113460061    
20160819002533113460171    
201608190025331134919325   
20160819002533113491987    
20160819002533113492158    
20160819015204104610292    
20160819015204104620021    
20160819015204104630221    
20160819015204104630242    
20160819015204104630251    
20160819015204104630291    
20160819015204104640231    
20160819015204104640241    
20160819015204104650012    
20160819015204104660032    
20160819015204104660062    
20160819015204104660073    
20160819015204104660093    
20160819015204104660163    
20160819015204104660211    
20160819040937101910012    
20160819040937101910172    
20160819040937101920022    
20160819040937101920061    
20160819040937101920101    
20160819040937101930261    
20160819040937101930271    
20160819040937101930281    
20160819040937101950081    
20160819040937101960031    
