20160622100401100210011    
20160622100401100210036    
20160622110556103520021    
201606221105561035100210   
20160622110556103520263    
20160622110556103510034    
20160622115048101520231    
201606221158241052100310   
20160622115824105210012    
20160622124219100120031    
20160622124219100120302    
20160622124219100110081    
20160622124219100120021    
20160622124219100110013    
20160622124219100120011    
20160622124219100120265    
20160622124219100120102    
201606221242191001100312   
20160622124219100110101    
