20161201220318707050014    
20161201220318707050031    
20161201220318707050091    
20161201220318707050111    
20161201220318707050291    
20161201220318707050342    
20161201220318707051052    
201612012326377002500115   
20161201232637700250043    
20161201232637700250053    
20161201232637700250071    
201612012326377002501312   
20161201232637700250141    
20161201232637700250223    
20161201232637700250291    
20161201232637700250411    
20161201232637700251053    
201612020000187053500112   
20161202000018705350041    
20161202000018705350052    
20161202000018705350136    
20161202000018705350182    
20161202000018705350221    
20161202000018705350682    
201612020013587104500110   
20161202001358710450032    
20161202001358710450041    
20161202001358710450051    
20161202001358710450139    
20161202001358710450162    
20161202001358710450221    
20161202002240703250221    
20161202002240703250581    
20161202002240703251271    
20161202002240703250193    
20161202002240703250682    
20161202002240703251052    
20161202002240703250054    
201612020022407032500120   
20161202002240703250342    
20161202002918103130018    
20161202002918103130031    
20161202003130710250035    
20161202003130710250074    
20161202003130710250091    
201612020031307102501321   
20161202003130710250141    
20161202003130710250835    
20161202003130710250345    
201612020136257009500120   
20161202013625700950041    
20161202013625700950052    
20161202013625700950072    
20161202013625700950091    
201612020136257009501336   
20161202013625700950141    
20161202013625700950172    
20161202013625700950185    
20161202013625700950221    
20161202013625700950231    
20161202013625700950252    
20161202013625700950291    
20161202013625700950345    
20161202013625700950391    
20161202013625700950682    
20161202013625700950711    
20161202013625700950812    
20161202013625700950833    
20161202013625700950911    
20161202013625700951035    
20161202013625700951054    
20161202014816706850015    
20161202014816706850042    
20161202014816706850061    
20161202014816706851054    
20161202014816706850071    
20161202014816706851062    
20161202014816706850141    
