20160625233256023111063    
20160625233256023115013    
20160625233256023117061    
20160625233256023117301    
201606260314490115110210   
20160626031449011513011    
20160626031449011518041    
20160626031449011518031    
201606261731110210110220   
20160626173111021011052    
20160626173111021011065    
20160626173111021013011    
20160626173111021018012    
20160626173111021017301    
20160626173111021021002    
20160626173111021016101    
201606261837550310110210   
20160626183755031013091    
20160626183755031015013    
20160626183755031015052    
20160626183755031017301    
20160626183755031019201    
20160626194852034111054    
20160626194852034111062    
20160626194852034115121    
20160626194852034116101    
20160626194852034117041    
20160626194852034121071    
201606262157130041110310   
20160626215713004111057    
20160626215713004117451    
20160626215713004117061    
201606262205250346110315   
20160626220525034611053    
20160626220525034611061    
20160626220525034613011    
20160626220525034613081    
20160626220525034617251    
20160626220525034617451    
20160626220525034617471    
20160626220525034618131    
20160626220525034618161    
20160626220525034622671    
20160626231043032611051    
20160626231043032611062    
20160626231043032615042    
20160626231043032617351    
20160626231043032617421    
20160626231043032621061    
20160626231043032621071    
201606262314010011110110   
20160626231401001118011    
20160626231401001112121    
201606262348350125110115   
20160626234835012511062    
20160626234835012511052    
20160626234835012513011    
201606262357040331110210   
20160626235704033111051    
20160626235704033111063    
20160626235704033115012    
20160626235704033116031    
20160626235704033118011    
20160626235704033115042    
20160626235704033117351    
20160626235704033117421    
20160627000527019712122    
20160627000527019712133    
20160627000527019717191    
20160627000527019718051    
20160627000527019718071    
201606270012530284110210   
20160627001253028415061    
201606270027070123110210   
20160627002707012317211    
20160627002707012312134    
20160627002707012312141    
201606270034490088110130   
20160627003449008819221    
20160627003449008811063    
20160627003449008811051    
20160627003449008817351    
20160627003449008815044    
20160627003449008815122    
20160627003449008815132    
20160627003449008813011    
20160627003449008817041    
20160627003449008817031    
201606270036020116110110   
20160627003602011619071    
201606270039460065110110   
20160627003946006517351    
201606270042420156110220   
20160627004242015613011    
201606270058080322110210   
20160627005808032211052    
20160627005808032211064    
20160627005808032212131    
20160627005808032212141    
20160627005808032213011    
20160627005808032217291    
201606270059510087110210   
20160627005951008711052    
20160627005951008713011    
20160627005951008717031    
201606270110410237110210   
201606270110410237110310   
20160627011041023711052    
20160627011041023718051    
201606270111430259110210   
20160627011143025917031    
201606270120010343110220   
20160627012001034311052    
20160627012001034311062    
201606270123510069110210   
20160627012351006911062    
20160627012351006917351    
20160627012351006913011    
20160627012351006913091    
20160627012351006921061    
20160627012638006918031    
20160627012638006918041    
201606270128390345110220   
20160627012839034511065    
20160627013459007611052    
20160627013459007611061    
20160627013459007619201    
201606270136320320110210   
20160627013632032013011    
20160627013632032019221    
201606270142360071110210   
20160627014236007113085    
20160627014236007117031    
20160627014236007115132    
20160627014236007115061    
20160627014236007112134    
201606270152270181110210   
20160627015227018111052    
20160627015227018111062    
20160627015227018113011    
201606270156220242110220   
201606270200120303110210   
20160627020012030313011    
201606270219080222110310   
20160627021908022213011    
20160627021908022217421    
20160627021908022217061    
20160627021908022211052    
20160627021908022213031    
20160627023402027917431    
201606270235170279110310   
20160627023517027911052    
20160627023517027912142    
20160627023517027913085    
20160627023517027915043    
20160627033611027918011    
201606270341070029110210   
20160627034107002912124    
20160627034107002913011    
20160627034107002915061    
20160627034107002917031    
20160627034107002917201    
20160627034107002917351    
20160627034107002917471    
