20161019000752300710101    
20161019000752300710123    
201610190007523007102515   
20161019000752300710271    
201610190007523007103010   
20161019000752300710351    
20161019000752300710626    
20161019000752300710651    
20161019000752300710661    
20161019000752300710681    
20161019000752300710841    
201610190007523007300120   
20161019000752300730055    
201610190007523007301913   
201610190007523007302010   
20161019000752300730461    
20161019000752300730891    
20161019000816300710323    
20161019000816300710345    
20161019000857300715041    
20161019000857300715071    
20161019000857300715161    
20161019000857300715291    
20161019000857300730081    
20161019000945300720011    
20161019000945300720022    
20161019000945300720201    
20161019000945300725041    
20161019000945300725251    
20161019011813300810324    
20161019011813300810345    
20161019011813300810625    
20161019011813300810822    
20161019011813300810862    
20161019011813300815071    
20161019011813300830081    
20161019011813300830272    
20161019011813300830691    
201610190118133008307010   
