20161201075906101710018    
201612010759061017100220   
20161201075906101711012    
201612010759061017110210   
20161201075906101711045    
20161201075906101711083    
20161201075906101712011    
201612010759061017130110   
20161201075906101713023    
20161201075906101715062    
20161201075906101716022    
20161201090036102410015    
201612010900361024100210   
20161201090036102410041    
20161201090036102411011    
20161201090036102411028    
20161201090036102411045    
20161201090036102411051    
20161201090036102411088    
20161201090036102412028    
20161201090036102413015    
20161201090036102413022    
20161201090036102415012    
20161201090036102415023    
20161201090036102417011    
20161201090036102418014    
20161201090036102420021    
20161201100517102110012    
20161201100517102110024    
20161201100517102110031    
20161201100517102110091    
20161201100517102110101    
20161201100517102111022    
20161201100517102111031    
20161201100517102111051    
20161201100517102112022    
20161201100517102112031    
20161201100517102113016    
20161201100517102113021    
20161201101425102010015    
201612011014251020100210   
20161201101425102010041    
20161201101425102011011    
201612011014251020110210   
20161201101425102011085    
201612011014251020130115   
20161201101425102013021    
20161201101425102014011    
20161201101425102015061    
20161201101425102018013    
20161201111247102210012    
201612011112471022100218   
20161201111247102210041    
20161201111247102210092    
20161201111247102210102    
20161201111247102211026    
20161201111247102211044    
20161201111247102212011    
201612011112471022120210   
201612011112471022130110   
20161201111247102213022    
20161201111247102218011    
20161201113512101610015    
201612011135121016100234   
20161201113512101610042    
20161201113512101611011    
201612011135121016110210   
20161201113512101611045    
20161201113512101611083    
201612011135121016120130   
20161201113512101612031    
201612011135121016130115   
20161201113512101614011    
20161201113512101616012    
20161201115949101410025    
20161201115949101410041    
20161201115949101412031    
20161201115949101413012    
20161201115949101420011    
20161201122258101910013    
201612011222581019100220   
20161201122258101910042    
20161201122258101911011    
20161201122258101911027    
20161201122258101911043    
20161201122258101911051    
20161201122258101911082    
20161201122258101912015    
201612011222581019120210   
20161201122258101913018    
20161201122258101915061    
20161201122258101917012    
20161201125252100310013    
20161201125252100310024    
20161201125252100310041    
20161201125252100312012    
20161201125252100312028    
20161201125252100315041    
20161201125252100317011    
20161201125252100318011    
20161201125252100320011    
20161201125252100320051    
