20160504112253103810081    
20160504112253103820031    
20160504112253103820301    
20160504112253103810071    
20160504112253103810101    
20160504112253103810036    
20160504112253103810011    
20160504112253103820021    
20160504112253103810041    
20160504112253103820252    
20160504112253103820265    
20160504115221105210014    
201605041152211052100310   
201605041152211052100210   
20160504122630101020011    
20160504122630101020032    
20160504122630101020081    
201605041259051037100210   
20160504125905103710036    
20160504131524100110036    
20160504131524100110011    
