201609082258564191110230   
20160908225856419113025    
20160908225856419116023    
201609082258564191160330   
20160908225856419116043    
20160908225856419145011    
20160908225856419145021    
20160908225856419145041    
20160908225856419161621    
201609082314514215110210   
201609082339554204110210   
20160908233955420413035    
20160908233955420416035    
20160908233955420421013    
20160908233955420445011    
201609090041564162110210   
201609090112144212110220   
20160909011214421216035    
20160909011214421216042    
20160909011214421245014    
201609090150044108110230   
201609090150044108130220   
20160909015004410816023    
201609090150044108160315   
20160909015004410816043    
20160909015004410821015    
20160909015004410831013    
20160909015004410831031    
20160909015004410831041    
20160909015004410831071    
20160909015004410832021    
20160909015004410832031    
20160909015004410832051    
20160909015004410845012    
20160909015004410845022    
20160909015004410851063    
20160909015004410861192    
20160909015004410861392    
20160909015004410862491    
20160909015004410862501    
20160909015004410862512    
20160909015004410864162    
20160909015004410870002    
20160909015004410898021    
201609090214054213110220   
20160909021405421313025    
201609090214054213160315   
20160909021405421331011    
20160909021405421352114    
20160909021405421361393    
20160909021405421390015    
