2016041021232322272001100  
20160410212323222720062    
20160410212323222720081    
20160410212323222720091    
20160410212323222720271    
20160410212323222720321    
20160410212323222720071    
20160410212323222720658    
2016041021442520692001100  
20160410214425206920052    
20160410214425206920061    
20160410214425206920071    
20160410214425206920082    
20160410214425206920321    
20160410214425206920524    
20160410214425206920551    
201604102144252069206520   
201604102212432061200160   
20160410221243206120061    
20160410221243206120901    
20160410221243206121021    
201604102259362226200120   
20160410225936222620061    
20160410225936222620655    
2016041023122920232001140  
20160410231229202320062    
20160410231229202320072    
20160410231229202320271    
20160410231229202320301    
20160410231229202320322    
201604102312292023206510   
201604102315172024200160   
20160410231517202420061    
20160410231517202421051    
20160410231517202420911    
2016041023272420342001140  
20160410232724203420053    
20160410232724203420061    
20160410232724203420071    
20160410232724203420082    
20160410232724203420321    
201604102327242034206515   
20160410232724203421041    
201604102343282043200160   
20160410234328204320061    
20160410234328204320081    
20160410234328204320301    
20160410234328204320321    
20160410234328204320551    
201604102343282043206515   
201604102354422094200180   
20160410235442209420061    
20160410235442209420072    
20160410235442209420321    
201604102354422094206510   
20160410235442209421041    
201604102356252230200160   
20160410235625223020062    
20160410235625223020071    
20160410235625223020081    
20160410235625223020323    
201604102356252230206520   
201604102357062032200180   
20160410235706203220061    
20160410235706203220071    
20160410235706203220081    
20160410235706203220301    
20160410235706203220321    
2016041100030321092001120  
20160411000303210920061    
20160411000303210920072    
20160411000303210920091    
20160411000303210920551    
2016041100054920512001120  
20160411000549205120051    
20160411000549205120061    
20160411000549205120111    
20160411000549205120301    
201604110005492051206510   
20160411000549205121041    
20160411000549205121051    
2016041100375721152001140  
20160411003757211520061    
20160411003757211520072    
20160411003757211520161    
20160411003757211520322    
20160411003757211520551    
20160411003757211520655    
20160411003757211520791    
20160411003757211520901    
201604110205282029206520   
2016041103342613812001120  
20160411033426138120062    
20160411033426138120161    
20160411033426138120301    
20160411033426138120311    
20160411033426138120321    
20160411033426138120072    
20160411033426138120911    
20160411033426138121041    
20160411033426138121051    
