20160513234630200310013    
20160513234630200310258    
20160513234630200310276    
20160513234630200310303    
20160513234630200310342    
20160513234630200310635    
20160513234630200310861    
20160513234630200315111    
20160513234630200315261    
20160513234630200315331    
20160513234630200315351    
20160513234630200315371    
20160513234630200315401    
20160513234630200320021    
20160513234630200320081    
20160513234630200320101    
20160513234630200320111    
20160513234630200320161    
20160513234630200325251    
20160513234630200325271    
20160513234630200330015    
20160513234630200330032    
20160513234630200330053    
20160513234630200330071    
20160513234630200330195    
20160513234630200330202    
20160513234630200330461    
20160513234630200330653    
201605140000592002102510   
20160514000059200210276    
20160514000059200210344    
201605140000592002106310   
20160514000059200215041    
20160514000059200215061    
20160514000059200215111    
20160514000059200215163    
20160514000059200215401    
20160514000059200220333    
201605140024122002300110   
