20160603142835810010052    
20160603142835810016153    
20160603142835810020063    
20160603142835810020071    
20160603142835810020121    
20160603143836815410014    
20160603143836815410031    
20160603143836815410262    
20160603143836815420034    
20160603143836815420066    
20160603143836815420072    
20160603143836815410302    
20160603143836815410311    
20160603143836815410373    
20160603143836815410394    
201606031438368154161515   
20160603143836815410551    
20160603143836815410645    
20160603143836815420107    
20160603143836815420113    
20160603143836815420122    
201606031438368154110230   
20160603144940805810012    
201606031449408058100512   
20160603144940805810311    
20160603144940805810521    
20160603144940805810543    
20160603144940805810632    
20160603144940805810681    
20160603144940805810742    
20160603144940805810752    
20160603144940805811022    
20160603144940805816121    
20160603144940805816158    
20160603144940805820066    
20160603144940805820073    
20160603144940805820081    
20160603144940805820103    
20160603153924813210013    
20160603153924813210262    
20160603153924813220033    
20160603153924813220066    
20160603153924813220073    
20160603153924813220081    
201606031539248132100525   
20160603153924813210312    
20160603153924813210374    
20160603153924813210391    
20160603153924813210441    
20160603153924813216122    
20160603153924813216159    
20160603153924813210544    
20160603153924813210551    
20160603153924813210632    
20160603153924813210642    
20160603153924813220104    
20160603153924813220111    
20160603153924813220122    
20160603153924813211011    
201606031539248132110230   
20160603154613814010011    
20160603154613814010262    
20160603154613814020033    
20160603154613814020065    
20160603154613814020072    
20160603154613814020081    
201606031546138140100512   
20160603154613814010302    
20160603154613814010311    
20160603154613814010361    
20160603154613814010372    
20160603154613814010441    
20160603154613814016121    
201606031546138140161515   
20160603154613814010543    
20160603154613814010611    
20160603154613814050182    
20160603154613814020105    
20160603154613814020113    
20160603154613814020122    
20160603154838811010011    
20160603154838811010056    
20160603154838811010261    
20160603154838811010391    
20160603154838811010611    
20160603154838811010642    
20160603154838811010731    
20160603154838811011011    
201606031548388110110210   
20160603154838811016121    
20160603154838811016156    
20160603154838811020031    
20160603154838811020063    
20160603154838811020071    
20160603154838811020102    
20160603154838811030041    
20160603154838811050021    
20160603155648806810053    
20160603155648806810361    
20160603155648806810542    
20160603155648806810642    
20160603155648806810681    
201606031556488068110210   
20160603155648806816153    
20160603155648806820032    
20160603155648806820062    
20160603155648806820102    
20160603161218815210015    
20160603161218815210021    
20160603161218815210052    
20160603161218815210081    
20160603161218815210091    
20160603161218815210262    
20160603161218815210301    
20160603161218815210311    
20160603161218815210371    
20160603161218815210391    
20160603161218815210542    
20160603161218815210611    
20160603161218815210632    
20160603161218815210641    
20160603161218815210742    
20160603161218815216121    
20160603161218815216156    
20160603161218815220033    
20160603161218815220064    
20160603161218815220073    
20160603161218815220102    
20160603161218815220122    
20160603161218815240141    
20160603161218815250101    
20160603164736811110011    
20160603164736811110053    
20160603164736811110361    
20160603164736811110391    
20160603164736811110741    
20160603164736811110751    
20160603164736811116155    
20160603164736811120061    
20160603164736811120071    
20160603164736811120111    
20160603164736811140062    
20160603164736811150021    
20160603165710806510031    
20160603165710806510055    
20160603165710806510302    
20160603165710806510312    
20160603165710806510372    
20160603165710806510392    
20160603165710806510523    
20160603165710806516121    
201606031657108065161510   
20160603165710806520065    
20160603165710806520073    
20160603165710806530013    
20160603165710806540071    
20160603165710806550031    
201606031658468141100110   
20160603165846814110032    
20160603165846814110071    
20160603165846814110268    
20160603165846814120036    
20160603165846814150092    
20160603165846814150102    
201606031658468141100515   
20160603165846814110302    
20160603165846814110372    
20160603165846814110402    
20160603165846814110441    
20160603165846814110491    
20160603165846814116122    
201606031658468141161513   
20160603165846814110543    
20160603165846814110611    
20160603165846814110633    
20160603165846814110683    
201606031658468141201010   
20160603165846814120113    
20160603165846814120122    
20160603165846814110744    
20160603165846814110753    
201606031659538141200615   
20160603165953814120079    
20160603170328808110012    
20160603170328808120032    
20160603170328808120068    
20160603170328808120071    
20160603170328808120081    
20160603170328808110053    
20160603170328808116121    
20160603170328808116159    
20160603170328808120104    
20160603170328808120111    
20160603170818813310013    
201606031708188133100510   
20160603170818813310071    
20160603170818813310261    
20160603170818813310301    
20160603170818813310541    
20160603170818813310611    
20160603170818813310621    
20160603170818813310631    
20160603170818813310642    
20160603170818813310681    
20160603170818813310741    
20160603170818813310752    
20160603170818813316121    
201606031708188133161510   
20160603170818813320033    
20160603170818813320063    
20160603170818813320072    
20160603170818813320103    
20160603170818813320112    
20160603170818813320121    
20160603170818813340082    
20160603170818813350111    
20160603171559815110015    
20160603171559815110031    
20160603171559815110264    
20160603171559815120032    
20160603171559815120065    
20160603171559815120072    
20160603171559815120081    
20160603171559815130041    
20160603171559815140071    
20160603171559815110056    
20160603171559815110301    
20160603171559815110311    
20160603171559815110371    
20160603171559815110391    
20160603171559815110441    
20160603171559815110523    
20160603171559815116121    
201606031715598151161510   
20160603171559815110642    
20160603171559815120102    
20160603171559815120111    
20160603171559815120121    
20160603171559815111012    
201606031715598151110214   
20160603171559815110743    
20160603171559815110756    
20160603171837809010011    
20160603171837809010031    
201606031718378090100520   
20160603171837809010071    
20160603171837809010261    
20160603171837809010522    
20160603171837809010755    
20160603171837809016121    
201606031718378090161512   
20160603171837809020032    
201606031718378090200610   
20160603171837809020073    
20160603171837809020081    
20160603171837809020106    
20160603171837809020121    
20160603171837809030015    
20160603171837809030051    
20160603171837809040081    
20160603171837809050021    
20160603171837809050101    
20160603173426810510011    
20160603173426810510031    
201606031734268105100510   
20160603173426810510261    
20160603173426810510301    
20160603173426810510311    
20160603173426810510371    
20160603173426810510522    
20160603173426810510631    
20160603173426810510641    
20160603173426810510681    
20160603173426810510742    
20160603173426810510752    
20160603173426810516121    
20160603173426810516157    
20160603173426810520032    
20160603173426810520066    
20160603173426810520072    
20160603173426810520103    
20160603173426810520121    
20160603173426810550022    
20160603173426810550112    
20160603173447814610011    
20160603173447814610031    
20160603173447814620032    
20160603173447814620063    
20160603173447814620071    
20160603173447814620081    
201606031734478146100510   
20160603173447814610302    
20160603173447814610311    
20160603173447814610372    
20160603173447814610392    
20160603173447814616121    
20160603173447814616159    
20160603173447814610611    
20160603173447814610641    
20160603173447814620104    
20160603173447814620111    
20160603173447814620121    
20160603173447814610742    
20160603173703814130051    
20160603174346806410012    
20160603174346806410031    
20160603174346806410054    
20160603174346806410262    
20160603174346806410521    
20160603174346806410542    
20160603174346806410643    
20160603174346806410741    
20160603174346806410751    
20160603174346806416155    
20160603174346806420033    
20160603174346806420065    
20160603174346806420072    
20160603174346806420106    
20160603174346806420112    
20160603174346806420121    
20160603175252813910012    
20160603175252813910031    
20160603175252813910055    
20160603175252813910261    
20160603175252813910302    
20160603175252813910372    
20160603175252813910421    
20160603175252813916157    
20160603175252813920064    
20160603175252813920071    
20160603175252813940073    
20160603175252813950023    
20160603180128805210013    
201606031801288052100513   
20160603180128805210522    
20160603180128805216121    
20160603180128805216157    
20160603180128805220034    
201606031801288052200610   
20160603180128805220081    
20160603180128805220106    
20160603180128805220112    
20160603180128805250021    
20160603180128805250091    
20160603180227811710011    
20160603180227811710261    
20160603180227811710302    
20160603180227811710372    
20160603180227811710541    
20160603180227811710631    
20160603180227811710642    
20160603180227811710681    
20160603180227811716153    
20160603180227811720032    
20160603180227811720063    
20160603180227811720071    
20160603180227811720102    
20160603180227811720111    
20160603180227811720122    
20160603180332815250021    
20160603181815801550112    
20160603181815801510525    
20160603181815801516154    
20160603181815801510015    
20160603181815801510271    
20160603181815801510031    
20160603181815801510052    
20160603181815801520031    
20160603181815801520106    
20160603181815801520111    
20160603181815801520067    
20160603181815801520072    
20160603181815801530011    
201606031823228097100110   
20160603182322809710021    
20160603182322809710031    
20160603182322809710524    
20160603182322809716124    
201606031823228097161536   
20160603182322809720081    
201606031823228097201021   
20160603182530814710012    
20160603182530814710031    
20160603182530814720032    
20160603182530814720067    
20160603182530814720072    
20160603182530814710058    
201606031825308147161510   
20160603182530814720103    
20160603182530814720112    
20160603182530814720121    
20160603183147811810011    
20160603183147811810261    
20160603183147811820062    
20160603183147811810052    
20160603183147811810311    
20160603183147811810521    
20160603183147811816152    
20160603183147811810641    
20160603183147811820102    
20160603183147811820111    
20160603183147811810741    
20160603184704809610014    
20160603184704809610058    
20160603184704809610262    
20160603184704809610301    
20160603184704809610523    
20160603184704809610741    
20160603184704809610752    
20160603184704809616121    
20160603184704809616156    
20160603184704809620033    
20160603184704809620065    
20160603184704809620072    
20160603184704809620106    
20160603184704809620112    
20160603184704809620121    
20160603184704809630012    
20160603184704809650092    
20160603185226810110012    
20160603185226810110052    
20160603185226810110261    
20160603185226810110301    
20160603185226810110371    
20160603185226810110641    
20160603185226810111012    
201606031852268101110213   
20160603185226810116121    
20160603185226810116154    
20160603185226810120032    
20160603185226810120063    
20160603185226810120071    
20160603185226810120081    
20160603185226810120104    
20160603185226810120112    
20160603185226810150021    
20160603191134807910016    
20160603191134807910021    
20160603191134807910031    
201606031911348079100510   
20160603191134807910071    
20160603191134807910151    
20160603191134807910265    
20160603191134807910303    
20160603191134807910311    
20160603191134807910371    
20160603191134807910391    
20160603191134807910421    
20160603191134807910522    
20160603191134807910611    
20160603191134807910632    
20160603191134807910681    
20160603191134807916121    
201606031911348079161514   
20160603191134807920037    
201606031911348079200612   
20160603191134807920075    
20160603191134807920081    
20160603191134807920107    
20160603191134807920115    
20160603191134807920122    
20160603191134807930011    
20160603191134807940071    
20160603191134807940082    
20160603191134807950021    
20160603191134807950092    
20160603191134807950102    
20160603191134807950111    
20160603192650812810011    
20160603192650812810121    
20160603192650812820032    
20160603192650812820065    
20160603192650812830011    
20160603192650812810056    
20160603192650812810311    
20160603192650812816121    
20160603192650812816158    
20160603192650812810542    
20160603192650812820104    
20160603192650812820111    
20160603192650812820121    
20160603192650812810742    
20160603192650812810751    
20160603194223811410012    
20160603194223811410055    
20160603194223811410522    
20160603194223811416154    
20160603194223811420033    
20160603194223811420066    
20160603194223811420072    
20160603194223811420102    
20160603194949812410015    
20160603194949812410031    
201606031949498124100520   
20160603194949812410122    
20160603194949812410262    
20160603194949812410304    
20160603194949812410312    
20160603194949812410361    
20160603194949812410372    
20160603194949812410393    
20160603194949812410421    
20160603194949812410522    
20160603194949812410551    
20160603194949812410621    
20160603194949812410631    
20160603194949812410642    
201606031949498124161515   
20160603194949812420036    
201606031949498124200613   
20160603194949812420074    
20160603194949812420081    
201606031949498124201011   
20160603194949812420114    
20160603194949812420124    
20160603194949812430051    
20160603195315806910015    
20160603195315806910053    
20160603195315806910121    
20160603195315806910521    
20160603195315806916121    
20160603195315806916157    
20160603195315806920035    
20160603195315806920069    
20160603195315806920075    
20160603195315806920081    
201606031953158069201010   
20160603195315806920113    
20160603195447806920081    
20160603200949804610011    
20160603200949804610021    
20160603200949804610031    
20160603200949804610522    
20160603200949804610643    
20160603200949804616121    
201606032009498046161512   
20160603200949804620032    
201606032009498046200610   
20160603200949804620081    
20160603200949804620105    
