20160309194021164210011    
20160309194021164210021    
20160309194021164250012    
20160309194021164210341    
20160309202223161110172    
20160309210304160510011    
20160309210304160510021    
20160309210304160510062    
20160309210304160510341    
20160309210304160520011    
20160309215844128610012    
20160309215844128610022    
20160309215844128610171    
20160309215844128610341    
20160309223233161410011    
20160309223233161410021    
20160309223233161410031    
20160309223233161410172    
20160309224637124010011    
20160309224637124010021    
20160309224805152710012    
20160309224805152710022    
20160309224805152710341    
20160309224805152720011    
20160309225016123010011    
20160309225016123010021    
20160309225016123010101    
20160309225016123010172    
20160309225016123020011    
20160309225016123020221    
20160309225629124610011    
20160309225629124610021    
20160309225629124610341    
20160309225918164110012    
20160309225918164110022    
20160309225918164110031    
20160309225918164150011    
20160309230546160310012    
20160309230546160310022    
20160309230546160310032    
20160309230754130110012    
20160309230754130110022    
20160309230754130110103    
20160309230754130120011    
20160309232318163310073    
20160309232318163310082    
20160309232318163310171    
20160309232318163320251    
20160309232318163310501    
20160309232318163310021    
20160309232431123510181    
20160309232431123510171    
20160309232715163330131    
20160309232924125510011    
20160309232924125510021    
20160309232924125510081    
20160309233227125010011    
20160309233227125010021    
20160309233227125010342    
20160309233227125030011    
20160309233227125020012    
20160309233227125020151    
20160309234142116510012    
20160309234142116510022    
20160309234142116510341    
20160309234142116510172    
20160309234142116520011    
20160309234142116530011    
20160309234142116510071    
20160309234827133010011    
20160309234827133010021    
20160309234827133020051    
20160309235927151510013    
20160309235927151510023    
20160309235927151510172    
20160309235927151510193    
20160309235927151510031    
20160309235927151510342    
20160309235927151520011    
20160309235927151520151    
20160309235927151520081    
20160309235927151520211    
20160309235927151520091    
20160310000016108410011    
20160310000016108410021    
20160310000016108410341    
20160310000016108420011    
20160310000108129810071    
20160310000108129810081    
20160310000108129810171    
20160310000130150610013    
20160310000130150610023    
20160310000130150610101    
20160310000412151110012    
20160310000412151110022    
20160310000412151110341    
20160310000412151110173    
20160310000412151120011    
20160310000412151120151    
20160310000542126410012    
20160310000542126410022    
20160310000542126410341    
20160310000542126420081    
20160310000542126430011    
20160310000759132110012    
20160310000759132110022    
20160310000759132130011    
20160310000759132110341    
20160310001033162110012    
20160310001033162110022    
20160310001033162120011    
20160310001033162120151    
20160310001033162120211    
20160310001033162120111    
20160310001605153110011    
20160310001605153110021    
20160310001605153110032    
20160310001605153110101    
20160310001605153120011    
20160310001605153120151    
20160310002040162310011    
20160310002040162310021    
20160310002040162310341    
20160310002040162330011    
20160310002330108110011    
20160310002330108110021    
20160310002453131410171    
20160310002840150710013    
20160310002840150710023    
20160310002840150710342    
20160310002840150720091    
20160310003201123110012    
20160310003201123110022    
20160310003201123110101    
20160310003201123130011    
20160310003307121010011    
20160310003307121010021    
20160310003307121020141    
20160310003307121050013    
20160310004017125310011    
20160310004017125310021    
20160310004017125320011    
20160310004017125330011    
20160310004017125310341    
20160310004050160810012    
20160310004050160810022    
20160310004050160810031    
20160310004050160810061    
20160310004050160810176    
20160310004050160810341    
20160310004258100910012    
20160310004258100910022    
20160310004258100910173    
20160310004258100910341    
20160310004831160210013    
20160310004831160210023    
20160310005344151710171    
20160310005444161510011    
20160310005444161510021    
20160310005444161510341    
20160310005444161510174    
20160310005444161520011    
20160310005608162610011    
20160310005608162610021    
20160310005608162610192    
20160310005608162610341    
20160310005608162630011    
20160310005637130710011    
20160310005637130710021    
20160310005637130710341    
20160310010049164310011    
20160310010049164310021    
20160310010213152410012    
20160310010213152410022    
20160310010213152410341    
20160310010213152410172    
20160310010213152420011    
20160310010609108710011    
20160310010609108710021    
20160310010609108720091    
20160310010743163420241    
20160310010743163420141    
20160310010743163410012    
20160310010743163410022    
20160310010743163410342    
20160310011044151810011    
20160310011044151810021    
20160310011044151810341    
20160310011048121110011    
20160310011048121110021    
20160310011048121120011    
20160310011048121110341    
20160310011734160410012    
20160310011734160410022    
20160310011734160410341    
20160310011734160410061    
20160310011734160420011    
20160310011734160420151    
20160310011734160420081    
20160310013007128810012    
20160310013007128810022    
20160310013007128810341    
20160310013110129110181    
20160310013110129120011    
20160310013110129120281    
20160310013444127610011    
20160310013444127610021    
20160310013444127610061    
20160310013804161210011    
20160310013804161210021    
20160310013804161210073    
20160310013804161210083    
20160310013804161210172    
20160310013804161210341    
20160310013804161220011    
20160310013804161220151    
20160310014735163710011    
20160310014735163710021    
20160310014735163720321    
20160310014739126510011    
20160310014739126510021    
20160310014739126510341    
20160310015230112910011    
20160310015230112910021    
20160310015230112910342    
20160310015230112920011    
20160310015439131210012    
20160310015439131210022    
20160310015439131230011    
20160310020943104410011    
20160310020943104410021    
20160310020943104410172    
20160310020943104420071    
20160310020943104420151    
20160310020943104430011    
20160310021027130410012    
20160310021027130410022    
20160310021027130410171    
20160310022609162510012    
20160310022609162510022    
20160310022609162510031    
20160310022609162510171    
20160310022609162520221    
20160310022609162510341    
20160310022821134010012    
20160310022821134010022    
20160310022821134010342    
20160310022821134010171    
20160310022821134050011    
20160310023502114410012    
20160310023502114410022    
20160310023502114410031    
20160310023502114410101    
20160310023502114420011    
20160310023502114430131    
20160310023751152610011    
20160310023751152610021    
20160310023751152610031    
20160310023751152610171    
20160310023751152610341    
20160310023751152620011    
20160310024156123710012    
20160310024156123710022    
20160310024156123710171    
20160310024156123710341    
20160310024156123720013    
20160310024156123720151    
20160310031326131310011    
20160310031326131310021    
20160310031326131310172    
20160310031326131310341    
