201609011626071093102510   
20160901162607109310271    
20160901162607109310307    
20160901162607109310652    
20160901162607109310661    
20160901162607109310682    
20160901162607109315191    
20160901162607109315251    
20160901162607109315351    
20160901162607109315401    
20160901162607109320101    
20160901162607109320201    
201609011626071093300120   
20160901162607109330083    
20160901162607109330351    
20160901162607109330431    
20160901162607109330893    
20160901205802103810321    
20160901205802103810661    
20160901205802103810681    
20160901205802103810861    
20160901205802103820021    
20160901205802103820331    
20160901205802103820401    
20160901205802103825031    
20160901205802103830031    
20160901205802103830041    
20160901205802103830052    
20160901205802103830111    
20160901205802103830301    
20160901205802103830451    
20160901224941105810123    
20160901224941105810323    
20160901224941105810633    
20160901224941105810651    
20160901224941105810821    
20160901224941105815061    
20160901224941105815421    
20160901224941105830034    
20160901224941105830053    
20160901224941105830451    
20160901224941105830891    
20160901224941105830921    
20160901225037105210024    
20160901225037105210101    
20160901225037105210305    
20160901225037105210383    
20160901225037105210421    
20160901225037105210611    
20160901225037105210651    
20160901225037105210661    
20160901225037105210671    
20160901225037105210682    
20160901225037105210701    
20160901225037105210861    
20160901225037105215041    
20160901225037105215161    
20160901225037105215181    
20160901225037105215191    
20160901225037105215331    
20160901225037105215421    
20160901225037105220212    
20160901225037105225112    
20160901225037105230015    
20160901225037105230033    
20160901225037105230111    
20160901225037105230351    
20160901225037105230691    
20160901225037105230892    
20160901225037105230921    
20160901225037105230941    
20160901225037105230961    
20160901225438103915061    
20160901225438103915101    
20160901225438103915121    
20160901225438103915351    
20160901225438103930081    
20160901225438103930411    
20160901230024103910173    
20160901230024103910651    
20160901230024103910861    
201609012300241039300120   
20160901230024103930193    
20160901230024103930203    
20160901230024103930381    
20160901230024103930691    
20160901230202103910323    
20160901230202103910343    
20160901230202103910431    
20160901230202103910872    
20160901230317103920212    
20160901230317103920401    
20160901230704103910382    
20160901235115104010432    
20160901235115104010492    
20160901235115104010861    
20160901235115104015371    
20160901235115104015421    
20160901235115104030015    
20160901235115104030331    
20160901235115104030451    
201609020004391097103410   
20160902000439109710491    
20160902000439109715041    
20160902000439109715371    
20160902000439109715462    
20160902000439109720055    
20160902000439109720261    
20160902000439109730045    
20160902000439109730461    
20160902000439109730481    
20160902000439109730681    
20160902000439109730701    
20160902000439109730961    
20160902000914103830013    
20160902001951106710431    
20160902001951106715041    
20160902001951106715191    
20160902001951106715211    
20160902001951106715401    
20160902001951106715421    
20160902001951106720101    
20160902001951106725121    
20160902001951106725161    
20160902001951106725201    
20160902001951106725251    
201609020019511067300110   
20160902001951106730042    
20160902001951106730061    
20160902001951106730081    
20160902001951106730204    
20160902002939102910023    
20160902002939102910071    
201609020029391029101210   
20160902002939102910141    
201609020029391029102515   
20160902002939102910273    
201609020029391029103015   
20160902002939102910325    
201609020029391029103410   
20160902002939102910432    
20160902002939102910471    
20160902002939102910491    
20160902002939102910627    
20160902002939102910651    
20160902002939102910662    
20160902002939102910685    
20160902002939102910862    
20160902002939102915263    
20160902002939102915402    
20160902002939102915421    
20160902002939102920013    
20160902002939102920023    
20160902002939102920192    
20160902002939102925241    
20160902002939102930015    
20160902002939102930032    
20160902002939102930055    
20160902002939102930082    
20160902002939102930321    
20160902002939102930351    
20160902002939102930381    
20160902002939102930522    
20160902002939102930542    
20160902002939102930691    
20160902002939102930701    
20160902002939102930941    
201609020108121033102520   
20160902010812103310272    
20160902010812103310305    
20160902010812103310652    
20160902010812103310861    
20160902010812103315071    
20160902010812103315131    
20160902010812103315371    
20160902010812103330015    
20160902011002106110023    
20160902011002106110123    
20160902011002106110211    
20160902011002106110255    
20160902011002106110303    
20160902011002106110471    
20160902011002106110633    
20160902011002106110652    
20160902011002106110681    
20160902011002106110861    
20160902011002106115041    
20160902011002106115181    
20160902011002106115401    
20160902011002106130081    
20160902011002106130121    
20160902011002106130203    
20160902011002106130271    
20160902011002106130892    
20160902011002106130961    
20160902011102109110025    
20160902011102109110071    
20160902011102109110255    
20160902011102109110271    
20160902011102109110304    
20160902011102109110345    
20160902011102109110431    
20160902011102109110633    
20160902011102109110681    
20160902011102109115061    
20160902011102109115262    
20160902011102109115331    
20160902011102109120021    
20160902011102109120101    
201609020111021091202012   
20160902011102109125031    
20160902011102109125261    
201609020111021091300110   
20160902011102109130031    
20160902011102109130053    
20160902011102109130196    
20160902011102109130251    
20160902011102109130271    
20160902011102109130383    
20160902011102109130393    
20160902011102109130402    
20160902011102109130891    
20160902011102109130921    
20160902011102109130961    
20160902012913102510471    
20160902012913102510861    
20160902012913102515261    
20160902012913102515421    
20160902012913102530053    
20160902012913102530192    
20160902012913102530202    
20160902012913102530321    
20160902012913102530891    
20160902020005107310122    
20160902020005107310255    
20160902020005107310272    
20160902020005107310345    
20160902020005107310421    
201609020200051073106215   
20160902020005107310633    
20160902020005107310651    
20160902020005107310682    
20160902020005107310821    
20160902020005107310862    
20160902020005107315161    
20160902020005107315181    
20160902020005107315191    
20160902020005107315351    
20160902020005107320012    
20160902020005107320052    
20160902020005107320111    
201609020200051073202010   
20160902020005107320331    
20160902020005107330015    
20160902020005107330272    
20160902020005107330351    
20160902020005107330361    
20160902020005107330381    
20160902020005107330571    
20160902020005107330691    
20160902020005107330891    
20160902022018104310325    
20160902022018104310421    
20160902022018104310651    
20160902022018104310681    
20160902022018104310791    
20160902022018104310821    
20160902022018104310861    
20160902022018104320053    
20160902022018104320331    
20160902022018104320403    
20160902022018104330015    
20160902022018104330081    
20160902022018104330461    
20160902022018104330891    
