201604052059552061200140   
201604052254542066200180   
20160405225454206620062    
20160405225454206620071    
20160405225454206620083    
20160405225454206620091    
20160405225454206620311    
20160405225454206620322    
201604052254542066206510   
20160405225454206620901    
20160405225454206621051    
2016040523371821132001120  
20160405233718211320061    
20160405233718211320072    
20160405233718211320322    
201604052337182113206510   
20160405233718211320901    
201604052337382024200160   
20160405233738202420071    
20160405233738202420311    
2016040523560720332001180  
20160405235607203320063    
20160405235607203320072    
20160405235607203320082    
20160405235607203320111    
20160405235607203320321    
20160405235607203320551    
20160405235607203320655    
20160405235607203320901    
201604052359062109200180   
20160405235906210920061    
20160405235906210920071    
20160405235906210920321    
201604052359062109206510   
201604060000292026200140   
20160406000029202620061    
20160406000029202620071    
20160406000029202620655    
20160406000029202621041    
201604060001032230200180   
20160406000103223020062    
20160406000103223020082    
20160406000103223020091    
201604060001032230206510   
20160406000103223021041    
2016040600030620912001100  
20160406000306209120061    
20160406000306209120073    
20160406000306209120083    
20160406000306209120323    
201604060003062091206515   
20160406000306209120901    
20160406000306209120911    
2016040600224721152001100  
20160406002247211520061    
20160406002247211520071    
20160406002247211520082    
20160406002247211520321    
201604060022472115206510   
20160406002247211520901    
201604060030302027200120   
20160406003030202720081    
20160406003030202720301    
20160406003030202720321    
2016040600344120342001120  
20160406003441203420062    
20160406003441203420071    
20160406003441203420082    
20160406003441203420302    
20160406003441203420655    
2016040600344620432001120  
20160406003446204320061    
20160406003446204320071    
20160406003446204320081    
20160406003446204320301    
20160406003446204320321    
20160406003446204320655    
20160406003446204321041    
201604060040062032200160   
20160406004006203220061    
20160406004006203220071    
20160406004006203220081    
20160406004006203220321    
20160406004006203220655    
20160406004006203220911    
20160406004006203221021    
2016040602171513812001120  
20160406021715138120061    
20160406021715138120301    
20160406021715138120321    
20160406021715138120072    
201604060217151381206510   
20160406021715138121041    
