20160819184533606720014    
20160819184533606720063    
20160819184533606720412    
20160819210218502220017    
20160819210218502220063    
20160819213548603920041    
20160819221509603020013    
20160819221509603020062    
20160819221616603220063    
20160819232149607020012    
20160819232149607020061    
20160819232927606920013    
20160819233102505220011    
20160819233102505240252    
20160820000129606520012    
20160820000129606520061    
20160820000129606540191    
20160820000129606520241    
20160820003333606620016    
20160820003333606620151    
20160820011826602420012    
20160820012531601920012    
20160820012531601920041    
20160820012531601920062    
20160820012531601920681    
20160820013607606220018    
20160820013607606220062    
20160820013607606220074    
20160820013917606020014    
20160820013917606020073    
20160820013917606020701    
20160820013917606020811    
20160820013917606040191    
201608200221513020200110   
20160820022151302020062    
20160820022325604220013    
20160820022325604220063    
20160820023043600220015    
