20161018011424009800033    
20161018011424009800043    
20161018011424009800571    
20161018011424009800106    
20161018011424009805032    
20161018011424009805123    
20161018011424009805153    
20161018011424009840112    
20161018011424009840523    
20161018011424009840532    
20161018011424009880013    
20161018011424009800061    
20161018011424009800072    
20161018011424009840391    
20161018091206800000755    
201610180918217997990124   
201610180918217997990224   
201610180920537996000736   
201610180920537996990230   
20161018092212799500401    
20161018092212799500731    
201610180922127995990118   
201610180922127995990218   
201610180927158000000748   
20161018092715800000402    
201610180927158000990148   
201610180927158000990254   
201610181053018013001020   
20161018105301801300038    
20161018105301801300048    
20161018105301801300401    
20161018105301801300423    
20161018105301801300431    
20161018105301801305082    
20161018110151802000103    
20161018110151802000032    
20161018110151802000041    
20161018110151802000202    
20161018110151802000221    
20161018110151802000241    
20161018110151802000751    
20161018110151802000401    
20161018110151802000451    
20161018110151802000731    
20161018110151802005022    
20161018110151802005043    
20161018110151802005122    
20161018110151802040113    
20161018111504800300213    
20161018111504800300722    
20161018111504800300752    
201610181115048003050220   
201610181115048003050316   
20161018111504800305156    
201610181115048003405240   
20161018111749801000401    
201610181117498010007515   
201610181117498010007710   
201610181117498010990190   
201610181117498010990260   
20161018112930801900108    
20161018112930801900034    
20161018112930801900043    
20161018112930801900571    
20161018112930801900081    
20161018112930801900061    
20161018112930801900202    
20161018112930801900243    
20161018112930801900731    
20161018112930801900401    
20161018112930801900451    
20161018112930801900581    
20161018112930801900591    
20161018112930801905032    
20161018112930801905044    
20161018112930801905123    
20161018112930801905153    
20161018112930801905173    
20161018121216027100033    
20161018121216027100042    
20161018121216027100105    
20161018121216027100571    
20161018121216027100081    
20161018121216027100062    
20161018121216027100202    
20161018121216027180014    
20161018121216027105035    
20161018121216027105162    
20161018123203800305044    
20161018124252799805163    
20161018130834800099031    
20161018130834800099041    
20161018133052801500036    
20161018133052801500045    
20161018133052801500203    
20161018133052801500211    
20161018133052801500241    
20161018133052801500571    
20161018133052801500301    
201610181330528015001011   
20161018133052801505021    
20161018133052801505152    
20161018133052801505174    
20161018133052801540112    
20161018133052801540141    
20161018133052801505203    
201610181330528015405210   
201610181330528015405315   
20161018133052801580031    
20161018133052801540391    
20161018133401801505124    
20161018133410801400032    
20161018133410801400043    
20161018133410801400401    
20161018133410801400581    
20161018133410801400106    
20161018133410801405032    
20161018133410801405041    
20161018133410801405123    
20161018133410801405141    
20161018133410801405153    
20161018133410801405201    
20161018133410801480031    
20161018133410801400061    
20161018133410801400071    
20161018133422801800105    
20161018133422801800033    
20161018133422801800042    
20161018133422801800081    
20161018133422801800062    
20161018133422801800071    
20161018133422801800201    
20161018133422801800211    
20161018133422801800221    
20161018133422801800241    
20161018133422801800251    
20161018133422801800751    
20161018133422801800771    
20161018133422801800401    
20161018133422801840537    
20161018133422801805032    
20161018133422801805041    
20161018133422801805121    
20161018133422801805141    
20161018133422801805153    
20161018133422801805162    
20161018133422801840112    
20161018133523802400102    
20161018133523802400031    
20161018133523802400042    
20161018133523802400212    
20161018133523802400221    
20161018133523802400771    
20161018133523802480031    
20161018133523802480041    
20161018133523802405021    
20161018133523802405171    
20161018133635005700032    
20161018133635005700042    
20161018133635005700104    
20161018133635005705122    
20161018133635005705161    
20161018133635005700571    
20161018133635005780011    
20161018133635005700071    
20161018133635005740523    
20161018133653013900102    
20161018133653013900031    
20161018133653013900041    
20161018133653013905021    
20161018133653013905042    
20161018133653013900081    
20161018133653013940535    
20161018133653013940525    
20161018134418801505011    
20161018134640016900105    
20161018134640016900033    
20161018134640016900042    
20161018134640016900072    
20161018134640016940211    
20161018135150800000024    
20161018135150800000032    
20161018135150800000042    
201610181351508000000615   
20161018135150800000083    
20161018135150800000101    
20161018135150800000201    
20161018135150800000213    
20161018135150800000223    
20161018135150800000243    
20161018135150800000286    
20161018135150800000571    
20161018135150800000724    
20161018135150800000752    
20161018135150800000773    
20161018135150800005022    
20161018135150800005031    
201610181351508000050412   
20161018135150800005081    
20161018135150800005123    
20161018135150800005142    
201610181351508000051513   
20161018135150800005179    
20161018135150800040115    
20161018135150800040392    
201610181351508000405215   
201610181351508000405325   
20161018135150800085003    
201610181351508000990118   
201610181351508000990224   
20161018135332802500032    
20161018135332802500042    
20161018135332802500221    
20161018135332802500752    
20161018135332802500105    
20161018135332802505042    
20161018135332802505152    
20161018135332802540112    
20161018135332802500071    
20161018135350011405043    
20161018135350011400032    
20161018135350011400042    
20161018135350011400104    
20161018135350011400071    
20161018135530019800039    
20161018135530019800046    
201610181355300198001014   
20161018135530019800572    
20161018140048015900102    
20161018140048015900031    
20161018140048015900041    
20161018140048015900021    
20161018140711027000041    
20161018140711027000061    
20161018140711027000073    
20161018140711027080012    
20161018140711027005011    
201610181407110270050710   
20161018140711027005132    
20161018140753020700571    
20161018140753020700061    
20161018140753020700071    
20161018140753020700221    
20161018140753020700251    
20161018140753020700751    
20161018140753020740535    
20161018140753020740555    
20161018140753020780012    
20161018140753020780021    
20161018140753020705021    
20161018140753020705041    
20161018140753020705075    
20161018140753020705123    
20161018140753020705131    
20161018140753020705142    
20161018140753020740112    
20161018140905801700021    
20161018140905801700035    
20161018140905801700043    
20161018140905801700201    
20161018140905801700212    
20161018140905801700241    
20161018140905801700251    
20161018140905801700401    
20161018140905801700571    
20161018140905801700721    
20161018140905801700751    
20161018140905801700301    
20161018140905801700108    
20161018140905801700082    
20161018140905801705011    
20161018140905801705022    
20161018140905801705032    
20161018140905801705042    
20161018140905801705124    
20161018140905801705141    
20161018140905801705153    
20161018140905801705163    
20161018140905801740141    
20161018140905801740171    
20161018140905801705204    
20161018140905801780041    
20161018140905801700062    
20161018140905801700072    
20161018140905801740391    
20161018141600015600107    
20161018141600015600034    
20161018141600015600042    
20161018141600015600061    
20161018141600015600072    
20161018141600015600201    
20161018141600015600241    
20161018141600015600751    
20161018141600015600771    
20161018141600015600401    
20161018141600015640522    
20161018141600015640532    
20161018141600015640211    
20161018141600015605021    
20161018141600015605032    
20161018141600015605041    
20161018141600015605123    
20161018141600015605141    
20161018141600015605152    
20161018141600015605162    
20161018141600015605203    
20161018141852002700032    
20161018141852002700042    
20161018141852002700104    
20161018142754007200106    
20161018142754007200034    
20161018142754007200042    
20161018142814009500105    
20161018142814009500034    
20161018142814009500042    
20161018142814009500075    
20161018142814009500062    
20161018142814009505011    
20161018143159021300211    
20161018143159021300751    
20161018143159021305021    
20161018143159021305031    
20161018143159021305042    
201610181431590213050710   
20161018143159021305122    
20161018143159021305152    
20161018143159021340113    
20161018143159021305202    
20161018143159021340522    
20161018143159021340532    
20161018143159021300062    
20161018143159021300074    
20161018143218027600031    
20161018143218027600041    
20161018143218027600201    
20161018143218027600103    
20161018143218027605081    
20161018143218027605122    
20161018143218027680024    
20161018143218027600061    
20161018143254026900102    
20161018143254026900032    
20161018143254026900211    
20161018143254026900201    
20161018143254026900221    
20161018143254026900581    
20161018143254026940535    
20161018143254026905152    
20161018143254026905171    
20161018143254026940171    
20161018143315008700034    
20161018143315008700042    
20161018143315008700201    
20161018143315008700221    
20161018143315008700731    
20161018143315008700106    
20161018143315008700081    
20161018143315008705123    
20161018143315008705152    
20161018143315008705162    
20161018143315008740141    
20161018143315008740534    
20161018143315008740555    
20161018143315008780014    
20161018143315008700062    
20161018143315008740391    
20161018143539019600031    
20161018143539019600041    
20161018143539019600211    
20161018143539019600221    
20161018143539019600401    
20161018143539019600451    
20161018143539019600571    
20161018143539019600102    
20161018143539019605021    
20161018143539019605141    
20161018143942007900106    
20161018143942007900033    
20161018143942007900043    
20161018143942007900061    
20161018143942007900071    
20161018143942007900021    
20161018143942007905022    
20161018143942007905032    
20161018143942007905152    
20161018144041007600072    
20161018144041007600221    
20161018144041007605151    
20161018144041007605031    
20161018144041007680014    
20161018144041007680021    
20161018144103800000037    
20161018144103800000047    
201610181441038000001015   
20161018144103800000572    
20161018144115022900103    
20161018144115022900032    
20161018144115022900041    
20161018144115022900571    
20161018144115022900211    
20161018144115022900221    
20161018144115022900231    
20161018144115022905021    
20161018144115022905142    
20161018144115022905152    
20161018144251007600571    
20161018144513006600034    
20161018144513006600043    
20161018144513006600107    
20161018144513006600401    
20161018144513006600451    
20161018144812008900032    
20161018144812008900042    
20161018144812008900104    
20161018144812008900431    
20161018144812008900061    
20161018144812008900071    
20161018144812008905032    
20161018144812008905042    
20161018144812008905152    
20161018144812008905172    
20161018144812008940112    
20161018144818027700101    
20161018144818027700031    
20161018144818027700041    
20161018144818027700061    
20161018144818027700071    
20161018144818027700201    
20161018144818027700211    
20161018144818027700221    
20161018144818027700281    
20161018144818027740522    
20161018144818027740535    
20161018144818027780012    
20161018144818027705032    
20161018144818027705122    
20161018144818027705151    
20161018144818027705161    
20161018144952027240021    
20161018144952027205161    
20161018144952027205131    
20161018144952027205122    
20161018144952027205031    
20161018144952027205022    
20161018144952027280012    
20161018144952027205211    
20161018144952027200072    
20161018144952027200061    
20161018144952027200042    
20161018144952027200032    
20161018144952027200105    
20161018145002004100104    
20161018145002004100032    
20161018145002004100042    
20161018145002004100061    
20161018145002004100071    
20161018145002004100211    
20161018145002004105031    
20161018145002004105161    
20161018145006027400102    
20161018145006027400041    
20161018145006027400076    
20161018145006027405152    
20161018145006027400031    
20161018145136020000102    
20161018145136020000042    
20161018145136020000061    
20161018145136020000072    
20161018145136020000201    
20161018145136020000211    
20161018145136020000231    
20161018145136020000241    
20161018145136020005032    
20161018145136020005141    
20161018145136020005151    
20161018145143025100103    
20161018145143025100032    
20161018145143025100041    
20161018145143025100021    
20161018145143025100211    
20161018145143025100751    
20161018145143025140535    
20161018145143025140201    
20161018145143025140221    
20161018145143025180014    
20161018145143025105121    
20161018145143025105201    
20161018145215020000101    
20161018145215020000031    
20161018145358018900032    
20161018145358018900041    
20161018145358018900591    
20161018145358018900103    
20161018145358018905021    
20161018145358018905122    
20161018145358018905202    
20161018145358018940523    
20161018145419003200104    
20161018145419003200032    
20161018145419003200042    
20161018145419003240212    
20161018145428003300103    
20161018145428003300032    
20161018145428003300041    
20161018145428003340523    
20161018145428003305021    
20161018145428003305042    
20161018145428003305152    
20161018145428003305172    
20161018150023022700102    
20161018150023022700031    
20161018150023022700041    
20161018150023022700071    
20161018150023022700211    
20161018150023022780022    
20161018150023022705121    
20161018150105025105163    
201610181501420248001018   
20161018150142024800039    
20161018150142024800048    
20161018150142024800572    
20161018150142024800082    
20161018150142024800067    
20161018150142024800073    
20161018150142024800201    
20161018150142024800401    
20161018150142024805041    
20161018150142024805081    
20161018150142024805143    
201610181501420248051510   
20161018150142024805163    
20161018150332801600032    
20161018150332801600042    
20161018150332801600201    
20161018150332801600211    
20161018150332801600221    
20161018150332801600241    
20161018150332801600104    
20161018150332801600081    
20161018150332801605034    
20161018150332801605043    
20161018150332801605121    
20161018150332801605156    
20161018150332801605162    
20161018150332801640021    
20161018150332801640111    
201610181503328016405210   
20161018150332801600062    
20161018150332801640391    
20161018150426014400021    
20161018150426014400034    
20161018150426014400043    
20161018150426014400241    
20161018150426014400571    
20161018150426014400107    
20161018150426014405032    
20161018150426014405041    
20161018150426014405151    
20161018150426014405162    
20161018150426014480023    
20161018150426014400061    
20161018150426014400071    
20161018150507016100062    
20161018150507016100072    
20161018150507016100021    
20161018150507016100202    
20161018150507016100221    
20161018150507016100301    
20161018150507016100281    
20161018150507016140211    
20161018150507016105042    
20161018150507016105124    
20161018150507016105152    
20161018150507016105163    
20161018150507016105174    
20161018150545000300106    
20161018150545000300033    
20161018150545000300043    
20161018150545000300571    
20161018150545000300061    
20161018150545000300073    
20161018150545000300201    
20161018150545000300241    
20161018150545000300631    
20161018150545000305042    
20161018150545000305125    
20161018150545000305162    
20161018150647025500102    
20161018150647025500031    
20161018150647025500041    
20161018150647025500721    
20161018150647025500771    
20161018150647025580012    
20161018150647025505021    
20161018150647025505031    
20161018150758010800105    
20161018150758010800033    
20161018150758010800042    
20161018150758010880014    
20161018150758010880021    
20161018150758010800071    
20161018150758010805201    
20161018150836802100032    
20161018150836802100042    
20161018150836802100201    
20161018150836802100211    
20161018150836802100242    
20161018150836802100721    
20161018150836802100105    
20161018150836802105021    
20161018150836802105043    
20161018150836802105124    
20161018150836802105162    
20161018150836802140112    
20161018150836802105201    
20161018150836802180031    
20161018150836802100061    
20161018150836802140391    
20161018150907802300105    
20161018150907802300033    
20161018150907802300043    
20161018150907802300571    
20161018150907802300064    
20161018150907802300072    
20161018150907802300201    
20161018150907802300221    
20161018150907802300242    
20161018150907802340525    
20161018150907802340535    
20161018150907802340201    
20161018150907802340212    
201610181509078023405510   
20161018150907802305011    
20161018150907802305023    
20161018150907802305033    
20161018150907802305075    
20161018150907802305081    
20161018150907802305121    
20161018150907802305155    
20161018150907802305173    
20161018150907802340171    
20161018150907802340391    
20161018150925026500281    
20161018150925026505161    
20161018150925026580013    
20161018150940013100103    
20161018150940013100031    
20161018150940013100042    
20161018150940013100061    
20161018150940013100223    
20161018150940013100301    
20161018150940013100281    
20161018150940013140535    
20161018150940013180014    
20161018150940013180024    
20161018150940013180041    
20161018150940013105022    
20161018150940013105031    
20161018150940013105042    
20161018150940013105141    
20161018150940013105152    
20161018150940013105162    
20161018150940013140112    
20161018150940013140121    
20161018151036028100103    
20161018151036028100032    
20161018151036028100041    
20161018151036028105202    
20161018151036028180016    
20161018151036028180022    
20161018151036028100401    
20161018151349028100072    
20161018151431024700102    
20161018151431024700031    
20161018151431024700041    
20161018151431024700401    
20161018151431024705162    
20161018151431024705151    
20161018151447010800571    
20161018151632006300033    
20161018151632006300044    
20161018151632006300077    
20161018151632006300106    
20161018151844022100062    
20161018151844022100072    
20161018151844022100221    
20161018151844022100241    
20161018151844022100281    
20161018151844022100401    
20161018151844022100034    
20161018151844022100042    
20161018151844022100107    
20161018151844022100571    
20161018151949026100041    
20161018151949026100101    
20161018151949026105031    
20161018151949026100072    
20161018151949026100061    
20161018151949026100281    
20161018151949026180012    
201610181520080077001010   
20161018152008007700037    
20161018152008007700044    
20161018152008007700571    
20161018152008007700061    
20161018152008007700072    
20161018152008007740523    
20161018152022004800103    
20161018152022004800032    
20161018152022004800041    
20161018152022004805152    
20161018152022004805022    
20161018152022004800062    
20161018152105002000032    
20161018152105002000042    
20161018152105002000104    
20161018152105002040533    
20161018152105002040523    
20161018152105002005031    
20161018152105002005161    
20161018152202027900102    
20161018152202027900031    
20161018152202027900041    
20161018152202027900061    
20161018152202027900071    
20161018152202027900201    
20161018152202027900231    
20161018152202027900241    
20161018152202027940523    
20161018152202027940533    
20161018152202027980041    
20161018152202027905021    
20161018152202027905033    
20161018152202027905041    
20161018152202027905121    
20161018152202027905142    
20161018152202027905151    
20161018152202027905161    
20161018152202027940391    
20161018152202027900211    
20161018152221013400106    
20161018152221013400033    
20161018152221013400042    
20161018152221013400571    
20161018152221013400072    
20161018152221013400211    
20161018152221013400721    
20161018152221013400751    
20161018152221013400421    
20161018152221013405022    
20161018152221013405041    
20161018152221013405123    
20161018152221013405141    
20161018152221013405164    
20161018152241023000033    
20161018152241023000042    
20161018152241023000105    
20161018152241023005124    
20161018152241023080014    
20161018152241023080024    
20161018152241023005021    
20161018152241023040535    
20161018152241023005141    
20161018152241023005151    
20161018152241023005172    
20161018152241023005041    
20161018152241023000421    
20161018152241023000201    
20161018152241023000241    
20161018152241023000771    
20161018152241023000072    
20161018152241023000581    
20161018152418006700031    
20161018152418006700041    
20161018152418006700102    
20161018152707006780024    
20161018152754001100109    
20161018152754001100035    
20161018152754001100044    
20161018152754001100572    
20161018152754001100063    
20161018152754001100073    
20161018152754001100631    
20161018152754001100731    
20161018152754001105152    
20161018152824026600103    
20161018152824026600032    
20161018152824026600041    
20161018152824026600061    
20161018152824026600071    
20161018152824026600201    
20161018152824026600221    
20161018152824026640535    
20161018152824026640555    
20161018152824026680012    
20161018152824026605141    
20161018152824026605151    
20161018152824026605161    
20161018152824026640391    
20161018152824026605202    
201610181528380157850010   
20161018152838015700102    
20161018152838015700034    
20161018152838015700043    
20161018152838015700571    
20161018152838015700061    
20161018152838015700072    
20161018152838015700202    
20161018152838015700214    
20161018152838015700221    
20161018152838015700242    
20161018152838015700631    
20161018152838015700401    
20161018152838015740523    
201610181528380157405520   
20161018152838015780014    
20161018152838015780032    
20161018152838015705022    
20161018152838015705032    
20161018152838015705042    
201610181528380157050710   
20161018152838015705152    
20161018152838015705163    
20161018152838015740021    
20161018152846026800102    
20161018152846026800031    
20161018152846026800041    
20161018153155012500102    
20161018153155012500031    
20161018153155012500071    
20161018153155012500241    
20161018153155012540212    
20161018153155012505021    
20161018153155012505032    
20161018153155012505152    
20161018153155012580014    
20161018153215023900201    
20161018153215023900211    
20161018153215023905122    
20161018153307019300104    
20161018153307019300032    
20161018153307019300042    
20161018153307019300081    
20161018153307019300072    
20161018153307019300021    
20161018153307019300231    
20161018153307019300241    
20161018153307019300721    
20161018153307019340525    
20161018153307019340211    
20161018153307019380014    
20161018153307019380022    
20161018153307019305021    
20161018153307019305032    
20161018153307019305042    
20161018153307019305141    
20161018153307019305151    
20161018153307019305162    
20161018153307019340112    
20161018153307019340171    
20161018153648013300571    
20161018153648013300073    
20161018153648013300063    
20161018153648013340525    
20161018153648013340113    
20161018153648013340392    
20161018153745023200106    
20161018153745023200034    
20161018153745023200042    
20161018153745023200062    
20161018153745023200075    
20161018153745023200212    
20161018153745023200241    
20161018153745023200773    
201610181537450232800112   
20161018153745023205033    
20161018153745023205124    
201610181537450232051510   
20161018153745023205166    
20161018153745023205176    
20161018154032802800034    
20161018154032802800042    
20161018154032802800401    
20161018154032802800441    
20161018154032802800106    
20161018154032802800772    
20161018154032802805021    
20161018154032802805043    
20161018154142027800061    
20161018154142027800071    
20161018154142027800242    
20161018154142027805022    
20161018154142027805032    
20161018154142027805082    
20161018154142027805162    
20161018154218022300032    
20161018154218022300102    
20161018154218022305121    
20161018154218022300201    
20161018154218022300241    
20161018154218022305021    
20161018154218022340112    
20161018154218022305172    
20161018154218022340391    
20161018154218022300061    
20161018154245006200104    
20161018154245006200031    
20161018154245006200042    
20161018154245006205023    
20161018154245006200632    
20161018154245006200401    
20161018154328025800031    
20161018154328025800201    
20161018154328025800221    
20161018154328025800571    
20161018154328025800101    
20161018154328025800081    
20161018154328025840113    
20161018154328025840525    
20161018154328025800062    
20161018154328025800073    
20161018154432013000104    
20161018154432013000032    
20161018154432013000042    
20161018154432013000211    
20161018154432013000281    
20161018154432013005021    
20161018154432013005125    
20161018154438019500104    
20161018154438019500032    
20161018154438019500042    
20161018154438019500061    
20161018154438019500072    
20161018154438019500221    
20161018154438019500281    
20161018154438019540525    
20161018154438019540535    
20161018154438019540211    
20161018154438019540555    
20161018154438019505021    
20161018154438019505033    
20161018154438019505042    
20161018154438019505152    
20161018154438019540021    
20161018154438019540111    
20161018154438019540121    
20161018154501024600061    
20161018154501024600071    
20161018154501024600201    
20161018154501024600241    
20161018154501024605041    
20161018154501024605123    
20161018154501024605151    
20161018154501024605173    
20161018154501024640391    
20161018154501024680012    
20161018154714010700104    
20161018154714010700032    
20161018154714010700042    
20161018154714010700072    
20161018154714010700571    
20161018154714010700721    
20161018154814016300102    
20161018154814016300031    
20161018154814016300041    
20161018154814016300062    
20161018154814016300071    
20161018154814016300281    
20161018154814016305011    
20161018154814016305031    
20161018154814016305041    
20161018154814016305122    
20161018154814016305151    
20161018154814016305161    
20161018154814016340391    
20161018154814016380012    
20161018154814016380022    
20161018154814016305201    
20161018154951009305123    
20161018154951009300401    
20161018154951009300204    
20161018154951009300213    
20161018154951009300244    
20161018154951009305022    
20161018154951009340392    
20161018154951009305048    
20161018154951009305154    
20161018155026027805043    
20161018155109019500571    
20161018155158014400581    
20161018155200023700103    
20161018155200023700031    
20161018155200023700042    
20161018155200023700061    
20161018155200023700281    
20161018155200023705202    
20161018155200023740521    
20161018155200023740531    
20161018155200023705031    
20161018155200023705041    
20161018155200023705122    
20161018155200023705151    
20161018155200023705161    
20161018155246014400581    
20161018155252023780022    
20161018155505023600242    
20161018155505023640113    
20161018155505023600031    
20161018155505023600102    
20161018155505023600041    
20161018155505023600571    
20161018155709022400101    
20161018155709022400041    
20161018155709022480014    
20161018155709022400301    
20161018155709022400062    
