20160708145720600010011    
20160708145720600010022    
201607081457206000100350   
20160708145720600010042    
20160708145720600010138    
20160708145720600010185    
20160708145720600010205    
20160708145720600010221    
20160708145720600010265    
201607081457206000300410   
20160708145720600030121    
201607081457206000310320   
20160708145720600040021    
20160708145720600040031    
20160708145720600040054    
20160708145720600040152    
20160708145720600040191    
201607081457206000410310   
20160708145720600060074    
20160708171831102010021    
20160708171831102010031    
20160708171831102010041    
20160708171831102010081    
20160708171831102010133    
20160708171831102010204    
20160708171831102020001    
20160708171831102020011    
20160708171831102020022    
20160708171831102020031    
20160708171831102020052    
20160708171831102020104    
20160708171831102030042    
20160708171831102030071    
20160708171831102040051    
20160708171831102041032    
20160708171831102041041    
20160708172241203410011    
20160708172241203410023    
20160708172241203410031    
20160708172241203410051    
20160708172241203410071    
20160708172241203410133    
20160708172241203410185    
20160708172241203410203    
20160708172241203410222    
20160708172241203420001    
20160708172241203420011    
20160708172241203420022    
20160708172241203420055    
20160708172241203430045    
20160708172241203440031    
20160708172241203440053    
20160708172241203440191    
20160708172241203441035    
20160708172241203441042    
20160708172241203460091    
20160708193453102020011    
20160708193453102020024    
20160708202446201410021    
201607082024462014100320   
20160708202446201410041    
20160708202446201410052    
20160708202446201410061    
20160708202446201410081    
20160708202446201410132    
20160708202446201410185    
20160708202446201410202    
20160708202446201410224    
20160708202446201420012    
20160708202446201420022    
20160708202446201420052    
20160708202446201420063    
20160708202446201420075    
20160708202446201430042    
20160708202446201430071    
201607082024462014310320   
20160708202446201440012    
20160708202446201440021    
20160708202446201440031    
20160708202446201441033    
20160708202446201441041    
20160708202446201450012    
20160708210959203810022    
201607082109592038100320   
20160708210959203810042    
20160708210959203810091    
20160708210959203810132    
20160708210959203810186    
20160708210959203810191    
20160708210959203810202    
20160708210959203810222    
20160708210959203810262    
20160708210959203820011    
20160708210959203820051    
20160708210959203820061    
20160708210959203820071    
20160708210959203820081    
20160708210959203830045    
20160708210959203840003    
20160708210959203840014    
20160708210959203840022    
20160708210959203840031    
20160708210959203841033    
20160708210959203841041    
20160708210959203841071    
20160708210959203877791    
20160708211016203820101    
20160708212016204310011    
20160708212016204310022    
201607082120162043100340   
20160708212016204310041    
20160708212016204310131    
20160708212016204310185    
20160708212016204310202    
20160708212016204310224    
20160708212016204310262    
20160708212016204320001    
20160708212016204320062    
20160708212016204330061    
20160708212016204340002    
20160708212016204340013    
20160708212016204340021    
20160708212016204340051    
20160708212016204341033    
20160708212016204341051    
20160708212016204377791    
20160708212757101310011    
20160708212757101310023    
20160708212757101310032    
20160708212757101310042    
20160708212757101310138    
20160708212757101310143    
201607082127571013101810   
20160708212757101310203    
20160708212757101310225    
20160708212757101310263    
20160708212757101320001    
20160708212757101320062    
20160708212757101320072    
20160708212757101330046    
20160708212757101331034    
20160708212757101340055    
20160708212757101340151    
20160708212757101341034    
20160708212757101341042    
20160708213042111120025    
20160708213042111177874    
20160708213042111177881    
20160708213312204610011    
20160708213312204610021    
201607082133122046100320   
20160708213312204610134    
20160708213312204610202    
20160708213312204610222    
20160708213312204620011    
20160708213312204620022    
20160708213312204620073    
20160708213312204630042    
20160708213312204640012    
20160708213312204640021    
20160708213312204640051    
20160708213312204641032    
20160708213312204641041    
20160708213312204677791    
20160708224951103310051    
20160708224951103310139    
20160708224951103320011    
20160708224951103320041    
20160708224951103320053    
20160708224951103320061    
20160708224951103320074    
20160708224951103320081    
20160708224951103340052    
20160708224951103320103    
20160708224951103310204    
20160708224951103310184    
20160708224951103310225    
20160708224951103310263    
20160708224951103340191    
