2016050522224220692001100  
20160505222242206920062    
20160505222242206920082    
20160505222242206920321    
20160505222242206920525    
201605052222422069206525   
20160505222242206920901    
20160505222242206921021    
20160505222242206921041    
20160505222242206921051    
2016050522254420342001160  
20160505222544203420055    
20160505222544203420063    
20160505222544203420071    
20160505222544203420083    
20160505222544203420322    
201605052225442034206515   
2016050523023220612001100  
20160505230232206120061    
20160505230232206120071    
20160505230232206120081    
20160505230232206120321    
201605052302322061206513   
20160505230232206120931    
20160505230232206121041    
2016050523174520242001120  
20160505231745202420062    
20160505231745202420072    
20160505231745202420081    
20160505231745202420321    
20160505231745202421041    
201605052328372027200140   
20160505232837202720061    
20160505232837202720071    
20160505232837202720321    
20160505232837202720653    
20160505232837202720911    
2016050523450922302001160  
20160505234509223020062    
20160505234509223020071    
20160505234509223020081    
20160505234509223020161    
20160505234509223020321    
201605052345092230206525   
20160505234509223020911    
20160505234509223020931    
2016050523485020942001160  
20160505234850209420063    
20160505234850209420071    
20160505234850209420081    
20160505234850209420321    
20160505234850209420551    
201605052348502094206525   
20160505234850209420901    
20160505234850209420921    
20160505234850209420931    
2016050600080621092001160  
20160506000806210920061    
20160506000806210920073    
20160506000806210920082    
20160506000806210920321    
201605060008062109206530   
20160506000806210920901    
2016050600085720912001200  
20160506000857209120071    
20160506000857209120082    
20160506000857209120551    
201605060008572091206515   
2016050600262421152001140  
20160506002624211520061    
20160506002624211520072    
20160506002624211520081    
20160506002624211520322    
201605060026242115206515   
20160506002624211520901    
20160506002624211520931    
20160506002624211521041    
2016050600301120432001140  
20160506003011204320062    
20160506003011204320072    
20160506003011204320081    
20160506003011204320311    
20160506003011204320321    
201605060030112043206520   
20160506003011204320911    
20160506003011204320921    
20160506003011204321041    
201605060105492026200180   
20160506010549202620061    
20160506010549202620071    
20160506010549202620081    
201605060105492026206510   
20160506010549202620901    
201605060113092226200120   
20160506011309222620321    
20160506011309222620655    
2016050601284120322001160  
20160506012841203220062    
20160506012841203220072    
20160506012841203220081    
20160506012841203220321    
201605060128412032206510   
20160506012841203221041    
2016050602045013812001120  
20160506020450138120061    
20160506020450138120301    
20160506020450138120072    
201605060204501381206520   
20160506020450138120911    
20160506020450138120931    
