20160725221412103910071    
20160725221412103910122    
20160725221412103910361    
20160725221412103910421    
201607252214121039300110   
20160725221412103930192    
20160725221412103930202    
20160725221412103930401    
20160725221503103910861    
20160725221610103910343    
20160725221610103910431    
20160725221610103930043    
20160725221624108110141    
20160725221624108110174    
20160725221624108110305    
20160725221624108110371    
20160725221624108110662    
20160725221624108110682    
20160725221624108110874    
20160725221624108115164    
20160725221624108115331    
20160725221624108115402    
20160725221624108115422    
20160725221624108120021    
20160725221624108120192    
20160725221624108120271    
20160725221624108125093    
20160725221624108125112    
201607252216241081300110   
20160725221624108130034    
20160725221624108130081    
20160725221624108130112    
20160725221624108130177    
20160725221624108130195    
20160725221624108130205    
20160725221624108130262    
20160725221624108130273    
20160725221624108130396    
20160725221624108130452    
20160725221849103920331    
20160725221849103920402    
20160725221849103930061    
20160725221849103930241    
20160725221957103930043    
20160725222257103910581    
20160725222433103915162    
20160725222433103915261    
20160725222433103915371    
20160725223138103910325    
20160725223343105210111    
20160725223343105210121    
20160725223343105210253    
20160725223343105210303    
20160725223343105210322    
20160725223343105210383    
20160725223343105210421    
20160725223343105210623    
20160725223343105210651    
20160725223343105210671    
20160725223343105210682    
20160725223343105210861    
20160725223343105210871    
20160725223343105215041    
20160725223343105215161    
20160725223343105215421    
201607252233431052202012   
20160725223343105230013    
20160725223343105230032    
20160725223343105230054    
20160725223343105230202    
20160725223343105230321    
20160725223343105230331    
20160725231643103810272    
20160725231643103810303    
20160725231643103810861    
20160725231643103815161    
20160725231643103815261    
20160725231643103815351    
20160725231643103820011    
20160725231643103820111    
20160725231643103825092    
20160725231643103830013    
20160725231643103830051    
20160725231643103830061    
20160725231643103830111    
20160725231643103830461    
20160725231643103830721    
20160725231643103830891    
20160725231658107910125    
20160725231658107910255    
20160725231658107910303    
20160725231658107910343    
20160725231658107910381    
20160725231658107910431    
20160725231658107910611    
20160725231658107910627    
20160725231658107910661    
20160725231658107910681    
20160725231658107910791    
20160725231658107910801    
20160725231658107910811    
20160725231658107910841    
20160725231658107910861    
20160725231658107920011    
20160725231658107920021    
20160725231658107920052    
20160725231658107920101    
201607252316581079202012   
20160725231658107920262    
20160725231658107920331    
20160725231658107920402    
20160725231658107930055    
20160725231658107930121    
20160725231658107930177    
20160725231658107930251    
20160725231658107930271    
20160725231658107930331    
20160725233910109110253    
20160725233910109110271    
20160725233910109110637    
20160725233910109110681    
20160725233910109125101    
20160725233910109125261    
20160725233910109130015    
20160725233910109130061    
20160725233910109130131    
20160725233910109130382    
20160725233910109130891    
20160726001423104310122    
20160726001423104310271    
20160726001423104310471    
20160726001423104310625    
20160726001423104310633    
20160726001423104310681    
20160726001423104310861    
20160726001423104315041    
20160726001423104315171    
20160726001423104320101    
20160726001423104330017    
20160726001423104330081    
20160726001423104330172    
20160726001423104330271    
20160726001423104330321    
20160726002630102510172    
20160726002630102510256    
20160726002630102510271    
20160726002630102510303    
20160726002630102510342    
20160726002630102510471    
20160726002630102510624    
20160726002630102510841    
20160726002630102515361    
20160726002630102515401    
20160726002630102515421    
20160726002630102520082    
20160726002630102530052    
20160726002630102530191    
20160726002630102530201    
20160726002630102530331    
20160726002630102530891    
20160726002942104315371    
20160726002942104330452    
20160726003648109310124    
20160726003648109310306    
20160726003648109310325    
20160726003648109310345    
20160726003648109310624    
20160726003648109310632    
20160726003648109310651    
20160726003648109310681    
20160726003648109310821    
20160726003648109315191    
20160726003648109315261    
20160726003648109315351    
20160726003648109315371    
20160726003648109320161    
201607260036481093202012   
20160726003648109325031    
201607260036481093300115   
20160726003648109330056    
20160726003648109330081    
20160726003648109330194    
20160726003648109330202    
20160726003648109330402    
20160726003648109330892    
20160726004136108810861    
20160726004136108825041    
20160726004136108830013    
20160726004136108830052    
20160726004136108830701    
20160726004136108830961    
20160726010419101710023    
20160726010419101710175    
20160726010419101710795    
20160726010419101710805    
20160726010419101720011    
20160726010419101720101    
20160726010419101730432    
20160726010419101730892    
20160726011238109710023    
20160726011238109710175    
20160726011238109710345    
20160726011238109710651    
20160726011238109710681    
20160726011238109715331    
20160726011238109720053    
20160726011238109720161    
20160726011238109720171    
201607260112381097202012   
20160726011238109720402    
20160726011238109730015    
20160726011238109730055    
20160726011238109730081    
20160726011238109730195    
20160726011238109730691    
20160726014401109610346    
20160726014401109610682    
20160726014401109630015    
20160726014401109630652    
20160726014401109630892    
