20160310154139301611013    
20160310154139301611022    
20160310154139301611031    
20160310154139301611061    
20160310165613302011013    
20160310165613302011022    
20160310165613302011031    
20160310174050200111014    
20160310181854302111013    
20160310181854302111021    
20160310181854302112071    
20160310182723300711022    
20160310182723300711013    
20160310182828100211023    
201603101828281002111110   
20160310182828100211014    
20160310185539300511021    
20160310185539300511012    
20160310193340302211021    
20160310193340302211012    
20160310193738301411013    
20160310193738301411022    
20160310194349302411012    
20160310194349302411021    
20160310200429301511013    
20160310200429301511022    
20160310200429301511141    
20160310200429301512061    
20160310200429301511061    
20160310202001100311011    
20160310202001100311021    
20160310202205302311012    
20160310202205302311021    
20160310203546200311021    
20160310203546200311012    
20160310203737201011021    
20160310203737201011011    
20160310205142102611012    
20160310205142102611022    
20160310205142102612031    
20160310210131200511011    
20160310210131200511021    
