20160925152936300511021    
20160925152936300511012    
20160925155432301611012    
20160925155432301611021    
20160925162622100911012    
20160925162622100911021    
20160925162622100911061    
20160925162622100911115    
20160925162953100211022    
20160925162953100211014    
20160925174822101011012    
20160925174822101011021    
20160925174945101211012    
20160925174945101211021    
20160925175019101212031    
20160925181441202311021    
20160925181441202311011    
20160925181441202312031    
20160925183322201211012    
20160925183322201211021    
20160925183322201212031    
20160925192002302311012    
20160925192002302311021    
20160925193828302411012    
20160925193828302411021    
20160925194812102011011    
20160925194812102011021    
20160925194840200611012    
20160925194840200611021    
20160925195715201011021    
20160925195715201011012    
20160925195929102411021    
20160925195929102411012    
20160925195929102412031    
20160925200308200111013    
20160925200308200111051    
20160925200308200111132    
20160925200308200111141    
20160925200308200113131    
20160925202436300111012    
20160925202436300111022    
201609252049552010111110   
