201606082245240170100140   
201606082247390141100120   
201606082333591494100140   
20160608233359149410101    
20160608233359149410132    
20160608233359149410292    
20160608233359149410301    
201606082333591494105210   
20160608233359149410571    
20160608233359149410581    
201606082334301734100120   
20160608233430173410141    
20160608233430173410282    
20160608233430173410292    
20160608233430173415991    
201606090010191444100140   
20160609001019144410132    
201606090015500156100120   
20160609001550015610132    
20160609001550015610245    
201606090022030211100120   
20160609002203021110061    
20160609002203021110101    
20160609002203021110131    
20160609002203021110292    
20160609002203021113492    
201606090023130192100140   
20160609002313019210132    
20160609002313019210273    
201606090047420216100140   
20160609004742021610132    
20160609004742021610181    
20160609004742021613691    
201606090048390167100180   
20160609004839016710133    
201606090049111374100140   
20160609004911137410131    
20160609004911137413492    
20160609015226171410132    
20160609015226171410303    
20160609015226171410313    
20160609015226171413395    
201606090152261714100160   
20160609015226171410101    
201606090200540223100140   
20160609020054022310055    
20160609020054022310251    
20160609020054022310061    
201606090212540704100160   
20160609021254070410132    
20160609021254070413493    
20160609021254070410302    
20160609021254070410312    
201606090214500244100140   
20160609021450024410132    
20160609021450024410141    
201606090223091104100140   
20160609022309110410061    
20160609022309110410111    
20160609022309110410133    
20160609022309110410141    
20160609022309110410181    
20160609022309110410222    
20160609022309110410631    
201606090229280136100140   
20160609022928013610132    
201606090230331354100140   
20160609023033135410131    
20160609023033135410295    
20160609023033135410312    
20160609023033135410573    
201606090232441384100140   
20160609023244138410133    
20160609023244138410295    
20160609023244138410302    
20160609023244138410312    
20160609023244138410321    
20160609023244138410101    
20160609023244138419992    
201606090233030249100160   
20160609023303024910132    
20160609023303024910221    
20160609023303024910321    
20160609023303024915991    
20160609023303024910631    
201606090235461364100140   
20160609023546136410132    
201606090235461364102710   
20160609023546136410292    
20160609023546136410311    
20160609023546136410401    
2016060902530405941001100  
20160609025304059415996    
20160609025304059410075    
20160609025304059410115    
20160609025304059410403    
201606090301381854100160   
20160609030138185410132    
20160609030138185410571    
20160609030138185410581    
20160609030138185413493    
20160609030138185415991    
20160609030138185418291    
20160609030138185419993    
201606090304370914100160   
20160609030437091410062    
20160609030437091415992    
201606090344070584100160   
20160609034407058410111    
20160609034407058410133    
20160609034407058410285    
20160609034407058410222    
20160609034407058410631    
201606090404420201100160   
20160609040442020110133    
20160609040442020110221    
201606090508351604100120   
20160609050835160410291    
20160609050835160413391    
