2016042715200013692001140  
20160427152000136920052    
20160427152000136920062    
20160427152000136920071    
20160427152000136920321    
20160427152000136920655    
2016042716045810222001200  
20160427160458102220071    
20160427160458102220321    
201604271604581022206510   
20160427160458102220901    
201604272144012105200180   
20160427214401210520657    
20160427214401210520061    
20160427214401210520071    
20160427214401210520082    
20160427214401210520321    
20160427214401210520901    
201604272239181011200160   
20160427223918101120052    
20160427223918101120061    
20160427223918101120071    
20160427223918101120081    
20160427223918101120321    
20160427223918101120901    
2016042722422420882001100  
20160427224224208820052    
20160427224224208820061    
20160427224224208820081    
20160427224224208820321    
201604272243331005200160   
20160427224333100520061    
20160427224333100520081    
20160427224333100520911    
2016042722504820862001140  
20160427225048208620061    
20160427225048208620072    
20160427225048208620081    
20160427225048208620112    
20160427225048208620321    
201604272250482086206510   
20160427225048208620931    
201604272252221003200180   
20160427225222100320061    
20160427225222100320071    
201604272258182124200180   
20160427225818212420061    
20160427225818212420071    
20160427225818212420083    
20160427225818212420091    
20160427225818212420321    
20160427225818212420652    
20160427225818212421041    
2016042723100021452001100  
20160427231000214520061    
20160427231000214520073    
20160427231000214520082    
20160427231000214520654    
20160427231000214520911    
20160427231000214520931    
201604272317171018200260   
20160427231717101820052    
20160427231717101820061    
20160427231717101820081    
20160427231717101820654    
201604272332562107200160   
20160427233256210720057    
20160427233256210720655    
20160427233256210720061    
20160427233256210720071    
20160427233256210720321    
20160427233256210720301    
20160427233256210720021    
20160427233421210720021    
201604272342341025200140   
20160427234234102520061    
20160427234234102520071    
20160427234234102520301    
20160427234234102520655    
201604272346221015200140   
20160427234622101520061    
20160427234622101520301    
20160427234622101520321    
2016042723491520232001120  
20160427234915202320061    
20160427234915202320072    
20160427234915202320091    
201604272350391370200160   
201604272350391370206510   
20160427235039137020071    
20160427235039137020081    
20160427235039137020931    
201604272354551477200180   
20160427235455147720062    
20160427235455147720653    
2016042800131920312001120  
20160428001319203120051    
20160428001319203120061    
20160428001319203120071    
20160428001319203120081    
20160428001319203120311    
20160428001319203120321    
20160428001319203120521    
20160428001319203120658    
20160428001319203120901    
201604280026302008200140   
20160428002630200820081    
20160428002630200820161    
2016042800354610022001120  
20160428003546100220062    
20160428003546100220081    
20160428003546100220321    
20160428003546100220072    
20160428003546100220655    
20160428003546100220901    
2016042800424820512001100  
20160428004248205120052    
20160428004248205120063    
201604280042482051206525   
20160428004248205120922    
20160428004248205121041    
20160428004248205121051    
2016042800425822272001100  
20160428004258222720061    
20160428004258222720081    
20160428004258222720321    
201604280042582227206512   
20160428004258222720911    
20160428004258222720111    
2016042800430513572001120  
20160428004305135720053    
20160428004305135720061    
20160428004305135720071    
20160428004305135720082    
20160428004305135720091    
20160428004305135720321    
20160428004305135720611    
20160428004305135720651    
2016042800470114652001100  
20160428004701146520052    
20160428004701146520062    
20160428004701146520081    
20160428004701146520321    
20160428004701146520071    
201604280047011465206510   
20160428004701146520111    
201604280112521367200160   
20160428011252136720061    
20160428011252136720071    
20160428011252136720081    
20160428011252136720301    
20160428011252136720652    
201604280120282229200160   
20160428012028222920062    
20160428012028222920301    
201604280120282229206517   
201604280121262068200160   
20160428012126206820061    
20160428012126206820071    
20160428012126206820271    
20160428012126206820321    
20160428012126206820653    
20160428012126206820901    
2016042801270910262001120  
20160428012709102620061    
20160428012709102620071    
20160428012709102620081    
20160428012709102620161    
20160428012709102620321    
20160428012709102620901    
201604280226451021200140   
20160428022645102120051    
20160428022645102120061    
20160428022645102120321    
20160428022645102120081    
20160428022645102120652    
2016042802304320292001240  
20160428023043202920055    
20160428023043202920063    
20160428023043202920073    
20160428023043202920083    
20160428023043202920091    
20160428023043202920251    
20160428023043202920301    
20160428023043202920321    
201604280230432029206515   
20160428023043202920911    
201604280517111013200180   
20160428051711101320061    
20160428051711101320071    
20160428051711101320654    
201604280530072147200180   
20160428053007214720061    
20160428053007214720071    
20160428053007214720301    
20160428053007214720656    
20160428053007214720911    
20160428053007214721051    
