20160824180720138510012    
20160824180720138530131    
20160824185904102710011    
20160824185904102710021    
20160824185904102710341    
20160824185904102720081    
20160824193911137010012    
20160824193911137010022    
20160824193911137010172    
20160824193911137010341    
20160824202203136610176    
20160824202338138210012    
20160824202338138210022    
20160824202338138210101    
20160824202338138220011    
20160824202338138220081    
20160824205115137210012    
20160824205115137210022    
20160824205115137220011    
20160824205309139010171    
20160824211829137210084    
20160824212447130810171    
20160824215202136110011    
20160824215202136110021    
20160824215721112310011    
20160824215721112310021    
20160824215721112310101    
20160824222251135410172    
20160824223247106610502    
20160824223247106610022    
20160824223247106610342    
20160824223247106620011    
20160824224517128110011    
20160824224517128110021    
20160824224517128120011    
20160824224517128110101    
20160824230832135010011    
20160824230832135010021    
20160824231055111310011    
20160824231055111310021    
20160824231055111310341    
20160824232336139410012    
20160824232336139450043    
20160824232336139410173    
20160824232336139420251    
20160824232336139410341    
20160824234211131510011    
20160824234211131510172    
20160824234543102010011    
20160824234543102010021    
20160824235132137610011    
20160824235132137610021    
20160824235132137610341    
20160825000349112010501    
20160825000349112010021    
20160825000718109110011    
20160825000718109110021    
20160825000718109120011    
20160825000940136410012    
20160825000940136410022    
20160825000940136420012    
20160825000940136410173    
20160825001727116810013    
20160825001727116810023    
20160825001727116810062    
20160825001727116810173    
20160825001727116810342    
20160825001727116820012    
20160825001727116820281    
20160825001727116830012    
20160825001727116840011    
20160825001727116850015    
20160825002042117210012    
20160825002042117210101    
20160825002418104710011    
20160825002441138610011    
20160825002441138610031    
20160825002441138610101    
20160825002441138620151    
20160825003044113210012    
20160825003044113210022    
20160825003044113210062    
20160825003044113210171    
20160825003044113210341    
20160825003044113230111    
20160825003044113250011    
20160825003311124510021    
20160825003311124510342    
20160825003311124510501    
20160825003311124520011    
20160825003311124520151    
20160825003311124530011    
20160825003544109810502    
20160825003544109810022    
20160825003544109810341    
20160825003544109820011    
20160825004204100210011    
20160825004221136810013    
20160825004221136810341    
20160825004221136810031    
20160825004221136820011    
20160825004221136810176    
20160825004519111710012    
20160825004519111710022    
20160825004519111710066    
20160825004519111710101    
20160825004519111720011    
20160825004519111720051    
20160825004519111720091    
20160825005342120610011    
20160825005542126110012    
20160825005542126110022    
20160825005633135810011    
20160825005633135810021    
20160825005633135820081    
20160825005633135820251    
20160825010009101510011    
20160825010009101510021    
20160825011246133810501    
20160825011246133810021    
20160825011246133850015    
20160825011606103410011    
20160825011606103410021    
20160825011606103410101    
20160825011621134210012    
20160825011621134210022    
20160825011800118410011    
20160825011800118410021    
20160825011800118420081    
20160825013559105410011    
20160825013559105430011    
20160825015053101210502    
20160825015053101210341    
20160825015053101220081    
20160825015053101220151    
20160825015053101220011    
20160825015948111410012    
20160825015948111410022    
20160825015948111410182    
20160825015948111410341    
20160825020918134010011    
20160825020918134010021    
20160825020918134010041    
20160825020918134010173    
20160825024705121610011    
20160825024705121610021    
20160825024705121610171    
20160825024705121620011    
20160825040911138710011    
20160825040911138710031    
20160825051337114610013    
20160825051337114610023    
20160825051337114610031    
20160825051337114610102    
