201611251718561297010120   
20161125171856129701051    
20161125171856129701081    
20161125171856129701141    
20161125171856129702113    
20161125171856129701353    
20161125171856129702771    
201611252055301241010140   
20161125205530124101041    
20161125205530124101071    
20161125205530124103011    
20161125205530124103063    
20161125205530124103072    
20161125205530124103081    
201611252055301241021110   
20161125205530124102282    
20161125205530124102293    
20161125205530124101445    
20161125205530124102525    
20161125223939129701211    
20161125223939129702845    
201611252304421212010120   
20161125230442121201141    
20161125230442121203081    
20161125230442121201201    
20161125230442121202115    
20161125230442121213111    
20161125230442121202281    
20161125230442121201443    
20161125230442121202527    
20161125230442121201475    
201611260021231318010115   
20161126002123131803063    
20161126002123131801211    
20161126002123131802781    
201611260041421323010130   
20161126004142132301121    
20161126004142132301211    
20161126004142132301331    
20161126004142132301352    
20161126004142132301472    
20161126004142132302114    
20161126004142132302341    
20161126004142132302522    
20161126004142132302671    
20161126004142132302843    
20161126004142132303071    
20161126004142132303081    
201611260051321205010120   
20161126005132120501191    
20161126005132120502115    
20161126005132120502522    
20161126005132120503081    
201611260053201281010130   
20161126005320128101051    
20161126005320128101071    
20161126005320128101081    
20161126005320128101143    
20161126005320128101201    
201611260053201281013515   
20161126005320128102116    
20161126005320128102341    
20161126005320128102823    
20161126005320128103011    
20161126005320128103071    
20161126005320128103081    
20161126005320128113081    
20161126012158129601071    
20161126012158129601081    
20161126012158129601331    
20161126012158129602115    
20161126012158129602173    
20161126012158129602207    
20161126012158129602281    
20161126012158129603081    
20161126012158129613081    
201611260145171009010130   
201611260145171009013510   
20161126014517100903082    
201611260216271290010120   
20161126021627129001071    
20161126021627129001141    
20161126021627129002071    
20161126021627129003081    
20161126021627129002114    
20161126021627129002193    
20161126021627129002281    
20161126021627129002295    
20161126021627129001352    
20161126021627129001474    
20161126021627129001485    
201611260218091319010140   
20161126021809131901071    
20161126021809131901081    
20161126021809131903011    
20161126021809131903082    
201611260221111237010120   
20161126022111123701131    
20161126022111123702071    
20161126022111123703011    
20161126022111123703071    
20161126022111123703081    
20161126022111123702192    
20161126022111123702202    
20161126022111123701211    
20161126022111123702523    
20161126022111123702731    
201611260317581251010115   
20161126031758125101475    
20161126031758125102071    
201611260317581251028210   
201611260405281310010120   
20161126040528131001131    
20161126040528131001141    
20161126040528131003011    
20161126040528131001161    
20161126040528131003072    
20161126040528131003082    
20161126040528131001203    
20161126040528131002115    
20161126040528131002261    
