201606120217520115110210   
20160612021752011513011    
20160612021752011511061    
201606121706300011110120   
20160612170630001113011    
20160612170630001118011    
20160612170630001121021    
20160612170630001112122    
20160612170630001112138    
201606121744140331110210   
20160612174414033111051    
20160612174414033111062    
20160612174414033115013    
20160612174414033116021    
20160612174414033113082    
201606121835350341110210   
20160612183535034111056    
20160612183535034111061    
20160612183535034113091    
20160612183535034115061    
20160612183535034115131    
201606122047000303110210   
20160612204700030313011    
201606122047470231110210   
20160612204747023112136    
20160612204747023112143    
20160612204747023114011    
20160612204747023117301    
20160612204747023119031    
201606122059380041110510   
20160612205938004117351    
201606122121480125110110   
20160612212148012511052    
20160612212148012513012    
20160612212148012517291    
20160612212148012517421    
20160612212148012515043    
201606122130100210110230   
20160612213010021011065    
20160612213010021011075    
20160612213010021013012    
20160612213010021014011    
20160612213010021017011    
20160612213010021018011    
20160612213010021018071    
20160612213010021011081    
20160612213010021015135    
201606122251010156110220   
20160612225101015613011    
20160612225101015611052    
20160612225101015611065    
201606122253080320110220   
20160612225308032013012    
20160612225308032017351    
20160612225308032017421    
201606122307370123110110   
20160612230737012318041    
20160612230737012321031    
20160612230737012321101    
20160612230737012317212    
201606122313590088110120   
20160612231359008815044    
20160612231359008813011    
20160612231359008811051    
20160612231647027911053    
20160612231647027911061    
20160612231647027914011    
20160612231647027917351    
20160612231647027915013    
20160612231647027913083    
20160612231647027918062    
20160612231647027917421    
20160612234015023517031    
20160612234015023515045    
20160612234015023512134    
20160612234015023517421    
20160612234015023519221    
20160612234015023519231    
201606122358040010110210   
20160612235804001011052    
20160612235804001013011    
20160612235804001012121    
201606122359250322110210   
20160612235925032211053    
20160612235925032211062    
20160612235925032212132    
20160612235925032212142    
20160612235925032213011    
20160612235925032213091    
20160612235925032215131    
20160612235925032221061    
201606130009490345110210   
20160613000949034511053    
20160613000949034511066    
201606130009490345110310   
201606130022220343110220   
20160613002222034311051    
20160613002222034311062    
20160613002222034311253    
20160613002222034313091    
20160613002222034315015    
20160613002222034315043    
20160613002222034317421    
20160613002222034317471    
20160613002222034317621    
20160613002222034318131    
20160613002222034318141    
20160613002222034318161    
20160613002222034318211    
20160613002222034319201    
20160613002222034319221    
201606130035130310110210   
20160613003513031011052    
20160613003513031011061    
20160613003513031013011    
20160613003513031017301    
20160613003513031017351    
20160613003513031022571    
201606130102010190110120   
20160613010201019013011    
201606130113420237110320   
20160613011342023711053    
20160613011342023712134    
20160613011342023722041    
20160613011342023717421    
20160613011522032615045    
20160613011522032617351    
20160613011522032617441    
201606130127080065110120   
201606130208130197110210   
20160613020813019711052    
20160613020813019713011    
20160613020813019715013    
20160613020813019716042    
20160613020813019718051    
201606130210320069110210   
20160613021032006911051    
201606130222230150110120   
20160613022223015011064    
201606130229560242110230   
20160613022956024211053    
20160613022956024212138    
201606130230350222110210   
20160613023035022211052    
201606130230350222110310   
20160613023035022213011    
201606130243300076110210   
20160613024330007611052    
201606130302540185110220   
20160613030254018511072    
20160613030254018512136    
20160613030254018515015    
20160613030254018521011    
20160613030254018521021    
20160613030254018514011    
201606130327030073110220   
20160613032703007313011    
20160613032703007321021    
