20160224201627606710041    
20160224201627606710051    
20160224201627606730401    
20160224201627606770162    
20160224213547502210051    
20160224213547502230031    
20160224213547502230101    
20160224213547502240071    
20160224213547502250031    
20160224213547502260221    
20160224221227400770081    
20160224223318603010051    
20160224223318603030032    
20160224223318603030121    
20160224223318603030211    
20160224223318603040071    
20160224223318603060051    
20160224223318603060071    
20160224223318603060082    
20160224223427501030281    
20160224225308100510021    
20160224225308100510051    
20160224225308100530011    
20160224225308100530032    
20160224225308100530061    
20160224225308100530071    
20160224225308100530121    
20160224225308100530131    
20160224225308100530291    
20160224225308100540111    
20160224225308100550051    
20160224225308100560052    
20160224225308100560103    
20160224225308100570016    
20160224232819502910054    
20160224232819502930035    
20160224232819502930071    
20160224232819502930125    
20160224232819502930142    
20160224232819502940061    
20160224232819502940081    
20160224232819502940113    
20160224232819502950022    
20160224232819502950033    
20160224232819502950052    
20160224232819502960021    
20160224232819502960122    
20160224233511505210051    
20160224233511505240061    
20160224233511505240081    
20160224233511505240091    
20160224233511505240111    
20160224233511505260051    
20160224234952607010051    
20160224234952607030311    
20160224234952607030421    
20160224234952607060051    
20160225000123600930021    
20160225000123600930122    
20160225000123600960052    
20160225001917606530043    
20160225002322602430191    
20160225002322602430283    
20160225002322602450051    
20160225003839100250021    
20160225003839100260052    
20160225004102100212572    
20160225004413605260221    
20160225014436302010041    
20160225014436302030032    
20160225014436302030044    
20160225014436302040041    
20160225014436302040072    
20160225014436302040092    
20160225014436302040151    
20160225014436302060141    
20160225014436302060221    
20160225015451604210051    
20160225015451604220041    
20160225015451604230281    
20160225015451604230352    
20160225015451604230422    
20160225015451604240111    
20160225015451604240131    
20160225015451604250011    
20160225015451604260151    
20160225015451604270013    
20160225015451604270081    
20160225021628300110013    
20160225021628300110052    
20160225021628300110072    
20160225021628300120041    
20160225021628300130283    
20160225021628300140131    
20160225021628300150011    
20160225021628300150021    
20160225021628300150031    
20160225022418600210041    
20160225022418600210051    
20160225022418600230031    
20160225022418600230041    
