201609082255240123110110   
20160908225524012313011    
20160908225524012318051    
20160908225524012318071    
20160908225524012317471    
20160908225524012318081    
201609082313500343110210   
201609082313500343110310   
20160908231350034311053    
20160908231350034311062    
20160908231350034317213    
20160908231350034317351    
20160908231350034317421    
20160908231350034317471    
20160908231350034318121    
20160909001033008815014    
20160909001033008819221    
20160909001033008821061    
20160909001033008821011    
20160909001033008815132    
20160909001033008811052    
20160909001033008815044    
201609090010330088110120   
20160909001033008812134    
20160909002411023515045    
20160909002411023517031    
20160909002411023517311    
20160909002411023519221    
20160909002411023512132    
201609090024310156110210   
20160909002431015613011    
20160909002431015611062    
20160909002431015617041    
20160909002431015621061    
20160909002431015621071    
201609090034110345110210   
20160909003411034511067    
201609090044400237110310   
20160909004440023712136    
201609090048220299110310   
20160909004822029913083    
20160909004822029917031    
20160909004822029917291    
201609090057560346110315   
20160909005756034611052    
20160909005756034611061    
20160909005756034614011    
20160909005756034621031    
20160909005829034811035    
201609090058290348110610   
20160909005829034811075    
201609090058410065110110   
201609090059210011110110   
20160909005921001113011    
20160909005921001117031    
20160909005921001112136    
201609090103300010110210   
20160909010330001011053    
20160909010330001013011    
20160909010541024711061    
201609090105410247110310   
20160909010541024712134    
201609090112580322110210   
20160909011258032211061    
20160909011258032213081    
20160909011258032217381    
201609090114500341110210   
20160909011450034111053    
20160909011450034111062    
20160909011450034117061    
20160909011450034117351    
20160909011450034121081    
20160909011747019711061    
20160909011747019714011    
20160909011747019715013    
20160909011747019717031    
20160909011747019718051    
201609090126200284110210   
20160909012620028411053    
201609090132470069110210   
20160909013247006919201    
20160909013247006917351    
20160909013247006914011    
201609090140520150110110   
20160909014052015021072    
201609090145580210110220   
20160909014558021011054    
20160909014558021011067    
20160909014558021013011    
20160909014558021015045    
20160909014558021017351    
20160909014558021015135    
20160909014558021015142    
20160909014558021016101    
201609090150100001110110   
20160909015010000121011    
20160909015010000117642    
20160909020320027918031    
20160909020320027918041    
20160909020320027919131    
20160909020320027922041    
20160909020320027915023    
20160909020320027915136    
20160909020320027915142    
20160909020320027915125    
20160909020320027919201    
20160909020320027911133    
20160909020320027912062    
20160909020320027911073    
20160909020320027917451    
20160909020320027917301    
20160909020320027917351    
20160909020320027917421    
20160909020320027913011    
20160909020320027911053    
201609090210310331110210   
20160909021031033111051    
20160909021031033111062    
20160909021031033115121    
20160909021031033115131    
20160909021031033118011    
20160909021031033121171    
20160909021031033122671    
201609090211110041110310   
20160909021111004111055    
201609090219120055110110   
20160909021912005511062    
20160909021912005513011    
20160909022726007111054    
20160909022726007117301    
20160909022726007117351    
201609090227260071110310   
20160909022726007117421    
20160909022726007117451    
20160909022726007117471    
20160909022726007115061    
201609090244320242110220   
20160909024432024211055    
20160909024432024211065    
20160909024432024213012    
20160909024432024219201    
20160909024513022211025    
20160909024513022212143    
20160909024513022213031    
20160909030349032913082    
20160909030349032915011    
20160909030349032915041    
20160909030349032916031    
20160909031747011513011    
201609090317470115110210   
20160909031747011511062    
201609090320120185110210   
20160909032012018511063    
20160909032012018511051    
20160909032012018512136    
20160909032012018512142    
20160909032012018517451    
20160909032012018517471    
20160909032012018513011    
201609090322470087110310   
20160909032247008711052    
201609090323010181110210   
201609090323010181110310   
20160909032301018111051    
20160909032301018114011    
201609090336230073110210   
20160909033623007313011    
20160909033623007311052    
20160909033623007317041    
201609090338240029110210   
20160909033824002911053    
20160909033824002913011    
20160909033824002915061    
20160909033824002918031    
20160909033824002918041    
20160909033824002918181    
201609090352070121110210   
20160909035207012112138    
20160909035207012113011    
20160909035207012117011    
20160909035207012117031    
20160909035207012111063    
20160909035207012115047    
