20160629132843007200105    
20160629132843007200032    
20160629132843007200042    
20160629132843007200211    
20160629133651026500031    
20160629133651026500041    
20160629133651026500101    
20160629134823027000101    
20160629134823027000031    
20160629134823027000061    
20160629134823027000071    
20160629134823027000281    
20160629134823027005201    
201606291348230270050710   
20160629134823027005132    
20160629134823027040532    
20160629135645004800301    
20160629135645004805043    
20160629135645004805031    
20160629135645004840211    
20160629135645004800071    
20160629135645004800731    
20160629140246015900102    
20160629140246015900032    
20160629140246015905041    
20160629140246015900071    
20160629140248007900061    
20160629140248007900072    
20160629140248007900021    
20160629140248007900241    
20160629140248007905022    
20160629140248007940211    
20160629140248007940221    
201606291402480079405510   
20160629140908023200106    
20160629140908023200033    
20160629140908023200043    
20160629140908023200073    
20160629140908023200211    
20160629140908023200241    
20160629140908023200721    
20160629140908023200401    
20160629140908023240212    
20160629140908023280014    
20160629140908023205032    
20160629140908023205041    
20160629140908023205124    
201606291409080232051510   
20160629140908023205165    
20160629140908023205175    
201606291410000063001011   
20160629141000006300034    
20160629141000006300046    
20160629141000006300571    
20160629141000006300081    
20160629141000006300064    
20160629141000006300076    
20160629141000006300201    
20160629141000006300213    
20160629141000006300221    
20160629141000006300301    
20160629141000006300751    
20160629141000006300451    
20160629141000006300581    
20160629141000006300591    
20160629141000006340213    
201606291410000063405520   
201606291410000063800112   
20160629141000006380024    
20160629141000006380041    
20160629141000006305022    
20160629141000006305032    
20160629141000006305042    
201606291410000063050730   
20160629141000006305125    
20160629141000006305134    
20160629141000006305152    
20160629141000006305163    
20160629141000006340022    
20160629141000006340112    
20160629141000006340391    
20160629141026023700103    
20160629141026023700031    
20160629141026023700042    
20160629141026023700061    
20160629141026023700071    
20160629141026023700211    
20160629141026023700241    
20160629141026023700591    
20160629141026023740522    
20160629141026023740533    
20160629141026023740211    
201606291410260237405510   
20160629141026023780022    
20160629141026023705202    
20160629141026023705021    
20160629141026023705041    
20160629141026023705122    
20160629141026023705151    
20160629141026023705161    
20160629141100019800038    
20160629141100019800046    
201606291411000198001012   
20160629141100019800731    
20160629141619024100102    
20160629141619024100031    
20160629141619024100041    
20160629141619024100211    
20160629141619024140211    
201606291416190241405515   
20160629141619024180024    
20160629141619024180031    
20160629141619024105031    
201606291416190241050715   
20160629141619024105122    
20160629141619024105132    
20160629141619024105152    
20160629141619024105041    
20160629141641009500104    
20160629141641009500033    
20160629141641009500042    
20160629141641009500062    
20160629141641009500072    
20160629141702027600032    
20160629141702027600041    
20160629141702027600201    
20160629141702027600213    
20160629141702027600221    
20160629141702027600571    
20160629141702027600721    
20160629141702027600103    
20160629141702027600281    
20160629141702027605022    
20160629141702027605122    
20160629141702027605135    
20160629141702027640141    
20160629141702027640201    
20160629141702027640212    
20160629141702027640221    
201606291417020276405510   
20160629141702027640391    
20160629142012020700104    
20160629142012020700033    
20160629142012020700041    
20160629142012020700571    
20160629142012020700081    
20160629142012020700071    
20160629142012020700211    
20160629142012020700241    
20160629142012020740213    
201606291420120207405510   
20160629142012020780013    
20160629142012020780021    
20160629142012020705021    
20160629142012020705032    
201606291420120207050715   
20160629142012020705132    
20160629142357006600035    
20160629142357006600044    
20160629142357006600109    
20160629142357006600401    
20160629142447025500101    
20160629142447025500031    
20160629142447025500071    
20160629142447025500721    
20160629142447025580012    
20160629142447025505075    
20160629142447025505131    
20160629142524020000102    
20160629142524020000031    
20160629142524020000041    
20160629142524020005021    
20160629142524020005042    
201606291425240200050710   
20160629142524020005132    
20160629142524020005151    
20160629142524020005162    
20160629142528027700102    
20160629142528027700031    
20160629142528027700041    
20160629142528027700081    
20160629142528027700072    
20160629142528027700022    
20160629142528027700201    
20160629142528027700221    
20160629142528027700241    
20160629142528027700401    
20160629142528027740525    
20160629142528027740535    
20160629142528027740212    
201606291425280277405520   
20160629142528027780012    
20160629142528027780022    
20160629142528027705042    
20160629142528027705201    
20160629142528027705122    
20160629142528027740112    
20160629142528027740171    
20160629142954003200104    
20160629142954003200032    
20160629142954003200042    
20160629142954003200072    
20160629142954003205171    
20160629142954003205023    
20160629142954003240211    
20160629143335019500102    
20160629143335019500031    
20160629143335019500041    
20160629143335019500061    
20160629143335019500071    
20160629143335019500241    
20160629143335019500281    
20160629143335019540201    
20160629143335019540216    
20160629143335019540221    
201606291433350195405530   
20160629143335019580014    
20160629143335019505021    
20160629143335019505031    
201606291433350195050735   
20160629143335019505122    
20160629143335019505136    
20160629143335019540021    
20160629143335019540391    
20160629143403027605022    
20160629143436014400021    
20160629143436014400034    
20160629143436014400042    
20160629143436014400211    
20160629143436014400241    
20160629143436014400423    
20160629143436014400571    
20160629143436014400581    
20160629143436014400106    
20160629143436014405021    
20160629143436014405042    
20160629143436014405075    
20160629143436014405131    
20160629143436014440211    
20160629143702000300103    
20160629143702000300032    
20160629143702000300041    
20160629143702000300071    
20160629143702000300241    
20160629143702000300731    
20160629143702000340525    
20160629143702000380031    
201606291437020003050710   
20160629143702000305132    
20160629143727015600107    
20160629143727015600033    
20160629143727015600043    
20160629143727015600081    
20160629143727015600072    
20160629143727015600202    
20160629143727015600221    
20160629143727015600241    
20160629143727015600301    
20160629143727015600751    
20160629143727015640523    
20160629143727015640533    
20160629143727015640211    
20160629143727015640555    
20160629143727015605021    
20160629143727015605033    
20160629143727015605042    
20160629143727015605075    
20160629143727015605081    
20160629143727015605123    
20160629143727015605131    
20160629143727015605152    
20160629143727015605163    
20160629143727015605202    
20160629143755000305123    
20160629144131015600061    
20160629144245012500221    
20160629144245012580024    
20160629144245012505121    
20160629144328025800032    
20160629144328025800201    
20160629144328025800231    
20160629144328025800241    
20160629144328025800571    
20160629144328025800301    
20160629144328025800102    
20160629144328025840021    
20160629144328025840113    
20160629144328025800073    
20160629144610011405043    
20160629144610011440212    
20160629144610011400063    
20160629144610011405141    
20160629144610011400032    
20160629144610011400104    
20160629144610011400571    
20160629144610011400071    
20160629144610011400042    
20160629144647010700033    
20160629144647010700042    
20160629144647010700072    
20160629144647010700105    
20160629144647010700062    
20160629144647010700451    
20160629144848004100104    
20160629144848004100032    
20160629144848004100042    
20160629144848004100061    
20160629144848004100401    
20160629144848004105021    
20160629145035013900102    
20160629145035013900031    
20160629145035013900041    
20160629145035013900061    
20160629145035013940212    
20160629145035013940221    
20160629145035013940525    
20160629145035013980012    
20160629145035013980021    
20160629145227021300202    
20160629145227021300211    
20160629145227021300241    
20160629145227021305021    
20160629145227021305032    
20160629145227021305042    
201606291452270213050715   
20160629145227021305123    
20160629145227021305151    
20160629145227021340534    
201606291452270213405510   
20160629145227021380021    
20160629145227021300076    
201606291458470077001012   
20160629145847007700036    
20160629145847007700044    
20160629145847007700571    
20160629145847007700063    
20160629145847007700073    
20160629145847007740527    
201606291458470077050710   
20160629145847007700401    
20160629150500007600031    
20160629150500007600041    
20160629150500007600103    
20160629150500007600071    
20160629150500007640215    
201606291507440248001014   
20160629150744024800037    
20160629150744024800046    
20160629150744024800572    
20160629150744024800081    
20160629150744024800064    
20160629150744024800072    
20160629150744024800201    
201606291507440248050710   
20160629150744024805132    
20160629150744024805144    
20160629150744024805155    
20160629150744024805163    
20160629150800006200104    
20160629150800006200032    
20160629150800006200041    
20160629150800006205021    
20160629150828016900102    
20160629150828016900031    
20160629150828016900041    
20160629150828016900571    
20160629150828016900061    
20160629150828016900072    
20160629150828016940525    
20160629150828016940535    
20160629150828016940211    
201606291508280169405510   
201606291508280169050710   
20160629150828016905152    
20160629150828016905161    
20160629150828016905173    
20160629150828016940391    
20160629151351022700102    
20160629151351022700031    
20160629151351022700041    
20160629151351022700211    
20160629151351022705151    
20160629151351022740523    
20160629151351022740211    
20160629151548008900032    
20160629151548008900041    
20160629151548008900103    
20160629151548008900061    
20160629151548008900071    
20160629151548008900081    
20160629151548008900571    
20160629151548008905021    
201606291515480089050720   
20160629151548008905134    
20160629151548008905151    
20160629151548008905172    
20160629151801002700031    
20160629151801002700041    
20160629151801002700102    
20160629152014016100571    
20160629152014016100081    
20160629152014016100062    
20160629152014016100072    
20160629152014016100021    
20160629152014016100202    
20160629152014016100211    
20160629152014016100231    
20160629152014016100242    
20160629152014016100441    
20160629152014016180024    
201606291520140161050730   
20160629152014016105124    
20160629152014016105132    
20160629152014016140171    
20160629152026022300101    
20160629152026022300031    
20160629152026022300061    
20160629152026022300071    
20160629152026022300211    
20160629152026022340211    
201606291520260223405510   
20160629152026022305021    
20160629152026022305121    
20160629152026022305151    
20160629152026022305162    
20160629152035024600061    
20160629152035024600241    
20160629152035024605021    
20160629152035024605075    
20160629152035024605171    
20160629152035024640391    
20160629152035024680011    
20160629152035024680024    
20160629152053026600102    
20160629152053026600031    
20160629152053026600041    
20160629152053026600071    
20160629152053026600201    
20160629152053026600211    
20160629152053026600241    
20160629152053026600731    
20160629152053026640535    
20160629152053026640555    
20160629152053026680014    
20160629152053026680022    
20160629152053026605041    
201606291520530266050710   
20160629152053026605132    
20160629152053026605161    
20160629152053026605202    
20160629152107020000571    
20160629152112020100102    
20160629152112020100031    
20160629152112020100041    
20160629152112020100072    
20160629152112020100201    
20160629152112020100241    
20160629152112020180018    
20160629152112020180024    
20160629152112020105122    
20160629152224005700032    
20160629152224005700041    
20160629152224005700104    
20160629152224005705122    
20160629152224005705161    
20160629152224005700071    
20160629152224005740522    
20160629152224005740532    
20160629152224005700241    
20160629152236002005164    
20160629152236002000031    
20160629152236002000041    
20160629152236002000103    
20160629152456009800033    
20160629152456009800042    
20160629152456009800071    
20160629152456009800105    
20160629152456009800201    
20160629152456009800241    
20160629152456009800571    
20160629152456009800591    
20160629152456009805021    
20160629152456009805075    
20160629152456009805122    
20160629152456009805131    
20160629152456009805152    
20160629152456009805162    
20160629152456009840533    
20160629152456009840555    
20160629152456009880011    
20160629152639008200034    
20160629152639008200042    
20160629152639008200106    
20160629152639008200571    
20160629152639008200073    
20160629152639008200731    
20160629152639008205172    
20160629152639008205151    
20160629152639008205045    
20160629152639008240211    
20160629152639008200061    
20160629152639008205033    
20160629152639008205075    
20160629152728019300104    
20160629152728019300032    
20160629152728019300042    
20160629152728019300081    
20160629152728019300061    
20160629152728019300071    
20160629152728019300211    
20160629152728019300281    
20160629152728019300401    
201606291527280193405510   
20160629152728019340211    
20160629152728019380012    
20160629152728019380022    
20160629152728019380031    
20160629152728019305011    
20160629152728019305022    
20160629152728019305042    
20160629152728019305075    
20160629152728019305131    
20160629152728019305141    
20160629152728019305151    
20160629152728019305161    
20160629152728019340112    
20160629152915017800033    
20160629152915017800043    
20160629152915017800106    
20160629152915017800731    
20160629152915017800581    
20160629152915017805126    
20160629152915017805203    
20160629152915017800401    
20160629152915017800571    
20160629152915017800072    
201606291529150178405315   
20160629152915017840524    
20160629152915017800431    
20160629152915017800212    
20160629152915017800221    
20160629152915017840021    
20160629152915017800201    
20160629152915017800242    
20160629152915017805022    
20160629152915017805044    
20160629152915017840212    
20160629152915017805132    
20160629152915017805031    
201606291529150178050710   
20160629152915017800631    
20160629152915017805161    
20160629152915017805141    
20160629152915017800721    
20160629153001010800105    
20160629153001010800033    
20160629153001010800042    
20160629153001010800401    
20160629153001010800072    
20160629153118027900101    
20160629153118027900031    
20160629153118027900571    
20160629153118027900061    
20160629153118027900072    
20160629153118027900201    
20160629153118027900221    
20160629153118027900721    
20160629153118027940212    
201606291531180279405510   
20160629153118027980014    
20160629153118027905021    
20160629153118027905121    
20160629153118027905132    
20160629153118027905161    
20160629153118027940111    
20160629153118027940391    
20160629153123025100104    
20160629153123025100033    
20160629153123025100041    
20160629153123025100062    
20160629153123025100071    
20160629153123025100201    
20160629153123025100241    
20160629153123025100281    
20160629153123025140532    
201606291531230251405520   
20160629153123025180014    
20160629153123025105031    
20160629153123025105042    
20160629153123025105121    
20160629153123025105163    
20160629153123025140131    
20160629153123025140391    
20160629153205019700031    
20160629153205019700041    
20160629153205019700102    
20160629153205019700282    
20160629153205019705021    
20160629153205019705033    
20160629153205019705141    
20160629153404022100104    
20160629153404022100032    
20160629153404022100042    
20160629153404022100072    
20160629153404022100571    
20160629153404022100401    
20160629153404022100241    
20160629153404022100281    
20160629153404022100231    
20160629153404022100221    
20160629153636013000105    
20160629153636013000032    
20160629153636013000041    
20160629153636013000571    
20160629153636013000201    
20160629153636013000212    
20160629153636013005021    
20160629153636013005132    
201606291536360130050710   
20160629153636013005123    
20160629153726001100106    
20160629153726001100033    
20160629153726001100043    
20160629153726001100072    
20160629153726001105042    
20160629154056023600081    
20160629154056023600061    
20160629154056023600072    
20160629154056023605131    
20160629154056023605075    
20160629154205022900031    
20160629154205022900041    
20160629154205022900211    
20160629154205022900102    
20160629154205022900081    
20160629154205022905011    
20160629154205022905021    
20160629154205022905042    
201606291542050229050715   
20160629154205022905132    
20160629154205022905142    
20160629154205022940212    
20160629154205022940523    
201606291542050229405520   
20160629154306023000032    
20160629154306023000042    
20160629154306023000571    
20160629154306023005122    
20160629154306023000401    
20160629154306023080014    
20160629154306023005021    
20160629154306023005172    
20160629154306023005131    
20160629154306023005075    
20160629154306023005041    
201606291543060230405520   
20160629154306023000211    
20160629154306023000241    
20160629154306023000104    
20160629154419003300102    
20160629154419003300031    
20160629154419003300041    
20160629154419003340525    
20160629154422023280014    
20160629154501023000105    
20160629154604022400102    
20160629154604022400031    
20160629154604022400041    
20160629154604022405022    
20160629154604022405032    
20160629154604022405142    
20160629154604022480014    
20160629154604022480042    
20160629154632016300101    
20160629154632016300031    
20160629154632016300041    
20160629154632016300061    
20160629154632016300071    
20160629154632016300241    
20160629154632016300301    
20160629154632016300401    
20160629154632016300421    
20160629154632016305041    
201606291546320163050710   
20160629154632016305122    
20160629154632016305133    
20160629154632016305161    
20160629154632016340021    
20160629154632016380013    
20160629154632016380021    
20160629154632016305201    
20160629154705013100104    
20160629154705013100032    
20160629154705013100042    
20160629154705013100061    
20160629154705013100211    
20160629154705013140212    
201606291547050131405530   
20160629154705013180014    
20160629154705013105021    
20160629154705013105031    
201606291547050131050720   
20160629154705013105081    
20160629154705013105134    
20160629154705013105142    
20160629154705013105162    
20160629154705013140111    
20160629154705013140172    
20160629154705013140392    
20160629154739026700031    
20160629154739026700211    
20160629154739026700102    
20160629154739026705021    
20160629154739026780011    
20160629154739026700061    
20160629154739026700071    
20160629155342018900031    
20160629155342018900041    
20160629155342018900102    
20160629155342018900081    
20160629155342018905075    
20160629155342018905122    
20160629155342018905131    
20160629155342018940171    
20160629155342018905202    
201606291553420189405510   
20160629155428026900032    
20160629155428026900041    
20160629155428026900102    
20160629155428026900581    
20160629155428026940555    
20160629155428026905041    
20160629155428026905151    
20160629155428026905171    
20160629155641008700103    
20160629155641008700032    
20160629155641008700041    
20160629155641008700081    
20160629155641008700062    
20160629155641008700021    
20160629155641008700211    
20160629155641008700231    
20160629155641008700751    
20160629155641008700771    
20160629155641008740212    
201606291556410087405520   
20160629155641008780011    
20160629155641008780021    
20160629155641008705021    
20160629155641008705031    
20160629155641008705041    
20160629155641008705141    
20160629155641008705152    
20160629155641008705161    
20160629155641008740021    
20160629155641008740112    
20160629155641008740121    
20160629155641008740171    
20160629155641008740391    
20160629155700027905081    
20160629155749026800102    
20160629155749026800042    
20160629155815027800102    
20160629155815027800031    
20160629155815027800201    
20160629155815027800242    
20160629155815027800041    
20160629155815027840112    
20160629155815027805163    
20160629155815027805132    
20160629155902019600031    
20160629155902019600041    
20160629155902019600231    
20160629155902019600421    
20160629155902019600102    
20160629155902019605041    
201606291559020196050730   
20160629155902019605136    
20160629155902019640212    
20160629155902019640535    
201606291559020196405520   
20160629155902019600071    
20160629155952026100031    
20160629155952026100101    
20160629155952026105163    
20160629155952026105041    
20160629155952026140211    
20160629155952026105132    
201606291559520261050710   
20160629155952026100751    
20160629155952026180012    
20160629155952026180021    
20160629155955003305152    
20160629160021025100101    
20160629160021025100031    
