20160720104639330140001    
20160720104639330140011    
20160720104639330149011    
20160720104639330160081    
20160720104639330160111    
20160720104639330160311    
20160720104639330160461    
20160720104639330160591    
20160720112034410660001    
20160720112034410660301    
20160720112034410660311    
20160720112034410660381    
20160720122140240560001    
20160720122140240560091    
20160720122140240560351    
20160720122140240560391    
20160720122811161640001    
20160720122811161650011    
20160720122811161650041    
20160720122811161660321    
20160720122855530240021    
20160720122855530260331    
20160720122855530260461    
