20160905162420301611012    
20160905162420301611021    
20160905162420301611031    
20160905170544100211023    
20160905170544100211031    
201609051705441002111110   
20160905170544100212011    
20160905170544100211014    
20160905171744302411012    
20160905171744302411021    
20160905171744302411031    
20160905173607100411012    
20160905173607100411022    
20160905174923101011012    
20160905174923101011021    
20160905175453200111012    
20160905175453200111024    
20160905175453200111041    
20160905175453200111141    
20160905175956302511021    
20160905175956302511013    
20160905184424302311012    
20160905184424302311021    
20160905185324101911012    
20160905185324101911021    
20160905185324101911061    
20160905191313200112031    
20160905195116201011021    
20160905195116201011012    
20160905201341301111012    
20160905201341301111021    
20160905203101102511012    
20160905203101102511021    
20160905203101102511031    
20160905203801100311011    
20160905203801100311021    
20160905203801100311031    
201609052038011003111110   
20160905211250102611012    
20160905211250102611021    
20160905211448200311012    
20160905211448200311021    
20160905211448200311061    
20160905211448200312031    
