20160413083510801900108    
20160413083510801900034    
20160413083510801900044    
20160413083510801900571    
20160413083510801900061    
20160413083510801900203    
20160413083510801900242    
20160413083510801905032    
20160413083510801905044    
20160413083510801905124    
20160413083510801905173    
201604131052188006000760   
201604131052188006990160   
201604131052188006990230   
20160413105450800900402    
201604131054508009000730   
201604131054508009990160   
201604131054508009990230   
20160413110055802000102    
20160413110055802000032    
20160413110055802000021    
20160413110055802000221    
20160413110055802000751    
20160413110055802005122    
20160413110055802005151    
20160413110055802005022    
20160413114103801500106    
20160413114103801500033    
20160413114103801500043    
20160413114103801500571    
20160413114103801500061    
20160413114103801500021    
20160413114103801500241    
20160413114103801500451    
20160413114103801540181    
20160413114103801505021    
20160413114103801505032    
20160413114103801505043    
20160413114103801505123    
20160413114103801505152    
20160413114103801505173    
20160413114103801540171    
201604131237058002002412   
20160413123705800200574    
20160413123705800200755    
201604131237058002002812   
201604131237058002050320   
201604131237058002050410   
201604131237058002402110   
20160413123705800200064    
201604131237058002000712   
201604131237058002990160   
201604131237058002990218   
20160413124604802100032    
20160413124604802100042    
20160413124604802100202    
20160413124604802100212    
20160413124604802100242    
20160413124604802100721    
20160413124604802100752    
20160413124604802100104    
20160413124604802105021    
20160413124604802105042    
20160413124604802105122    
20160413124604802105151    
20160413124604802105163    
20160413124604802140171    
20160413124604802105202    
20160413124604802180031    
20160413124614800305038    
20160413124614800380014    
20160413124614800380032    
20160413124614800300064    
20160413124614800300076    
20160413124614800399016    
20160413124614800399026    
20160413125102800400403    
20160413125102800400451    
201604131251028004050830   
201604131251028004051570   
201604131251028004800180   
20160413125102800440603    
201604131251028004000736   
20160413125159799900031    
20160413125159799900041    
20160413125159799900081    
20160413125159799900201    
20160413125159799900211    
20160413125159799900221    
20160413125159799900241    
20160413125159799900301    
20160413125159799905021    
20160413125159799905032    
20160413125159799905141    
20160413125159799905152    
20160413125159799905171    
20160413125159799940111    
20160413125159799940527    
201604131251597999405313   
20160413125159799985005    
20160413132823006600036    
20160413132823006600045    
201604131328230066001011   
20160413132823006600451    
20160413132823006600401    
201604131343218013001025   
201604131343218013000312   
201604131343218013000413   
20160413134321801300571    
20160413134321801300062    
20160413134321801300022    
20160413134321801300221    
20160413134321801300422    
20160413134321801300581    
20160413134321801300591    
201604131343540248001014   
20160413134354024800037    
20160413134354024800047    
20160413134354024800571    
20160413134354024800082    
20160413134354024800065    
20160413134354024800072    
20160413134354024800202    
20160413134354024800241    
20160413134354024800772    
20160413134354024805042    
20160413134354024805081    
20160413134354024805155    
20160413134354024805162    
20160413134354024840171    
20160413135435802500033    
20160413135435802500042    
20160413135435802500202    
20160413135435802500571    
20160413135435802500721    
20160413135435802500105    
20160413135435802505023    
20160413135435802505032    
20160413135435802505081    
20160413135435802505122    
20160413135435802505141    
20160413135435802540113    
20160413135435802500062    
20160413135435802500072    
20160413135437003200571    
20160413135437003200072    
20160413135437003200752    
20160413135437003205022    
20160413135437003205152    
20160413135437003205172    
20160413140503025500102    
20160413140503025500031    
20160413140503025500041    
20160413140503025500061    
20160413140503025500071    
20160413140503025500211    
20160413140503025500281    
20160413140503025580014    
20160413140503025505021    
20160413140503025505041    
20160413140503025505121    
20160413140607013900101    
20160413140607013900031    
20160413140607013900571    
20160413140607013900061    
20160413140607013905041    
20160413140607013940525    
20160413140607013940535    
20160413140857801400032    
20160413140857801400042    
20160413140857801400202    
20160413140857801400242    
20160413140857801400581    
20160413140857801400105    
20160413140857801405021    
20160413140857801405032    
20160413140857801405042    
20160413140857801405123    
20160413140857801405141    
20160413140857801405152    
20160413140857801405172    
20160413140857801405201    
20160413140857801440212    
20160413140857801400063    
20160413140857801400072    
20160413141135010900072    
20160413141135010900031    
20160413141135010900041    
20160413141135010900103    
20160413141135010980023    
20160413141135010905152    
20160413141135010905172    
20160413141135010905011    
20160413141135010905021    
20160413141135010900062    
20160413141135010900231    
20160413141303003800581    
20160413141303003800731    
20160413141303003840535    
20160413141303003800571    
20160413141303003805162    
20160413141303003800421    
20160413141303003800032    
20160413141303003800042    
20160413141303003800105    
20160413141303003800401    
20160413141337025800201    
20160413141337025800401    
20160413141337025800571    
20160413141337025800751    
20160413141337025800281    
20160413141337025805075    
20160413141337025800062    
20160413141337025800072    
20160413141441020700104    
20160413141441020700032    
20160413141441020700041    
20160413141441020700061    
20160413141441020700071    
20160413141441020700211    
20160413141441020700751    
20160413141441020740555    
20160413141441020780011    
20160413141441020780021    
20160413141441020705075    
20160413141441020705081    
20160413141441020705131    
20160413141441020705141    
20160413141813019800036    
20160413141813019800046    
201604131418130198001010   
20160413142633802200106    
20160413142633802200033    
20160413142633802200042    
20160413142633802200571    
20160413142633802200073    
20160413142633802200201    
20160413142633802200221    
20160413142633802200241    
20160413142633802200721    
20160413142633802200581    
20160413142633802240525    
20160413142633802240211    
20160413142633802205022    
20160413142633802205032    
20160413142633802205043    
20160413142633802205075    
20160413142633802205131    
20160413142633802205151    
20160413142633802205164    
20160413142710027000041    
20160413142710027000571    
20160413142827017800033    
20160413142827017800043    
20160413142827017800106    
20160413142827017805127    
20160413142827017805204    
20160413142827017840525    
201604131428270178405315   
20160413142827017800401    
20160413142827017800063    
20160413142827017800072    
20160413142827017800212    
20160413142827017800242    
20160413142827017805081    
20160413142827017800281    
20160413142827017805162    
20160413142827017805143    
20160413142827017805033    
20160413142827017805022    
20160413142827017805011    
20160413142827017800771    
20160413142827017800201    
20160413142846801700035    
20160413142846801700044    
20160413142846801700201    
20160413142846801700212    
20160413142846801700241    
20160413142846801700571    
20160413142846801700721    
20160413142846801700109    
20160413142846801700771    
20160413142846801700281    
20160413142846801705021    
20160413142846801705032    
20160413142846801705041    
20160413142846801705124    
20160413142846801705143    
20160413142846801705151    
20160413142846801705163    
20160413142846801700061    
20160413142846801700072    
20160413142849007700108    
20160413142849007700036    
20160413142849007700042    
20160413142849007700571    
20160413142849007700061    
20160413142849007700072    
20160413142849007740523    
20160413142849007705032    
20160413142849007700212    
20160413142933013400106    
20160413142933013400033    
20160413142933013400042    
20160413142933013400571    
20160413142933013400081    
20160413142933013400061    
20160413142933013400076    
20160413142933013400751    
20160413142933013400201    
20160413142933013400211    
20160413142933013400231    
20160413142933013400631    
20160413142933013400731    
20160413142933013400401    
20160413142933013405041    
20160413142933013405123    
20160413142933013405141    
20160413142933013405162    
20160413142933013440211    
20160413143444801200107    
20160413143444801200035    
20160413143444801200044    
20160413143444801200571    
20160413143444801200071    
20160413143444801200201    
20160413143444801200221    
20160413143444801200401    
20160413143444801200451    
20160413143444801200581    
20160413143444801205022    
20160413143444801205035    
20160413143444801205043    
20160413143444801205124    
20160413143444801205153    
20160413143444801240131    
20160413143444801240141    
20160413143444801240391    
20160413143734020000105    
20160413143734020000033    
20160413143734020000041    
20160413143734020000061    
20160413143734020000073    
20160413143734020000021    
20160413143734020000211    
20160413143734020000241    
20160413143734020000251    
20160413143734020005021    
20160413143734020005032    
20160413143734020005042    
201604131437340200050710   
20160413143734020005123    
20160413143734020005132    
20160413143734020005141    
20160413143734020005151    
20160413143734020005162    
20160413144118801800104    
20160413144118801800032    
20160413144118801800041    
20160413144118801800571    
20160413144118801800061    
20160413144118801800211    
20160413144118801800221    
20160413144118801800241    
20160413144118801800251    
20160413144118801800751    
20160413144118801800771    
20160413144118801840523    
20160413144118801840535    
20160413144118801840211    
20160413144118801840555    
20160413144118801805031    
20160413144118801805041    
20160413144118801805121    
20160413144118801805151    
20160413144118801805161    
20160413144118801840112    
20160413144250008900033    
20160413144250008900042    
20160413144250008900105    
20160413144250008900061    
20160413144250008900071    
20160413144250008900081    
20160413144250008900571    
20160413144250008900211    
20160413144250008905021    
20160413144250008905032    
20160413144250008905044    
20160413144250008905151    
20160413144250008905173    
20160413144250008940112    
20160413144324012500103    
20160413144324012500031    
20160413144324012500041    
20160413144324012500071    
20160413144324012500221    
20160413144324012500281    
20160413144324012500771    
20160413144324012500401    
20160413144324012580014    
20160413144324012505032    
20160413144324012505043    
20160413144324012505172    
20160413144324012540141    
20160413144414005700032    
20160413144414005700042    
20160413144414005700104    
20160413144414005700571    
20160413144414005700401    
20160413144414005705122    
20160413144414005705161    
20160413144414005780011    
20160413144414005700061    
20160413144414005700021    
20160413144538014400033    
20160413144538014400042    
20160413144538014400231    
20160413144538014400241    
20160413144538014400106    
20160413144538014400771    
20160413144538014405032    
20160413144538014405041    
20160413144538014405075    
20160413144538014405131    
20160413144816020200571    
20160413144816020200081    
20160413144816020200036    
20160413144816020200043    
20160413144925800300062    
20160413144946024700102    
20160413144946024700031    
20160413144946024700041    
20160413144946024700201    
20160413144946024700211    
20160413144946024700241    
20160413144946024740211    
201604131449460247405510   
20160413144946024780014    
20160413144946024780023    
20160413144946024780031    
20160413144946024705022    
20160413144946024705076    
20160413144946024705202    
20160413145011800200062    
20160413145103020100103    
20160413145103020100032    
20160413145103020100041    
20160413145103020100401    
20160413145103020105042    
20160413145103020105081    
20160413145103020105201    
20160413145216799805021    
20160413145216799805153    
20160413145216799805166    
20160413145331801600033    
20160413145331801600042    
20160413145331801600202    
20160413145331801600221    
20160413145331801600241    
20160413145331801600571    
20160413145331801600581    
20160413145331801600106    
20160413145331801600081    
20160413145331801605033    
20160413145331801605043    
20160413145331801605101    
20160413145331801605123    
20160413145331801605131    
20160413145331801605141    
20160413145331801605152    
20160413145331801605164    
20160413145331801640113    
20160413145331801600062    
20160413145331801600072    
20160413145331801640391    
20160413145514006200104    
20160413145514006200032    
20160413145514006200041    
20160413145514006280041    
20160413145531007200035    
20160413145531007200044    
20160413145531007200109    
20160413145531007200211    
20160413145634023600073    
20160413145634023600031    
20160413145634023600041    
20160413145634023600104    
20160413145856006300035    
20160413145856006300044    
20160413145856006300074    
20160413145856006300109    
20160413145856006300203    
20160413145856006300213    
20160413145856006300231    
20160413145856006300242    
20160413145856006300251    
20160413145856006300301    
20160413145856006300571    
20160413145856006300581    
20160413145856006300731    
20160413145856006305042    
201604131458560063051210   
20160413145856006305143    
20160413145856006305165    
20160413145856006340021    
20160413145856006340113    
20160413145856006380016    
20160413150037026500031    
20160413150037026500041    
20160413150037026500102    
20160413150037026540521    
20160413150045025100103    
20160413150045025100032    
20160413150045025100041    
20160413150045025100061    
20160413150045025100071    
20160413150045025100021    
20160413150045025100201    
20160413150045025100211    
20160413150045025100241    
20160413150045025100281    
20160413150045025100581    
20160413150045025140555    
20160413150045025180014    
20160413150045025105021    
20160413150045025105032    
20160413150045025105042    
20160413150045025105122    
20160413150045025105162    
20160413150045025140131    
20160413150045025140391    
20160413150415016100107    
20160413150415016100034    
20160413150415016100043    
20160413150415016100571    
20160413150415016100062    
20160413150415016100072    
20160413150415016100201    
20160413150415016100241    
20160413150415016100772    
20160413150415016100401    
20160413150415016140525    
20160413150415016140535    
20160413150415016105021    
20160413150415016105032    
20160413150415016105124    
20160413150415016105152    
20160413150627011400631    
20160413150627011405032    
201604131506270114405510   
20160413150627011440211    
20160413150627011400032    
20160413150627011400042    
20160413150627011400104    
20160413150627011400571    
20160413150627011400071    
20160413150627011400061    
20160413150825021300031    
20160413150825021300201    
20160413150825021300212    
20160413150825021300081    
20160413150825021305021    
20160413150825021305031    
20160413150825021305042    
201604131508250213050725   
20160413150825021305122    
20160413150825021305135    
20160413150825021305151    
20160413150825021300062    
20160413150825021300075    
20160413151102007900106    
20160413151102007900032    
20160413151102007900042    
20160413151102007900571    
20160413151102007900081    
20160413151102007900071    
20160413151102007900023    
20160413151102007905021    
20160413151102007905031    
20160413151102007905152    
20160413151240801705204    
20160413151254000300106    
20160413151254000300033    
20160413151254000300043    
20160413151254000300073    
20160413151254000300201    
20160413151254000300771    
20160413151254000305041    
20160413151254000305123    
20160413151309009305124    
20160413151309009300401    
20160413151309009300451    
20160413151309009300244    
20160413151309009300251    
20160413151309009300631    
20160413151309009300776    
20160413151309009300421    
20160413151309009340216    
20160413151309009340558    
20160413151309009305048    
201604131513090093051612   
20160413151540007600033    
20160413151540007600041    
20160413151540007600104    
20160413151540007605151    
20160413151540007600072    
20160413151540007600581    
20160413151540007600591    
20160413151540007605021    
20160413151540007605141    
20160413151543009500105    
20160413151543009500034    
20160413151543009500043    
20160413151543009505011    
20160413151543009505081    
20160413151543009500251    
20160413151556802400103    
20160413151556802400032    
20160413151556802400041    
20160413151556802400571    
20160413151556802400063    
20160413151556802400073    
20160413151556802400202    
20160413151556802400212    
20160413151556802400221    
20160413151556802400242    
20160413151556802400301    
20160413151556802440525    
20160413151556802405022    
20160413151556802405033    
20160413151556802405043    
20160413151556802405122    
20160413151556802405153    
20160413151556802405173    
20160413151556802405201    
20160413151649024100102    
20160413151649024100031    
20160413151649024100041    
20160413151649024100061    
20160413151649024100211    
20160413151649024100241    
20160413151649024180014    
20160413151649024180022    
20160413151649024105041    
20160413151649024105122    
20160413151649024105152    
20160413151649024105202    
20160413152050013000571    
20160413152050013000201    
20160413152050013000211    
20160413152050013000061    
20160413152050013005021    
20160413152050013000071    
20160413152050013005125    
20160413152142022900032    
20160413152142022900042    
20160413152142022900105    
20160413152142022900081    
20160413152142022905022    
20160413152142022905043    
20160413152142022905075    
20160413152142022905081    
20160413152142022905141    
20160413152142022940212    
201604131521420229405510   
20160413152142022900063    
20160413152711026100031    
20160413152711026100101    
20160413152711026100571    
20160413152711026100211    
20160413152711026105151    
20160413152711026180012    
20160413152711026180021    
20160413152711026100581    
20160413152711026100591    
20160413152759019705043    
20160413152759019705021    
20160413152759019700231    
20160413152759019700031    
20160413152759019700041    
20160413152759019700102    
20160413152759019705122    
20160413152759019780011    
20160413152759019780023    
20160413152759019705033    
20160413152805023000061    
20160413152805023040211    
201604131528050230405510   
20160413152805023005075    
20160413152805023005151    
20160413152805023005173    
20160413152805023005045    
20160413152805023005141    
20160413152805023000211    
20160413152805023000022    
20160413152805023000721    
20160413152805023000201    
20160413152805023000241    
20160413152805023005081    
20160413152805023000106    
20160413152805023000033    
20160413152805023000043    
20160413152805023000571    
20160413152805023005122    
20160413152805023080014    
20160413152805023080024    
20160413152845015900103    
20160413152845015900032    
20160413152845015900041    
20160413152845015900072    
20160413153001018900031    
20160413153001018900041    
20160413153001018900201    
20160413153001018900211    
20160413153001018900102    
20160413153001018905021    
20160413153001018940112    
20160413153001018940131    
20160413153001018905202    
20160413153001018980014    
20160413153029024600201    
20160413153029024600401    
20160413153029024605021    
20160413153029024605032    
20160413153029024605075    
20160413153029024605124    
20160413153029024605131    
20160413153029024605172    
20160413153029024640535    
20160413153029024680012    
20160413153029024680023    
20160413153045027600032    
20160413153045027600041    
20160413153045027600571    
20160413153045027600741    
20160413153045027600752    
20160413153045027600103    
20160413153045027605022    
20160413153045027605032    
20160413153045027605122    
20160413153045027605142    
20160413153045027680014    
20160413153054010800103    
20160413153054010800031    
20160413153054010800041    
20160413153054010800062    
20160413153054010800072    
20160413153054010840535    
20160413153102019600031    
20160413153102019600041    
20160413153102019600211    
20160413153102019600421    
20160413153102019600103    
20160413153102019605041    
201604131531020196050710   
20160413153102019605132    
20160413153102019640211    
201604131531020196405510   
20160413153102019600062    
20160413153102019600071    
20160413153140022100106    
20160413153140022100033    
20160413153140022100043    
20160413153140022100072    
20160413153140022100062    
20160413153140022100571    
20160413153140022105081    
20160413153140022140112    
20160413153140022105032    
20160413153140022140211    
20160413153140022100241    
20160413153232800000021    
20160413153232800000035    
20160413153232800000043    
20160413153232800000063    
20160413153232800000079    
20160413153232800000082    
20160413153232800000104    
20160413153232800000201    
20160413153232800000213    
20160413153232800000231    
20160413153232800000241    
20160413153232800000251    
20160413153232800000282    
20160413153232800000301    
20160413153232800000722    
20160413153232800000751    
20160413153232800005021    
20160413153232800005045    
20160413153232800005129    
20160413153232800005143    
20160413153232800005156    
20160413153232800005175    
201604131532328000401111   
20160413153232800040121    
20160413153232800040172    
201604131532328000405210   
201604131532328000405313   
20160413153232800080031    
20160413153232800085003    
20160413153239801400231    
20160413153239801400241    
20160413153239801400252    
20160413153239801400073    
20160413153515002700032    
20160413153515002700042    
20160413153515002700103    
20160413153534016900102    
20160413153534016900031    
20160413153534016900041    
20160413153534016900061    
20160413153534016900071    
20160413153534016900422    
20160413153534016905075    
20160413153534016905172    
20160413153624802300105    
20160413153624802300033    
20160413153624802300042    
20160413153624802300202    
20160413153624802300221    
20160413153624802300242    
20160413153624802300401    
20160413153624802300581    
20160413153624802300591    
20160413153624802380031    
20160413153624802305022    
20160413153624802305035    
20160413153624802305042    
20160413153624802305122    
20160413153624802305163    
20160413153624802305203    
20160413153624802340113    
20160413153624802340171    
20160413153624802340391    
20160413153642023700104    
20160413153642023700032    
20160413153642023700042    
20160413153642023700571    
20160413153642023700062    
20160413153642023700071    
20160413153642023700241    
20160413153642023700281    
20160413153642023700751    
20160413153642023700401    
20160413153642023700451    
20160413153642023740533    
20160413153642023705201    
20160413153642023705021    
20160413153642023705031    
20160413153642023705041    
20160413153642023705123    
20160413153653014800212    
20160413153653014800231    
20160413153653014800301    
201604131536530148405210   
20160413153653014800032    
20160413153653014800041    
20160413153653014800105    
20160413153653014800571    
20160413153653014800071    
20160413153701003300105    
20160413153701003300032    
20160413153701003300042    
20160413153701003300071    
20160413153701003305172    
20160413153727027700104    
20160413153727027700032    
20160413153727027700042    
20160413153727027700081    
20160413153727027700062    
20160413153727027700073    
20160413153727027700022    
20160413153727027700201    
20160413153727027700212    
20160413153727027700221    
20160413153727027700241    
20160413153727027740522    
20160413153727027740533    
20160413153727027740552    
20160413153727027705011    
20160413153727027705021    
20160413153727027705042    
20160413153727027705075    
20160413153727027705081    
20160413153727027705122    
20160413153727027705131    
20160413153727027705141    
20160413153727027740011    
20160413153727027740171    
20160413153727027740391    
20160413153805001100107    
20160413153805001100033    
20160413153805001100044    
20160413153805001100062    
20160413153805001100073    
20160413153805001100401    
20160413153805001100451    
20160413153805001100242    
20160413153805001105042    
20160413153805001140535    
20160413153838004100104    
20160413153838004100032    
20160413153838004100042    
20160413153838004100061    
20160413153838004100072    
20160413153838004105021    
20160413153948013100104    
20160413153948013100032    
20160413153948013100042    
20160413153948013100062    
20160413153948013100073    
20160413153948013100211    
20160413153948013100731    
20160413153948013140535    
20160413153948013140212    
201604131539480131405520   
201604131539480131800112   
20160413153948013180024    
20160413153948013105021    
20160413153948013105031    
20160413153948013105042    
20160413153948013105141    
20160413153948013105161    
20160413154001023705162    
20160413154021008700102    
20160413154021008700031    
20160413154021008700041    
20160413154021008700062    
20160413154021008700073    
20160413154021008700201    
20160413154021008700211    
20160413154021008700301    
20160413154021008700771    
20160413154021008740201    
20160413154021008740212    
20160413154021008780014    
20160413154021008705021    
20160413154021008705031    
20160413154021008705041    
20160413154021008705141    
20160413154021008705152    
20160413154021008705162    
20160413154021008740111    
20160413154021008740171    
20160413154102022300061    
20160413154102022300211    
20160413154102022300241    
20160413154102022300753    
20160413154102022305021    
20160413154102022305042    
20160413154102022305081    
20160413154102022305122    
20160413154102022305152    
20160413154102022305173    
20160413154102022340114    
20160413154102022340211    
20160413154102022340556    
20160413154102022300031    
20160413154102022300041    
20160413154138022340171    
20160413154309023200106    
20160413154309023200034    
20160413154309023200042    
20160413154309023200571    
20160413154309023200073    
20160413154309023200751    
20160413154309023280016    
20160413154309023205032    
20160413154309023205123    
20160413154309023205163    
20160413154309023205173    
20160413154309023200731    
20160413154458022400102    
20160413154458022400031    
20160413154458022400041    
20160413154458022405042    
20160413154458022405162    
20160413154458022440212    
20160413154458022480014    
20160413154504023900104    
20160413154504023900032    
20160413154504023900042    
20160413154504023900061    
20160413154504023905042    
20160413154504023905122    
20160413154504023905163    
20160413154542002000032    
20160413154542002000042    
20160413154542002000104    
20160413154542002080024    
20160413154542002040523    
20160413154542002040533    
20160413154542002000061    
20160413154603015600109    
20160413154603015600034    
20160413154603015600044    
20160413154603015600061    
20160413154603015600071    
20160413154603015600202    
20160413154603015600211    
20160413154603015600241    
20160413154603015600751    
20160413154603015600771    
20160413154603015600401    
20160413154603015640522    
20160413154603015640533    
20160413154603015605021    
20160413154603015605032    
20160413154603015605042    
20160413154603015605123    
20160413154603015605141    
20160413154603015605151    
20160413154603015605164    
20160413154603015605202    
20160413154748004840221    
20160413154748004805021    
20160413154748004805043    
201604131547480048405510   
20160413154748004840211    
20160413154748004805141    
20160413154748004800201    
20160413154748004800103    
20160413154748004800032    
20160413154748004800041    
20160413154827026600103    
20160413154827026600032    
20160413154827026600041    
20160413154827026600061    
20160413154827026600071    
20160413154827026600211    
20160413154827026600221    
20160413154827026600241    
20160413154827026640535    
20160413154827026640211    
20160413154827026640555    
20160413154827026680012    
20160413154827026680022    
20160413154827026605021    
20160413154827026605031    
20160413154827026605041    
20160413154827026605081    
20160413154827026605151    
20160413154827026605161    
20160413154827026640111    
20160413154827026605202    
20160413155025023740555    
20160413155106019300104    
20160413155106019300032    
20160413155106019300042    
20160413155106019300063    
20160413155106019300072    
20160413155106019300201    
20160413155106019300211    
20160413155106019300221    
20160413155106019300241    
20160413155106019300581    
20160413155106019300591    
20160413155106019340211    
20160413155106019340525    
20160413155106019380016    
20160413155106019380022    
20160413155106019305022    
20160413155106019305033    
20160413155106019305042    
20160413155106019305075    
20160413155106019305131    
20160413155106019305152    
20160413155106019305162    
20160413155106019340111    
20160413155122023200101    
20160413155122023200041    
20160413155440024000102    
20160413155440024000031    
20160413155440024000041    
20160413155440024000073    
20160413155440024000751    
20160413155440024000771    
20160413155440024000451    
20160413155440024000201    
20160413155440024000241    
20160413155440024080022    
20160413155440024005152    
20160413155440024005162    
20160413155440024040391    
20160413155440024080014    
20160413155440024005021    
20160413155440024005042    
20160413155552024005124    
20160413155552024005203    
20160413155629010700034    
20160413155629010700043    
20160413155629010700107    
20160413155629010700061    
20160413155629010700072    
20160413155629010700581    
20160413155729023000201    
20160413155740016300104    
20160413155740016300031    
20160413155740016300042    
20160413155740016300571    
20160413155740016300061    
20160413155740016300071    
20160413155740016300281    
20160413155740016305011    
20160413155740016305041    
20160413155740016305121    
20160413155740016305162    
20160413155740016340211    
201604131557400163405510   
20160413155740016305201    
20160413155910026800103    
20160413155910026800032    
20160413155910026800041    
20160413155910026800073    
20160413155910026800752    
20160413155925006700031    
20160413155925006700041    
20160413155925006700102    
20160413155925006740535    
20160413160004027800101    
20160413160004027800032    
20160413160004027800041    
20160413160004027805075    
20160413160004027805131    
20160413160004027840112    
20160413160004027840212    
20160413160014022700104    
20160413160014022700032    
20160413160014022700042    
20160413160014022700571    
20160413160014022700071    
20160413160014022700201    
20160413160014022700771    
20160413160014022705021    
20160413160014022705043    
20160413160014022705122    
20160413160014022705141    
20160413160014022705151    
20160413160041026900101    
20160413160041026900031    
20160413160041026900041    
20160413160041026900571    
20160413160041026900073    
20160413160041026900201    
20160413160041026900211    
20160413160041026900221    
20160413160041026900301    
20160413160041026940523    
20160413160041026940533    
20160413160041026940552    
20160413160041026905041    
20160413160041026905152    
20160413160041026905171    
20160413160041026940021    
20160413160041026940112    
20160413160041026940131    
