20161230124842810010052    
20161230124842810016153    
20161230124842810020061    
20161230141150814020031    
201612301411508140200610   
20161230141150814020071    
20161230141150814020082    
20161230141150814050011    
20161230141150814050091    
20161230141150814050101    
201612301411508140100515   
20161230141150814010301    
20161230141150814010311    
20161230141150814010371    
20161230141150814016122    
201612301411508140161518   
20161230141150814010541    
20161230141150814010611    
20161230141150814010631    
20161230141150814050181    
20161230141150814020102    
20161230141150814020111    
20161230144117811010011    
20161230144117811010311    
20161230144117811016156    
20161230144117811020064    
20161230144117811020071    
20161230144117811020101    
20161230144117811050021    
20161230145453805810012    
20161230145453805810031    
201612301454538058100520   
20161230145453805810261    
20161230145453805810311    
20161230145453805810371    
20161230145453805810521    
20161230145453805810542    
20161230145453805810611    
20161230145453805810632    
20161230145453805810742    
20161230145453805810752    
20161230145453805816121    
201612301454538058161518   
201612301454538058200615   
20161230145453805820072    
20161230145453805820082    
20161230145453805820106    
20161230145453805850021    
20161230152447806410013    
20161230152447806410031    
201612301524478064100514   
20161230152447806410311    
20161230152447806410402    
20161230152447806410522    
20161230152447806410541    
20161230152447806410741    
20161230152447806416121    
201612301524478064161511   
20161230152447806420031    
201612301524478064200610   
20161230152447806420071    
20161230152447806420082    
20161230152447806420103    
20161230152447806420121    
20161230152447806450021    
20161230153431807510012    
20161230153431807510053    
20161230153431807510301    
20161230153431807510634    
20161230153431807516121    
20161230153431807516157    
20161230153431807520064    
20161230153431807520071    
20161230153431807520081    
20161230153431807520103    
20161230154546815610012    
20161230154546815610071    
20161230154546815610121    
20161230154546815610262    
20161230154546815620033    
20161230154546815620066    
20161230154546815620081    
20161230154546815610058    
20161230154546815610302    
20161230154546815610312    
20161230154546815610371    
20161230154546815610393    
20161230154546815616122    
201612301545468156161513   
20161230154546815610645    
20161230154546815620103    
20161230154546815620112    
20161230154546815610742    
20161230155319814710013    
20161230155319814720032    
201612301553198147200610   
20161230155319814720072    
20161230155319814750091    
20161230155319814750101    
20161230155319814750111    
20161230155319814730011    
201612301553198147100510   
20161230155319814716121    
20161230155319814716158    
20161230155319814710631    
20161230155319814710681    
20161230155319814720103    
20161230155319814720112    
20161230155319814720121    
20161230155319814720132    
20161230160257809010012    
201612301602578090100528   
20161230160257809010261    
20161230160257809010523    
20161230160257809010742    
20161230160257809010755    
20161230160257809016122    
201612301602578090161528   
20161230160257809020032    
201612301602578090200620   
20161230160257809020073    
20161230160257809020081    
20161230160257809020107    
20161230160257809020111    
20161230160257809020122    
20161230160257809030015    
20161230160257809030041    
20161230160257809040081    
20161230160257809050021    
20161230160257809050091    
20161230160257809050101    
20161230160700805210011    
201612301607008052100520   
20161230160700805210523    
20161230160700805216121    
20161230160700805216154    
20161230160700805220034    
201612301607008052200618   
20161230160700805220081    
20161230160700805220107    
20161230160700805220111    
20161230160700805220121    
20161230160700805220135    
20161230160722814610015    
20161230160722814610031    
20161230160722814610121    
20161230160722814610201    
20161230160722814610262    
20161230160722814620033    
201612301607228146200612   
20161230160722814620071    
20161230160722814620081    
20161230160722814650022    
20161230160722814630011    
201612301607228146100523   
20161230160722814610302    
20161230160722814610311    
20161230160722814610372    
20161230160722814610392    
20161230160722814610421    
20161230160722814610523    
20161230160722814616122    
201612301607228146161527   
20161230160722814610541    
20161230160722814620107    
20161230160722814620112    
20161230160722814620122    
20161230160820815410012    
20161230160820815410261    
20161230160820815420032    
201612301608208154200612   
20161230160820815420072    
20161230160820815450022    
20161230160820815450091    
20161230160820815450101    
20161230160820815430011    
20161230160820815410055    
20161230160820815410311    
201612301608208154161510   
20161230160820815420103    
20161230160820815420121    
201612301609107001900210   
20161230160910700190043    
20161230160910700190093    
20161230160910700190112    
20161230160910700190122    
20161230160910700190133    
20161230160910700190179    
20161230160910700190375    
20161230160910700190405    
20161230160910700190501    
20161230160910700190593    
20161230160910700190603    
20161230161120700190032    
20161230161120700190501    
20161230161319806910018    
20161230161319806910055    
20161230161319806910633    
20161230161319806916121    
201612301613198069161516   
20161230161319806920034    
201612301613198069200620   
20161230161319806920075    
20161230161319806920082    
201612301613198069201012   
20161230161319806920112    
20161230162030813910012    
20161230162030813920066    
20161230162030813920071    
20161230162030813920081    
20161230162030813910057    
20161230162030813910302    
20161230162030813916121    
20161230162030813916157    
20161230162030813910643    
20161230162220811410016    
20161230162220811410059    
20161230162220811410522    
20161230162220811410541    
20161230162220811410642    
20161230162220811410731    
20161230162220811416159    
20161230162220811420033    
20161230162220811420069    
20161230162220811420071    
20161230162220811420081    
20161230162220811420104    
20161230162220811420122    
20161230162220811420132    
20161230162314808110014    
20161230162314808110031    
20161230162314808110071    
20161230162314808120032    
201612301623148081200612   
20161230162314808120071    
20161230162314808120082    
20161230162314808110054    
20161230162314808110521    
201612301623148081161514   
20161230162314808120104    
20161230162314808120111    
20161230162505813210014    
20161230162505813210021    
20161230162505813210031    
20161230162505813210121    
20161230162505813210161    
20161230162505813210261    
20161230162505813220033    
201612301625058132200615   
20161230162505813220073    
20161230162505813220082    
20161230162505813240051    
20161230162505813250021    
20161230162505813250051    
20161230162505813250061    
20161230162505813250091    
20161230162505813250101    
20161230162505813250111    
20161230162505813230011    
20161230162505813240071    
201612301625058132100513   
20161230162505813210312    
20161230162505813210371    
20161230162505813210394    
20161230162505813210401    
20161230162505813210411    
20161230162505813210421    
20161230162505813210522    
20161230162505813216123    
201612301625058132161520   
20161230162505813210541    
20161230162505813210632    
20161230162505813210642    
20161230162505813220103    
20161230162505813220111    
20161230162505813220121    
20161230162632815410031    
20161230162632815420082    
20161230163158815710017    
20161230163158815710031    
20161230163158815710262    
20161230163158815720032    
201612301631588157200610   
20161230163158815720072    
20161230163158815720082    
20161230163158815710303    
20161230163158815710312    
20161230163158815710491    
20161230163158815716121    
201612301631588157161520   
20161230163158815710551    
20161230163158815710641    
20161230163158815720106    
20161230163158815720111    
20161230163158815720121    
20161230163158815710743    
20161230163158815710752    
20161230163158815720134    
20161230164214806510055    
20161230164214806510302    
20161230164214806510311    
20161230164214806510372    
20161230164214806510391    
20161230164214806510523    
20161230164214806516122    
201612301642148065161525   
201612301642148065200615   
20161230164214806520075    
20161230164214806520081    
20161230164214806550023    
20161230164214806550091    
20161230164214806550101    
20161230164411801510526    
20161230164411801516155    
20161230164411801510017    
20161230164411801510271    
20161230164411801510053    
20161230164411801510081    
20161230164411801520031    
20161230164411801520106    
20161230164411801520111    
201612301644118015200616   
20161230164411801520072    
20161230164411801530051    
20161230164411801540071    
20161230164411801550091    
20161230164411801550101    
20161230164411801550112    
201612301649448141100115   
20161230164944814110021    
20161230164944814110032    
20161230164944814110081    
20161230164944814110123    
201612301649448141102610   
20161230164944814120038    
201612301649448141200630   
201612301649448141200710   
20161230164944814120081    
20161230164944814140065    
20161230164944814140083    
201612301649448141100518   
20161230164944814110302    
20161230164944814110361    
20161230164944814110421    
20161230164944814110491    
20161230164944814116122    
201612301649448141161535   
20161230164944814110542    
20161230164944814110551    
20161230164944814110611    
20161230164944814110633    
20161230164944814110682    
201612301649448141201010   
20161230164944814120116    
20161230164944814110731    
20161230164944814120123    
20161230164944814110746    
20161230164944814110755    
20161230165236809710017    
20161230165236809710021    
20161230165236809710032    
20161230165236809710523    
20161230165236809716124    
201612301652368097161560   
20161230165236809720084    
201612301652368097201012   
20161230170434811810011    
20161230170434811820067    
20161230170434811820072    
20161230170434811820082    
20161230170434811850101    
20161230170434811810054    
20161230170434811816158    
20161230170434811820102    
20161230170434811820111    
20161230170434811810741    
201612301707098124100113   
20161230170709812410021    
20161230170709812410031    
201612301707098124100530   
20161230170709812410262    
20161230170709812410304    
20161230170709812410312    
20161230170709812410372    
20161230170709812410392    
20161230170709812410411    
20161230170709812410527    
20161230170709812410551    
20161230170709812410631    
20161230170709812410642    
201612301707098124161517   
20161230170709812420035    
201612301707098124200632   
20161230170709812420074    
20161230170709812420081    
201612301707098124201015   
20161230170709812420123    
20161230170709812430051    
20161230170709812440065    
20161230170709812450011    
20161230170709812450091    
20161230170709812450111    
20161230172254804610522    
20161230172254804610641    
20161230172254804616121    
201612301722548046161520   
20161230172254804620032    
201612301722548046200620   
20161230172254804620082    
20161230172254804620108    
20161230172254804640071    
20161230172254804640082    
20161230172254804650061    
20161230180110807910017    
201612301801108079161520   
201612301801108079200620   
20161230180110807920073    
20161230181033807910031    
20161230181033807910057    
20161230181033807910091    
20161230181033807910262    
20161230181033807910302    
20161230181033807910312    
20161230181033807910372    
20161230181033807910521    
20161230181033807910621    
20161230181033807910632    
20161230181033807910641    
20161230181033807920038    
20161230181033807920082    
20161230181033807920108    
20161230181033807920112    
20161230181033807920121    
20161230181033807950011    
20161230181033807950021    
