20160210205716603220062    
20160210205716603220122    
20160210211806606720014    
20160210211845603020012    
20160210220255501020012    
20160210220255501040241    
20160210224426100220012    
20160210224426100240211    
20160210230025605520016    
20160210230025605520072    
20160210230025605540251    
20160210231407602420011    
20160210234628505220011    
20160210234628505220062    
20160210234628505240252    
20160211002707606920012    
20160211002707606920301    
20160211021219604220016    
20160211023452606020014    
20160211031214608720014    
20160211031214608720063    
20160211031214608720075    
20160211031214608720681    
