20160926210600600114201    
20160926210600600114225    
20160926210600600115121    
20160926210600600115161    
20160926210600600130052    
20160926210600600160011    
201609262110431017100040   
201609262125427001120010   
201609262125427001120412   
201609262125427001120950   
201609262125427001121220   
201609262125427001133012   
20160926212542700114015    
20160926212542700114043    
20160926212542700114063    
20160926212542700114103    
20160926212542700114206    
201609262125427001160210   
20160926212542700116052    
20160926212542700130053    
20160926212542700130081    
20160926212542700150015    
20160926212542700150091    
20160926212542700150111    
20160926212542700150123    
20160926212542700151021    
201609262125427001510510   
20160926212542700151081    
201609262125427001520015   
20160926212542700152061    
201609262125427001600110   
20160926212542700160031    
201609262152571170100040   
201609262152571170120920   
201609262152571170121310   
20160926222418116612132    
20160926222418116613031    
20160926222418116613071    
20160926222418116613091    
20160926222418116614002    
20160926222418116614027    
20160926222418116614032    
20160926222418116615055    
201609270952551043100010   
201609270956091069100020   
20160927095609106913041    
201609271003111165100020   
20160927100311116512074    
20160927100311116512084    
20160927100311116512125    
20160927100311116512134    
20160927100311116514023    
201609271003111165150510   
20160927100311116516022    
201609271034461147100110   
20160927104106700430032    
20160927105159114113082    
20160927105159114114035    
201609271051591141150210   
20160927105159114153031    
201609271104061170100020   
20160927110406117013021    
201609271120471063100020   
20160927122259106613051    
20160927123104115612082    
201609271231041156121210   
201609271231041156140210   
20160927123104115616032    
20160927130041700212055    
20160927130041700212071    
20160927130041700213051    
201609271300417002133010   
20160927130041700214102    
20160927130041700231001    
20160927130041700250041    
20160927130041700251051    
201609271300417002520710   
201609271302021005100010   
20160927130308112912071    
20160927130308112912132    
20160927130308112913051    
20160927130308112913074    
20160927130308112913091    
20160927130308112913302    
20160927130308112913312    
20160927131728111712071    
20160927131728111714026    
20160927131822111713314    
20160927132703105712073    
20160927132703105713072    
20160927132703105713081    
20160927132703105714001    
20160927132703105714021    
201609271333081034100010   
20160927133633111013041    
20160927134223113713091    
201609271342301152120712   
20160927134230115214044    
20160927134230115214102    
20160927134249115512135    
20160927134249115514023    
20160927134749111313031    
20160927134749111314002    
20160927134749111314025    
20160927134749111314031    
201609271354101027100010   
