20160829184633765610151    
20160829184633765610161    
20160829184633765610353    
20160829184633765610391    
20160829184633765610446    
20160829184633765610651    
20160829184633765610744    
2016082918463376561116120  
20160829184633765620122    
20160829184633765620701    
20160829184633765622871    
201608291846337656228910   
20160829201042528722183    
20160829201042528711611    
20160829201042528710741    
20160829201042528711992    
20160829201042528710041    
20160829201042528711141    
20160829201042528723013    
20160829201042528710582    
20160829201042528710411    
201608292010425287103210   
20160829201042528710461    
20160829201042528711881    
20160829201042528710311    
20160829201042528710391    
20160829201042528710496    
20160829201042528725081    
20160829201042528710871    
20160829201042528710333    
20160829202850395910271    
20160829202850395910281    
20160829202850395910301    
20160829202850395910311    
20160829202850395910326    
20160829202850395910335    
20160829202850395910345    
20160829202850395910391    
20160829202850395910411    
20160829202850395910425    
20160829202850395910431    
20160829202850395910472    
20160829202850395910542    
20160829202850395910611    
20160829202850395910741    
20160829202850395910791    
20160829202850395911141    
20160829202850395911151    
20160829202850395911181    
20160829202850395911332    
20160829202850395911425    
20160829202850395911641    
20160829202850395911341    
20160829202850395911992    
20160829202850395920132    
20160829202850395920231    
20160829202850395911832    
20160829202850395912023    
