20160629181225109010101    
201606291812251090102510   
20160629181225109010347    
20160629181225109010794    
20160629181225109010804    
20160629181225109020331    
20160629181225109020402    
201606291812251090300110   
20160629181225109030047    
20160629181225109030271    
20160629181225109030361    
20160629181225109030521    
20160629181225109030531    
20160629181242109025271    
20160629185405106810253    
20160629185405106810303    
20160629185405106810382    
20160629185405106810471    
20160629185405106820011    
20160629185405106820402    
20160629185405106830013    
20160629185405106830271    
20160629185405106830561    
20160629192808108910651    
20160629192808108910681    
20160629192808108910861    
20160629192808108930015    
20160629201951110510305    
20160629201951110510681    
20160629201951110530893    
20160629202622108110271    
201606292026221081106310   
20160629202622108110653    
20160629202622108110864    
20160629202622108115071    
20160629202622108115112    
20160629202622108115402    
20160629202622108120052    
20160629202622108120112    
20160629202622108120262    
20160629202622108125031    
20160629202622108125082    
20160629202622108125092    
20160629202622108130057    
20160629202622108130061    
20160629202622108130272    
20160629202622108130406    
20160629222742102810255    
20160629222742102810323    
20160629222742102810343    
20160629222742102810432    
20160629222742102810625    
20160629222742102810681    
20160629222742102815371    
20160629222742102810303    
201606292227421028300110   
20160629225101104910253    
20160629225101104910271    
20160629225101104910305    
20160629225101104910322    
20160629225101104910651    
20160629225101104920206    
20160629225101104930031    
20160629225101104930041    
20160629225101104930381    
20160629231042108910321    
20160629231042108915421    
201606292310421089300110   
20160629231042108930031    
20160629231042108930041    
20160629231042108930053    
20160629231042108930081    
20160629231042108925261    
20160629231042108930204    
20160629231042108930521    
20160629231042108930651    
20160629231042108930691    
20160629231150108930432    
20160629232355107610211    
20160629232355107610221    
20160629232355107610381    
20160629232355107610491    
20160629232355107610681    
20160629232355107610861    
20160629232355107620461    
20160629232355107630053    
20160629232355107630081    
20160629232355107630392    
20160629232355107630431    
20160629232355107630561    
20160629232355107630701    
20160629232355107630961    
20160629232747101610211    
20160629232747101610221    
20160629232747101610341    
20160629232747101610861    
20160629232747101615191    
20160629232747101620081    
20160629232747101630012    
20160629233122105710023    
20160629233122105710071    
20160629233122105710101    
20160629233122105710121    
20160629233122105710172    
20160629233122105710251    
20160629233122105710302    
20160629233122105710323    
20160629233122105710342    
20160629233122105710381    
20160629233122105710623    
20160629233122105710651    
20160629233122105710681    
20160629233122105710791    
20160629233122105710801    
20160629233122105710861    
20160629233122105710871    
20160629233122105715041    
20160629233122105715351    
20160629233122105715421    
20160629233122105720011    
20160629233122105720051    
20160629233122105720111    
201606292331221057202012   
20160629233122105720402    
20160629233122105725091    
20160629233122105730015    
20160629233122105730033    
20160629233122105730053    
20160629233122105730271    
20160629233122105730394    
20160629233122105730401    
20160629233122105730562    
20160629233122105730681    
20160629233122105730691    
20160629233122105730701    
20160629233122105730891    
20160629233214106410101    
20160629233214106410211    
20160629233214106410221    
20160629233214106410271    
20160629233214106410305    
20160629233214106410323    
20160629233214106410342    
20160629233214106410432    
20160629233214106410633    
20160629233214106410661    
20160629233214106410681    
20160629233214106415162    
20160629233214106415372    
20160629233214106420052    
20160629233214106425041    
20160629233214106430015    
20160629233214106430042    
20160629233214106430052    
20160629233214106430111    
20160629233214106430461    
20160629233214106430531    
20160629234812107910127    
20160629234812107910182    
20160629234812107910343    
20160629234812107910381    
20160629234812107910431    
20160629234812107910623    
20160629234812107915161    
20160629234812107915261    
20160629234812107920011    
20160629234812107920021    
20160629234812107920052    
20160629234812107920161    
20160629234812107930033    
20160629234812107930043    
20160629234812107930055    
20160629234812107930081    
20160629234812107930261    
20160629234812107930341    
20160629234828108510122    
20160629234828108510611    
20160629234828108510861    
20160629234828108515161    
20160629234828108525031    
20160629234828108525181    
20160629234828108530015    
20160629234828108530042    
20160629234828108530061    
20160629234828108530271    
20160629234828108530331    
20160629234828108530381    
20160629234828108530691    
20160629234828108530892    
20160629234828108530921    
20160630000703110410253    
20160630000703110410303    
20160630000703110410321    
20160630000703110410623    
20160630000703110410651    
20160630000703110410681    
20160630000703110415041    
20160630000703110415261    
20160630000703110415421    
20160630000703110420101    
201606300007031104202012   
20160630000703110430051    
20160630000703110430061    
20160630000703110430172    
20160630000703110430261    
20160630000703110430323    
20160630000708101610821    
20160630000742103110023    
20160630000742103110253    
20160630000742103110322    
20160630000742103110622    
20160630000742103110632    
20160630000742103110651    
20160630000742103110671    
20160630000742103120212    
20160630000742103125011    
20160630000742103130081    
20160630001904101110623    
20160630001904101110631    
20160630001904101110652    
20160630001904101110661    
20160630001904101110681    
20160630001904101110881    
20160630001904101115231    
20160630001904101115352    
20160630001904101120201    
20160630001904101120331    
20160630001904101125093    
201606300019041011300120   
20160630001904101130031    
20160630001904101130042    
20160630001904101130081    
20160630001904101130251    
20160630001904101130271    
20160630001904101130321    
20160630001904101130393    
20160630001904101130431    
20160630001904101130541    
20160630001904101130561    
20160630002541101630891    
20160630002731105910471    
20160630002731105910821    
201606300027311059300110   
20160630002916102610411    
20160630002916102610582    
20160630002916102610653    
20160630002916102610662    
20160630002916102610862    
20160630002916102610872    
20160630002916102615402    
20160630002916102620113    
20160630003913110520101    
20160630003913110530061    
20160630003913110530195    
20160630003913110530922    
20160630003950100510681    
20160630003950100510861    
201606300039501005300110   
20160630003950100530113    
20160630003950100530381    
20160630003950100530892    
20160630003950100530961    
20160630004053110010121    
20160630004053110010255    
20160630004053110010272    
20160630004053110010306    
20160630004053110010348    
20160630004053110010361    
20160630004053110010624    
20160630004053110010651    
20160630004053110010841    
20160630004053110010881    
20160630004053110015041    
20160630004053110015061    
20160630004053110015112    
20160630004053110015261    
20160630004053110015331    
20160630004053110015421    
20160630004053110020086    
20160630004053110025251    
201606300040531100300112   
20160630004053110030057    
20160630004053110030173    
20160630004053110030204    
20160630004053110030323    
20160630004053110030381    
20160630005626108010255    
201606300056261080300310   
20160630005626108030332    
20160630005626108030382    
20160630005626108030692    
20160630005626108030892    
201606300057071080103210   
20160630010107104410345    
20160630010107104410682    
20160630010107104415261    
20160630011037108810341    
20160630011037108810625    
20160630011037108810633    
20160630011037108810651    
20160630011037108810681    
20160630011037108815041    
20160630011037108815111    
20160630011037108815171    
20160630011037108815251    
20160630011037108815401    
20160630011037108815421    
20160630011037108820052    
20160630011037108820212    
20160630011037108820221    
20160630011037108820461    
20160630011037108825251    
20160630011037108830013    
20160630011037108830035    
20160630011037108830081    
20160630011037108830121    
20160630011037108830411    
20160630011037108830691    
20160630011037108830891    
20160630011037108830921    
20160630011449102410111    
20160630011449102410323    
20160630011449102410342    
20160630011449102410471    
20160630011449102410625    
20160630011449102410635    
20160630011449102410651    
20160630011449102410661    
20160630011449102410681    
20160630011449102410822    
20160630011449102410861    
20160630011449102410871    
20160630011449102410881    
20160630011449102415041    
20160630011449102420011    
20160630011449102420021    
20160630011449102420161    
201606300114491024202012   
20160630011449102420331    
20160630011449102420403    
20160630011449102430121    
20160630011449102430173    
20160630011449102430193    
20160630011449102430203    
20160630011449102430251    
20160630011449102430701    
20160630011554100515041    
20160630011554100515351    
20160630011554100515421    
20160630011554100530081    
20160630012127102410111    
20160630012127102410323    
20160630012127102410342    
20160630012127102410471    
20160630012127102410625    
20160630012127102410635    
20160630012127102410651    
20160630012127102410661    
20160630012127102410681    
20160630012127102410822    
20160630012127102410861    
20160630012127102410871    
20160630012127102410881    
20160630012127102415041    
20160630012127102420011    
20160630012127102420021    
20160630012127102420161    
201606300121271024202012   
20160630012127102420331    
20160630012127102420403    
20160630012127102430121    
20160630012127102430173    
20160630012127102430193    
20160630012127102430203    
20160630012127102430251    
20160630012127102430701    
20160630012518102630252    
20160630013250102210171    
20160630013250102210251    
20160630013250102210302    
20160630013250102210341    
20160630013250102210622    
20160630013250102210791    
20160630013250102210801    
20160630013250102210811    
20160630013250102210862    
20160630013250102215402    
20160630013250102220212    
20160630013250102225011    
20160630013250102225031    
20160630013250102230014    
20160630013250102230041    
20160630013250102230051    
20160630013250102230271    
20160630013250102230511    
20160630013250102230701    
20160630013250102230891    
20160630013250102230941    
20160630013250102230961    
20160630014800104110307    
20160630014800104110385    
201606300148001041106210   
20160630014800104110651    
20160630014800104110661    
20160630014800104110681    
20160630014800104115041    
20160630014800104115101    
20160630014800104115121    
20160630014800104115261    
20160630014800104115351    
201606300148001041202012   
20160630014800104120403    
20160630014800104130017    
20160630014800104130061    
20160630014800104130081    
20160630014800104130113    
20160630014800104130176    
20160630014800104130206    
20160630014800104130271    
20160630014800104130322    
20160630015706103510271    
20160630015706103510305    
20160630015706103510325    
20160630015706103510361    
20160630015706103510371    
20160630015706103510623    
20160630015706103510632    
20160630015706103510652    
20160630015706103510661    
20160630015706103515071    
20160630015706103515161    
20160630015706103515221    
20160630015706103515261    
20160630015706103520052    
20160630015706103520111    
201606300157061035202012   
20160630015706103520331    
20160630015706103520404    
20160630015706103525092    
201606300157061035300110   
20160630015706103530033    
20160630015706103530042    
20160630015706103530053    
20160630015706103530061    
20160630015706103530193    
20160630015706103530202    
20160630015706103530251    
20160630015706103530321    
20160630015706103530381    
20160630015706103530431    
20160630015706103530451    
20160630015706103530561    
20160630015706103530571    
20160630020346108610071    
20160630020346108610125    
20160630020346108610211    
20160630020346108610221    
20160630020346108610232    
20160630020346108610255    
20160630020346108610271    
201606300203461086103010   
20160630020346108610492    
201606300203461086106210   
20160630020346108610651    
20160630020346108610661    
20160630020346108610682    
20160630020346108610702    
20160630020346108610841    
20160630020346108610863    
20160630020346108610871    
20160630020346108615041    
20160630020346108615061    
20160630020346108615262    
20160630020346108615351    
20160630020346108615401    
20160630020346108620011    
20160630020346108620022    
201606300203461086202012   
20160630020346108625141    
20160630020346108625231    
20160630020346108630032    
20160630020346108630055    
20160630020346108630082    
20160630020346108630111    
20160630020346108630193    
20160630020346108630203    
20160630020346108630252    
20160630020346108630321    
20160630020346108630895    
20160630020346108630901    
20160630020346108630962    
20160630021655109610122    
201606300216551096101710   
201606300216551096102510   
20160630021655109610273    
20160630021655109610305    
20160630021655109610342    
20160630021655109610351    
20160630021655109610491    
20160630021655109610635    
20160630021655109610652    
20160630021655109610682    
20160630021655109610821    
20160630021655109610874    
20160630021655109610881    
20160630021655109615041    
20160630021655109615261    
20160630021655109615401    
201606300216551096202012   
20160630021655109620262    
20160630021655109620402    
20160630021655109625231    
20160630021655109625241    
20160630021655109630015    
201606300216551096300510   
20160630021655109630112    
20160630021655109630121    
20160630021655109630131    
20160630021655109630201    
20160630021655109630252    
20160630021655109630452    
20160630021655109630502    
20160630021655109630561    
20160630021655109630701    
20160630021655109630892    
20160630021655109630962    
20160630022422100110681    
20160630022422100110881    
201606300224221001300110   
20160630022422100130081    
20160630022422100130691    
20160630022422100130701    
20160630023159109910172    
20160630023159109910271    
20160630023159109910303    
20160630023159109910342    
20160630023159109910431    
20160630023159109910622    
20160630023159109910651    
20160630023159109915331    
201606300231591099202012   
20160630023159109925261    
20160630023159109930018    
20160630023159109930054    
20160630023159109930271    
20160630023159109930461    
20160630024831107810272    
20160630024831107810342    
20160630024831107810861    
20160630024831107815262    
20160630024831107815351    
20160630024831107815371    
20160630024831107820021    
20160630024831107830015    
20160630024831107830032    
20160630024831107830196    
20160630024831107830205    
20160630024831107830271    
20160630024831107830381    
20160630024831107830452    
20160630030731110310071    
20160630030731110310122    
20160630030731110310256    
20160630030731110310303    
20160630030731110310345    
20160630030731110310382    
20160630030731110310491    
20160630030731110310626    
20160630030731110310636    
20160630030731110310651    
20160630030731110310683    
20160630030731110310821    
20160630030731110310862    
20160630030731110315031    
20160630030731110315071    
20160630030731110315161    
20160630030731110315171    
20160630030731110315181    
20160630030731110315351    
20160630030731110315461    
201606300307311103202012   
20160630030731110320311    
20160630030731110325095    
20160630030731110325211    
20160630030731110325251    
201606300307311103300115   
20160630030731110330032    
20160630030731110330055    
20160630030731110330061    
20160630030731110330081    
20160630030731110330251    
20160630030731110330271    
20160630030731110330321    
20160630030731110330692    
20160630030731110330701    
20160630030731110330725    
20160630030731110330892    
20160630030731110330961    
