201609022238271384100120   
20160902223827138410061    
20160902223827138410132    
20160902223827138410273    
20160902223827138410293    
20160902223827138410302    
20160902223827138410312    
20160902223827138410401    
201609022241030884100160   
20160902224103088410295    
20160902224103088410605    
20160902224103088410141    
201609022303350211100180   
20160902230335021110061    
20160902230335021110133    
20160902230335021113492    
201609022305291444100140   
20160902230529144410132    
20160902230529144410501    
201609022317300216100140   
20160902231730021610132    
20160902231730021610052    
