201607192338230343110220   
201607192338230343110310   
20160719233823034311052    
20160719233823034311061    
20160719233823034311071    
20160719233823034313085    
20160719233823034313091    
20160719233823034314011    
20160719233823034315013    
20160719233823034315043    
20160719233823034315061    
20160719233823034317031    
20160719233823034317252    
20160719233823034317351    
20160719233823034317471    
20160719233823034318121    
20160719233823034318141    
20160719233823034318151    
20160719233823034319221    
201607200011020001110110   
20160720001102000117031    
20160720001102000113091    
201607200011020001121315   
201607200011370345110220   
20160720001137034511053    
20160720001137034511066    
20160720001208034521061    
201607200021150011110110   
20160720002115001113011    
201607200021150011121312   
201607200021210010110210   
20160720002121001011063    
20160720003012032211053    
20160720003012032211061    
20160720003012032212131    
20160720003012032212141    
20160720003012032213084    
20160720003012032215021    
20160720003012032219201    
201607200057350088110110   
20160720005735008815132    
20160720005735008821061    
20160720010636011615015    
201607200109550237110310   
20160720010955023712138    
201607200111340190110120   
20160720011134019013011    
20160720011134019021061    
20160720011859015611081    
201607200118590156110210   
20160720011859015613011    
20160720011859015611053    
20160720011859015611062    
201607200127340329110210   
20160720012734032911061    
20160720012734032913011    
20160720012734032915141    
20160720012734032915131    
201607200132290310110210   
20160720013229031011051    
20160720013229031015055    
20160720013229031022031    
20160720013249034518161    
201607200150120041110510   
201607200154570284110210   
201607200201480341110210   
20160720020148034111055    
20160720020148034115041    
20160720020148034117371    
201607200203310150110110   
20160720021522006911052    
20160720021522006917011    
20160720021522006917451    
20160720021522006917371    
201607200215250320110210   
20160720021525032012131    
20160720021525032012141    
20160720021525032013011    
20160720021525032017291    
201607200222110346110325   
20160720022211034611053    
20160720022211034611061    
20160720022211034613011    
20160720022211034613081    
20160720022211034615013    
20160720022211034616101    
201607200222470210110230   
20160720022247021011053    
20160720022247021011066    
20160720022247021013011    
20160720022247021017011    
20160720022247021017041    
20160720022247021021071    
20160720022247021022031    
20160720022247021017301    
20160720022247021017351    
201607200229170242110220   
20160720022917024211055    
20160720022917024211065    
20160720022917024213012    
20160720023213011511075    
201607200232130115110210   
20160720023213011513011    
20160720023213011511062    
201607200240350331110210   
20160720024035033111051    
20160720024035033111062    
20160720024035033115042    
20160720024035033117291    
20160720024035033115121    
201607200253110065110120   
20160720025311006511051    
20160720025311006513011    
201607200254180222110210   
20160720025418022211064    
201607200254180222110310   
20160720025457012517351    
201607200254570125110115   
20160720025457012511052    
20160720025457012513012    
20160720025542027911052    
20160720025542027911061    
20160720025542027917301    
20160720025542027917451    
20160720025542027917351    
201607200303150327110210   
201607200303150327110310   
20160720030315032711054    
20160720030315032713012    
20160720030315032717031    
20160720030315032719131    
20160720030757022217091    
20160720030757022212132    
20160720030757022212142    
201607200314180055110110   
20160720031418005513011    
20160720031418005511052    
20160720031504007111053    
20160720031504007111062    
20160720031504007113011    
20160720031504007117212    
201607200315040071110310   
201607200333280029110210   
20160720033328002912134    
20160720033328002913011    
20160720033328002915061    
20160720033328002917031    
20160720033328002917521    
20160720033328002921062    
201607200339080073110220   
