20160203183551108210022    
20160203183551108210233    
201602031835511082102510   
20160203183551108210272    
20160203183551108210841    
20160203183551108210861    
20160203183551108215211    
20160203183551108215352    
201602031835511082300110   
20160203183551108230173    
20160203183551108230331    
20160203183551108230452    
20160203184945104410104    
20160203184945104410114    
201602031849451044101715   
201602031849451044101810   
20160203184945104410212    
20160203184945104410222    
201602031849451044102525   
20160203184945104410275    
201602031849451044103015   
201602031849451044103220   
201602031849451044103430   
20160203184945104410351    
20160203184945104410363    
20160203184945104410372    
20160203184945104410424    
20160203184945104410436    
20160203184945104410491    
20160203184945104410581    
20160203184945104410612    
20160203184945104410625    
20160203184945104410635    
20160203184945104410655    
20160203184945104410664    
20160203184945104410673    
20160203184945104410687    
20160203184945104410793    
20160203184945104410803    
20160203184945104410813    
20160203184945104410822    
20160203184945104415045    
20160203184945104415071    
20160203184945104415101    
20160203184945104415115    
20160203184945104415163    
20160203184945104415172    
20160203184945104415181    
20160203184945104415211    
20160203184945104415265    
20160203184945104415351    
20160203184945104415373    
20160203184945104415404    
20160203184945104420013    
20160203184945104420023    
20160203184945104420053    
201602031849451044200825   
20160203184945104420101    
20160203184945104420111    
201602031849451044202036   
201602031849451044202110   
20160203184945104420231    
20160203184945104420271    
20160203184945104420312    
20160203184945104420333    
20160203184945104420383    
20160203184945104420405    
20160203184945104425011    
20160203184945104425031    
20160203184945104425041    
20160203184945104425121    
20160203184945104425141    
20160203184945104425181    
201602031849451044300130   
201602031849451044300410   
201602031849451044300515   
20160203184945104430062    
20160203184945104430084    
201602031849451044301915   
201602031849451044302025   
20160203184945104430304    
201602031849451044303915   
20160203184945104430404    
20160203184945104430412    
20160203184945104430432    
20160203184945104430451    
20160203184945104440115    
20160203200154106810021    
20160203200154106810173    
20160203200154106810253    
20160203200154106810271    
20160203200154106810325    
20160203200154106810343    
20160203200154106810382    
20160203200154106810422    
20160203200154106810633    
20160203200154106810651    
20160203200154106810792    
20160203200154106810802    
20160203200154106810861    
20160203200154106815071    
20160203200154106820011    
201602032001541068202010   
20160203200154106820331    
20160203200154106820402    
201602032001541068300110   
20160203200154106830203    
20160203200154106830252    
20160203200154106830381    
20160203200154106830393    
20160203200154106830562    
20160203200706109010327    
201602032007061090103410   
20160203200706109010382    
20160203200706109010422    
20160203200706109010651    
20160203200706109010681    
20160203200706109010861    
20160203200706109015071    
20160203200706109015162    
20160203200706109020021    
20160203200706109020112    
201602032007061090300110   
20160203200706109030045    
20160203200706109030432    
20160203200706109030452    
20160203222208106310022    
20160203222208106310101    
20160203222208106310111    
20160203222208106310123    
201602032222081063102515   
20160203222208106310271    
20160203222208106310303    
20160203222208106310351    
20160203222208106310421    
20160203222208106310431    
20160203222208106310471    
20160203222208106310651    
20160203222208106310681    
20160203222208106310791    
20160203222208106310801    
20160203222208106310861    
20160203222208106315041    
20160203222208106315241    
20160203222208106320021    
201602032222081063300120   
20160203222208106330031    
20160203222208106330081    
20160203222208106330193    
20160203222208106330202    
20160203222208106330271    
20160203222208106330321    
20160203222208106330331    
20160203222208106330341    
20160203222208106330672    
20160203222208106330691    
20160203222208106330701    
20160203222443106310343    
20160203225223104510023    
20160203225223104510122    
20160203225223104510141    
20160203225223104510255    
20160203225223104510271    
20160203225223104510307    
20160203225223104510323    
20160203225223104510343    
20160203225223104510421    
20160203225223104510431    
20160203225223104510625    
20160203225223104510632    
20160203225223104510651    
20160203225223104510661    
20160203225223104510681    
20160203225223104510791    
20160203225223104510801    
20160203225223104510861    
20160203225223104515031    
20160203225223104515061    
20160203225223104515421    
20160203225223104520011    
20160203225223104520021    
20160203225223104520052    
201602032252231045300115   
20160203225223104530031    
20160203225223104530081    
20160203225223104530111    
20160203225223104530195    
20160203225223104530203    
20160203225223104530251    
20160203225223104530271    
20160203225223104530361    
20160203225223104530511    
20160203225223104530561    
20160203232010109910023    
20160203232010109910122    
20160203232010109910172    
20160203232010109910255    
20160203232010109910271    
20160203232010109910303    
20160203232010109910323    
20160203232010109910342    
20160203232010109910421    
20160203232010109910431    
20160203232010109910625    
20160203232010109910633    
20160203232010109910652    
20160203232010109910661    
20160203232010109910792    
20160203232010109910861    
20160203232010109910881    
20160203232010109915111    
20160203232010109915191    
20160203232010109915231    
20160203232010109915401    
20160203232010109920011    
20160203232010109920101    
20160203232010109920111    
201602032320101099202012   
201602032320101099300130   
20160203232010109930033    
20160203232010109930192    
20160203232010109930202    
20160203232010109930271    
20160203232010109930392    
20160203232010109930431    
20160203232010109930461    
20160203232840110510255    
20160203232840110510347    
20160203232840110510652    
20160203232840110510861    
20160203232840110515131    
20160203232840110515261    
20160203232840110515401    
20160203232840110530015    
20160203232840110530382    
20160203232840110530453    
20160203233210108110126    
20160203233210108110142    
20160203233210108110185    
20160203233210108110272    
201602032332101081103025   
201602032332101081103415   
20160203233210108110351    
20160203233210108110372    
20160203233210108110472    
20160203233210108110612    
201602032332101081106215   
20160203233210108110654    
20160203233210108110665    
20160203233210108110682    
20160203233210108110866    
201602032332101081108710   
20160203233210108110882    
20160203233210108115041    
20160203233210108115062    
20160203233210108115162    
20160203233210108115251    
20160203233210108115262    
20160203233210108115351    
20160203233210108115371    
20160203233210108115402    
20160203233210108115421    
20160203233210108120113    
20160203233210108120271    
20160203233210108120404    
20160203233210108125095    
20160203233210108125111    
20160203233210108125241    
201602032332101081300135   
20160203233210108130038    
20160203233210108130043    
201602032332101081300515   
20160203233210108130082    
20160203233210108130114    
201602032332101081301720   
20160203233210108130255    
20160203233210108130274    
20160203233210108130301    
20160203233210108130322    
20160203233210108130351    
20160203233210108130431    
20160203233210108130453    
201602032332101081402630   
20160203233413102810212    
20160203233413102810221    
20160203233413102810255    
20160203233413102810272    
20160203233413102810325    
20160203233413102810345    
20160203233413102810371    
20160203233413102810432    
20160203233413102815111    
20160203233413102815162    
20160203233413102820085    
20160203233413102825113    
20160203233413102810625    
20160203233413102820403    
20160203233413102810652    
20160203233413102810671    
20160203233413102810681    
20160203233413102815371    
20160203233413102815401    
20160203233413102810701    
20160203233413102815261    
201602032334131028300120   
20160203233413102830042    
20160203233413102830055    
20160203233413102830061    
20160203233413102830081    
20160203233413102830241    
20160203233413102830461    
20160203233540100310173    
20160203233540100310182    
20160203233540100310253    
20160203233540100310271    
20160203233540100310303    
20160203233540100310325    
20160203233540100310422    
20160203233540100310822    
20160203234258104910111    
20160203234258104910172    
20160203234258104910253    
20160203234258104910271    
20160203234258104910308    
20160203234258104910323    
20160203234258104910622    
20160203234258104910651    
20160203234258104910671    
20160203234258104915041    
20160203234258104915291    
20160203234258104915401    
20160203234258104920402    
20160203234258104930018    
20160203234258104930041    
20160203234258104930052    
20160203234258104930081    
20160203235732110010023    
20160203235732110010257    
20160203235732110010271    
20160203235732110010345    
20160203235732110010371    
20160203235732110010421    
20160203235732110010651    
20160203235732110010681    
20160203235732110015041    
20160203235732110015071    
20160203235732110015161    
20160203235732110015211    
20160203235732110015261    
20160203235732110015421    
20160203235732110020021    
201602032357321100202012   
20160203235732110020311    
20160203235732110030015    
20160203235732110030081    
20160203235732110030111    
20160203235732110030121    
20160203235732110030195    
20160203235732110030204    
20160203235732110030271    
20160203235732110030451    
20160203235732110030655    
20160204000504101110121    
20160204000504101110271    
20160204000504101110305    
20160204000504101110625    
20160204000504101110652    
20160204000504101110791    
20160204000504101110801    
20160204000504101115061    
20160204000504101115071    
20160204000504101115161    
20160204000504101115261    
20160204000504101115351    
20160204000504101120201    
201602040005041011300110   
20160204000504101130031    
20160204000504101130053    
20160204000504101130081    
20160204000504101130392    
20160204000504101130521    
20160204000609107710025    
20160204000609107710175    
201602040006091077102520   
20160204000609107710274    
201602040006091077103010   
20160204000609107710343    
20160204000609107710432    
20160204000609107710471    
201602040006091077106210   
20160204000609107710661    
20160204000609107710672    
20160204000609107710681    
20160204000609107710794    
20160204000609107710861    
20160204000609107710881    
20160204000609107715041    
20160204000609107715131    
20160204000609107715351    
20160204000609107715371    
20160204000609107715421    
20160204000609107720012    
20160204000609107720021    
20160204000609107720211    
201602040006091077300110   
20160204000609107730032    
20160204000609107730055    
20160204000609107730195    
20160204000609107730205    
20160204001116107710322    
20160204001116107730042    
20160204001302108310175    
20160204001302108310231    
201602040013021083102510   
20160204001302108310273    
201602040013021083103015   
20160204001302108310345    
20160204001302108310422    
201602040013021083106220   
20160204001302108310635    
20160204001302108310662    
20160204001302108310811    
20160204001302108310862    
20160204001302108315161    
20160204001302108320331    
20160204001302108325021    
20160204001302108325251    
201602040013021083300130   
20160204001302108330321    
20160204001302108330451    
20160204001611108910171    
20160204001611108910271    
20160204001611108910302    
20160204001611108910324    
20160204001611108910348    
20160204001611108910351    
20160204001611108910651    
20160204001611108910681    
20160204001611108910801    
20160204001611108915251    
20160204001611108915261    
20160204001611108915331    
20160204001611108915371    
201602040016111089300112   
20160204001611108930061    
20160204001611108930081    
201602040016111089301910   
20160204001611108930205    
20160204001611108930271    
20160204001611108930652    
20160204001611108930672    
20160204001611108930702    
20160204001805107810175    
20160204001805107810235    
20160204001805107810305    
20160204001805107810323    
201602040018051078103410   
20160204001805107810371    
20160204001805107810382    
201602040018051078106210   
20160204001805107810652    
20160204001805107810662    
20160204001805107810671    
20160204001805107810681    
20160204001805107810861    
20160204001805107810871    
20160204001805107810881    
20160204001805107815111    
20160204001805107815161    
20160204001805107815191    
20160204001805107815291    
20160204001805107815351    
20160204001805107815371    
20160204001805107815401    
20160204001805107820085    
201602040018051078202012   
20160204001805107820212    
20160204001805107820262    
20160204001805107825251    
20160204001805107825261    
201602040018051078300110   
20160204001805107830033    
20160204001805107830042    
20160204001805107830061    
20160204001805107830082    
20160204001805107830111    
20160204001805107830195    
20160204001805107830205    
20160204001805107830271    
20160204001805107830452    
20160204001805107830462    
20160204001805107830671    
20160204001805107830725    
20160204001805107830745    
20160204001936100110025    
20160204001936100110255    
20160204001936100110302    
20160204001936100110624    
20160204001936100110681    
20160204001936100115041    
20160204001936100130032    
20160204001936100130052    
20160204001936100130671    
20160204002307106815191    
20160204002307106820021    
20160204002307106820212    
20160204002307106830193    
20160204002307106830271    
20160204002808106830032    
20160204002809103310123    
20160204002809103310175    
201602040028091033102515   
20160204002809103310272    
20160204002809103310305    
20160204002809103310325    
20160204002809103310625    
20160204002809103310635    
20160204002809103310652    
20160204002809103310831    
20160204002809103310861    
20160204002809103315033    
20160204002809103315331    
201602040028091033300115   
20160204002809103330055    
20160204002809103330251    
20160204004517103110023    
20160204004517103110175    
201602040045171031102512   
20160204004517103110272    
20160204004517103110305    
20160204004517103110322    
20160204004517103110346    
20160204004517103110633    
20160204004517103110661    
20160204004517103110671    
20160204004517103110681    
20160204004517103110821    
20160204004517103115041    
20160204004517103115061    
20160204004517103115131    
20160204004517103115162    
20160204004517103115231    
20160204004517103115262    
20160204004517103115351    
20160204004517103120101    
20160204004517103120402    
20160204004517103130018    
20160204004517103130032    
20160204004517103130041    
20160204004517103130055    
20160204004517103130061    
20160204004517103130081    
20160204004517103130202    
20160204004517103130271    
20160204004517103130401    
20160204004517103130651    
20160204004622107610271    
20160204004622107610342    
20160204004622107610381    
20160204004622107610633    
20160204004622107610651    
20160204004622107620011    
20160204004622107620021    
20160204004622107620051    
20160204004622107630015    
20160204004622107630361    
20160204004802109610022    
20160204004802109610124    
20160204004802109610141    
201602040048021096102520   
20160204004802109610274    
201602040048021096103020   
20160204004802109610327    
20160204004802109610348    
20160204004802109610371    
20160204004802109610382    
20160204004802109610422    
20160204004802109610471    
20160204004802109610614    
201602040048021096106212   
20160204004802109610654    
20160204004802109610662    
20160204004802109610684    
20160204004802109610864    
20160204004802109610874    
20160204004802109610881    
20160204004802109615042    
20160204004802109615062    
20160204004802109615071    
20160204004802109615162    
20160204004802109615211    
20160204004802109615261    
20160204004802109615291    
20160204004802109615351    
20160204004802109615401    
20160204004802109620011    
20160204004802109620022    
20160204004802109620052    
201602040048021096202024   
20160204004802109620311    
20160204004802109620331    
20160204004802109625041    
20160204004802109625095    
20160204004802109625101    
20160204004802109625251    
201602040048021096300120   
20160204004802109630034    
20160204004802109630047    
20160204004802109630056    
20160204004802109630082    
20160204004802109630111    
20160204004802109630194    
20160204004802109630204    
20160204004802109630274    
20160204004802109630301    
20160204004802109630321    
20160204004802109630432    
20160204004802109630451    
20160204004802109630461    
20160204004802109630493    
20160204004802109630672    
20160204004802109630692    
20160204004802109630701    
20160204004915110410024    
20160204004915110410071    
20160204004915110410124    
20160204004915110410141    
20160204004915110410174    
20160204004915110410183    
20160204004915110410256    
20160204004915110410271    
20160204004915110410306    
20160204004915110410325    
20160204004915110410346    
20160204004915110410471    
20160204004915110410611    
20160204004915110410627    
20160204004915110410652    
20160204004915110410661    
20160204004915110410682    
20160204004915110410791    
20160204004915110410801    
20160204004915110410862    
20160204004915110410881    
20160204004915110415041    
20160204004915110415161    
20160204004915110415191    
20160204004915110415251    
20160204004915110415261    
20160204004915110415331    
20160204004915110415351    
20160204004915110415401    
20160204004915110415422    
20160204004915110420021    
20160204004915110420052    
20160204004915110420101    
20160204004915110430018    
20160204004915110430032    
20160204004915110430044    
201602040049151104300510   
20160204004915110430061    
20160204004915110430081    
20160204004915110430113    
20160204004915110430178    
20160204004915110430194    
20160204004915110430204    
20160204004915110430251    
20160204004915110430262    
20160204004915110430321    
20160204004915110430331    
20160204004915110430342    
20160204004915110430361    
20160204004915110430371    
20160204004915110430671    
20160204004915110430691    
20160204004915110430701    
20160204005446101410022    
20160204005446101410211    
20160204005446101410221    
20160204005446101410271    
20160204005446101410382    
20160204005446101410431    
20160204005446101410621    
20160204005446101410632    
20160204005446101410791    
20160204005446101410801    
20160204005446101415161    
20160204005446101420011    
20160204005446101420084    
20160204005446101420111    
20160204005446101420311    
20160204005446101420331    
20160204005446101420402    
20160204005446101425011    
20160204005446101430015    
20160204005446101430051    
20160204005446101430671    
20160204005547105310233    
20160204005547105310274    
20160204005547105310793    
20160204005547105310803    
20160204005547105310814    
20160204005547105310873    
20160204005547105320101    
20160204005547105330035    
20160204005547105330173    
20160204005547105330205    
20160204005547105330395    
20160204010154109510101    
20160204010154109510111    
20160204010154109510125    
20160204010154109510174    
20160204010154109510211    
20160204010154109510221    
20160204010154109510254    
20160204010154109510272    
20160204010154109510305    
20160204010154109510323    
20160204010154109510421    
20160204010154109510611    
20160204010154109510625    
20160204010154109510632    
20160204010154109510651    
20160204010154109510661    
20160204010154109510671    
20160204010154109510862    
20160204010154109510881    
20160204010154109515042    
20160204010154109515061    
20160204010154109515071    
20160204010154109515211    
20160204010154109515241    
20160204010154109515261    
20160204010154109520013    
20160204010154109520021    
20160204010154109520082    
20160204010154109520401    
20160204010154109520461    
20160204010154109530017    
20160204010154109530032    
20160204010154109530041    
20160204010154109530055    
20160204010154109530061    
20160204010154109530111    
20160204010154109530173    
20160204010154109530195    
20160204010154109530205    
20160204010154109530251    
20160204010154109530272    
20160204010154109530321    
20160204010154109530381    
20160204010154109530392    
20160204010154109530401    
20160204010154109530431    
20160204010154109530671    
20160204010154109530691    
20160204010315109510793    
20160204010315109510812    
20160204010528108510141    
20160204010528108510253    
20160204010528108510323    
201602040105281085103410   
20160204010528108510381    
20160204010528108510421    
20160204010528108510611    
20160204010528108510635    
20160204010528108510861    
20160204010528108510871    
20160204010528108510881    
201602040105281085202010   
20160204010528108525241    
20160204010528108530121    
20160204010528108530181    
20160204011854106410023    
20160204011854106410173    
20160204011854106410257    
20160204011854106410271    
20160204011854106410305    
20160204011854106410323    
201602040118541064103410   
20160204011854106410471    
20160204011854106410623    
20160204011854106410637    
20160204011854106410652    
20160204011854106410661    
20160204011854106410682    
20160204011854106410793    
20160204011854106415191    
20160204011854106420021    
20160204011854106420083    
20160204011854106420402    
201602040118541064300115   
20160204011854106430042    
20160204011854106430055    
20160204011854106430071    
20160204011854106430401    
20160204011854106430431    
20160204011854106430461    
20160204011854106430493    
20160204011854106430521    
20160204011854106430531    
20160204011854106430561    
20160204012929105710021    
20160204012929105710101    
20160204012929105710123    
20160204012929105710173    
20160204012929105710256    
20160204012929105710271    
20160204012929105710305    
20160204012929105710323    
20160204012929105710347    
20160204012929105710371    
20160204012929105710383    
20160204012929105710421    
20160204012929105710431    
20160204012929105710471    
20160204012929105710611    
20160204012929105710625    
20160204012929105710633    
20160204012929105710654    
20160204012929105710681    
20160204012929105710793    
20160204012929105710803    
20160204012929105710863    
20160204012929105710881    
20160204012929105715171    
20160204012929105715181    
20160204012929105715261    
20160204012929105715351    
20160204012929105720011    
20160204012929105720021    
20160204012929105720051    
20160204012929105720111    
201602040129291057202012   
20160204012929105720281    
20160204012929105720331    
20160204012929105720401    
20160204012929105725091    
20160204012929105725111    
20160204012929105725141    
201602040129291057300115   
20160204012929105730032    
20160204012929105730052    
20160204012929105730061    
20160204012929105730192    
20160204012929105730202    
20160204012929105730251    
20160204012929105730271    
20160204012929105730394    
20160204012929105730431    
20160204012929105730461    
20160204012929105730521    
20160204012929105730531    
20160204012929105730671    
20160204012929105730691    
20160204013150103510022    
20160204013150103510101    
20160204013150103510141    
201602040131501035101710   
201602040131501035102530   
20160204013150103510275    
201602040131501035103020   
201602040131501035103210   
201602040131501035103410   
20160204013150103510351    
20160204013150103510361    
20160204013150103510371    
20160204013150103510386    
20160204013150103510401    
20160204013150103510424    
20160204013150103510611    
20160204013150103510623    
201602040131501035106313   
20160204013150103510654    
20160204013150103510662    
20160204013150103510671    
20160204013150103510681    
20160204013150103510804    
20160204013150103510862    
20160204013150103510871    
20160204013150103510881    
20160204013150103515041    
20160204013150103515071    
20160204013150103515163    
20160204013150103515191    
20160204013150103515251    
20160204013150103515261    
20160204013150103515291    
20160204013150103515331    
20160204013150103515352    
20160204013150103515371    
20160204013150103515401    
20160204013150103520011    
20160204013150103520021    
20160204013150103520052    
20160204013150103520101    
20160204013150103520111    
20160204013150103520161    
201602040131501035202024   
20160204013150103520332    
20160204013150103520406    
20160204013150103525111    
20160204013150103525141    
20160204013150103525251    
20160204013150103525261    
201602040131501035300125   
20160204013150103530033    
20160204013150103530044    
201602040131501035300510   
20160204013150103530061    
20160204013150103530121    
20160204013150103530192    
20160204013150103530202    
20160204013150103530252    
20160204013150103530271    
20160204013150103530301    
20160204013150103530322    
20160204013150103530361    
20160204013150103530382    
20160204013150103530432    
20160204013150103530481    
20160204013150103530511    
20160204013150103530521    
20160204013150103530531    
20160204013150103530561    
20160204013150103530671    
20160204013636104810125    
20160204013636104810173    
201602040136361048102515   
201602040136361048103020   
20160204013636104810327    
20160204013636104810345    
20160204013636104810385    
20160204013636104810433    
201602040136361048106210   
20160204013636104810652    
20160204013636104810662    
20160204013636104810681    
20160204013636104810863    
20160204013636104815041    
20160204013636104815071    
20160204013636104815111    
20160204013636104815191    
20160204013636104815241    
20160204013636104815261    
20160204013636104820021    
20160204013636104825021    
201602040136361048300120   
20160204013636104830033    
20160204013636104830042    
20160204013636104830055    
20160204013636104830082    
20160204013636104830113    
20160204013636104830203    
20160204013636104830271    
20160204013636104830331    
20160204013636104830382    
20160204013636104830401    
20160204013636104830431    
20160204013636104830521    
20160204013636104830531    
201602040214151088100210   
20160204021415108810102    
20160204021415108810125    
20160204021415108810141    
20160204021415108810175    
20160204021415108810212    
20160204021415108810222    
201602040214151088103015   
201602040214151088103415   
20160204021415108810371    
20160204021415108810471    
20160204021415108810582    
201602040214151088106210   
20160204021415108810633    
20160204021415108810651    
20160204021415108810662    
20160204021415108810682    
20160204021415108810792    
20160204021415108810802    
20160204021415108810883    
20160204021415108820271    
20160204021415108825261    
201602040214151088300110   
20160204021415108830035    
20160204021415108830045    
20160204021415108830055    
201602040214151088301920   
201602040214151088302015   
20160204021415108830253    
20160204021415108830272    
20160204021415108830522    
20160204021415108830532    
20160204021415108830671    
20160204021415108830691    
20160204021415108830701    
20160204022013108610125    
20160204022013108610175    
20160204022013108610211    
20160204022013108610221    
201602040220131086102515   
20160204022013108610272    
201602040220131086103010   
20160204022013108610347    
20160204022013108610421    
20160204022013108610431    
20160204022013108610581    
201602040220131086106210   
20160204022013108610633    
20160204022013108610651    
20160204022013108610863    
20160204022013108610871    
20160204022013108610881    
20160204022013108615041    
20160204022013108615061    
20160204022013108615261    
20160204022013108615331    
20160204022013108615351    
20160204022013108615401    
20160204022013108620012    
20160204022013108620021    
20160204022013108620161    
201602040220131086202012   
20160204022013108620221    
20160204022013108620301    
20160204022013108620402    
20160204022013108620462    
20160204022013108625051    
20160204022013108625073    
20160204022013108625093    
20160204022013108625121    
20160204022013108625251    
201602040220131086300120   
20160204022013108630033    
20160204022013108630055    
20160204022013108630081    
20160204022013108630111    
20160204022013108630193    
20160204022013108630252    
20160204022013108630271    
20160204022013108630301    
20160204022013108630411    
20160204022013108630431    
20160204022013108630462    
20160204022013108630671    
20160204022013108630691    
20160204022013108630701    
20160204022013108640041    
20160204022013108640051    
20160204022013108640381    
20160204024956102410025    
20160204024956102410102    
20160204024956102410112    
20160204024956102410123    
20160204024956102410142    
201602040249561024101715   
20160204024956102410211    
20160204024956102410221    
20160204024956102410232    
201602040249561024102510   
20160204024956102410273    
201602040249561024103015   
20160204024956102410325    
20160204024956102410343    
20160204024956102410371    
20160204024956102410472    
20160204024956102410611    
20160204024956102410625    
20160204024956102410635    
20160204024956102410653    
20160204024956102410663    
20160204024956102410671    
20160204024956102410682    
20160204024956102410792    
20160204024956102410802    
20160204024956102410811    
20160204024956102410821    
20160204024956102410862    
20160204024956102410872    
20160204024956102410881    
20160204024956102415043    
20160204024956102415101    
20160204024956102415162    
20160204024956102415191    
20160204024956102415211    
20160204024956102415262    
20160204024956102415291    
20160204024956102415353    
20160204024956102415402    
20160204024956102415422    
20160204024956102420013    
20160204024956102420022    
20160204024956102420052    
20160204024956102420161    
201602040249561024202012   
20160204024956102420241    
20160204024956102420271    
20160204024956102420331    
20160204024956102420403    
201602040249561024300110   
201602040249561024300310   
20160204024956102430045    
20160204024956102430055    
20160204024956102430072    
20160204024956102430111    
20160204024956102430121    
20160204024956102430175    
201602040249561024301910   
201602040249561024302010   
20160204024956102430252    
20160204024956102430272    
20160204024956102430321    
20160204024956102430342    
20160204024956102430673    
201602040249561024402620   
20160204025213110310026    
20160204025213110310071    
20160204025213110310126    
201602040252131103101715   
20160204025213110310211    
20160204025213110310221    
201602040252131103102525   
20160204025213110310271    
201602040252131103103017   
201602040252131103103220   
201602040252131103103410   
20160204025213110310361    
20160204025213110310382    
20160204025213110310423    
20160204025213110310473    
20160204025213110310581    
201602040252131103106220   
201602040252131103106320   
20160204025213110310656    
20160204025213110310665    
20160204025213110310681    
201602040252131103107910   
20160204025213110310864    
20160204025213110310881    
20160204025213110315043    
20160204025213110315061    
20160204025213110315071    
20160204025213110315161    
20160204025213110315211    
20160204025213110315262    
20160204025213110315332    
20160204025213110315352    
20160204025213110315401    
20160204025213110320052    
20160204025213110320203    
20160204025213110320271    
20160204025213110320333    
20160204025213110320404    
20160204025213110325031    
20160204025213110325082    
20160204025213110325091    
20160204025213110325141    
20160204025213110325241    
20160204025213110325251    
20160204025213110325261    
20160204025213110325271    
201602040252131103300130   
20160204025213110330033    
20160204025213110330044    
20160204025213110330056    
20160204025213110330083    
20160204025213110330192    
20160204025213110330202    
20160204025213110330241    
20160204025213110330253    
20160204025213110330273    
20160204025213110330301    
20160204025213110330322    
20160204025213110330383    
20160204025213110330393    
20160204025213110330432    
20160204025213110330492    
20160204025213110330521    
20160204025213110330672    
20160204025213110330701    
20160204025213110340115    
20160204025213110340125    
