20160205113224799700402    
201602051225088000000618   
20160205122508800000076    
20160205122508800000082    
20160205122508800000202    
20160205122508800000245    
20160205122508800000572    
201602051225088000050410   
20160205122508800005141    
201602051225088000051710   
20160205122508800040172    
201602051225088000405330   
20160205122508800040601    
20160205122842800000032    
20160205122842800000041    
20160205122842800000242    
20160205122842800000282    
20160205122842800005121    
20160205122842800005153    
20160205122842800005172    
20160205122842800085009    
20160205123021800000082    
20160205123021800000212    
20160205123021800000301    
20160205123021800000741    
20160205123021800005023    
20160205123021800005082    
20160205123021800005155    
20160205123021800005172    
20160205123021800040525    
20160205123021800040535    
20160205125551799800726    
20160205125551799805038    
201602051255517998051612   
20160205125551799840012    
20160205125709800000022    
20160205125709800000035    
20160205125709800000043    
20160205125709800000109    
20160205125709800000451    
20160205125709800005125    
20160205133447799600401    
20160205140918019800036    
20160205140918019800046    
20160205140918019800109    
20160205140918019800732    
20160205140918019800431    
20160205140918019800451    
20160205141435800000034    
20160205141435800000043    
20160205141435800000083    
20160205141435800000107    
20160205141435800000201    
20160205141435800000221    
20160205141435800000281    
20160205141435800005121    
201602051414358000051547   
20160205141435800005173    
20160205141435800040171    
20160205141722799900021    
20160205141722799900034    
20160205141722799900042    
20160205141722799900063    
20160205141722799900073    
20160205141722799900221    
20160205141722799900571    
20160205141722799900591    
20160205141722799905032    
20160205141722799905122    
20160205141722799905142    
20160205141722799905155    
20160205141722799905172    
20160205141722799940112    
201602051417227999405310   
201602051417227999850013   
201602051423480066000314   
201602051423480066000410   
201602051423480066001023   
20160205142348006600401    
201602051425070107000310   
20160205142507010700046    
201602051425070107001016   
20160205142507010700212    
20160205142507010700573    
20160205142507010700073    
20160205142507010700062    
20160205142538008700021    
20160205142538008700031    
20160205142538008700211    
20160205142538008700241    
20160205142538008700571    
20160205142538008700751    
20160205142538008700771    
20160205142538008705021    
20160205142538008705032    
20160205142538008705042    
20160205142538008705163    
20160205142538008740114    
20160205142538008740171    
20160205142538008740211    
20160205142538008740525    
20160205142538008740535    
20160205142538008740555    
20160205142538008780014    
20160205142538008700062    
20160205142538008700073    
20160205142538008740392    
201602051425570248001030   
201602051425570248000315   
201602051425570248000412   
20160205142557024800575    
20160205142557024800086    
201602051425570248000615   
201602051425570248000710   
20160205142557024800206    
20160205142557024800244    
20160205142557024800631    
20160205142557024800777    
20160205142557024800401    
20160205142557024805044    
20160205142557024805084    
20160205142557024805146    
201602051425570248051620   
20160205142557024840173    
20160205142852027680012    
20160205142929025400071    
20160205142929025400201    
20160205142929025480016    
20160205142929025480022    
20160205142929025405021    
20160205142929025405031    
20160205142929025405042    
20160205142929025405174    
20160205142929025440112    
20160205143005020200061    
20160205143005020200076    
20160205143005020200401    
20160205143005020200081    
20160205143005020200731    
201602051430050202000310   
20160205143005020200046    
20160205143005020200104    
20160205143025025500103    
20160205143025025500032    
20160205143025025500041    
20160205143025025500061    
20160205143025025500021    
20160205143025025500211    
20160205143025025500282    
20160205143025025500771    
20160205143025025500721    
20160205143025025580014    
20160205143025025505022    
20160205143025025505031    
20160205143025025505042    
20160205143025025540021    
20160205143051013900102    
20160205143051013900031    
20160205143051013900041    
20160205143051013905021    
20160205143051013905042    
20160205143051013940211    
20160205143051013940535    
20160205143051013900301    
20160205143051013905156    
201602051432400062001012   
20160205143240006200035    
20160205143240006200043    
20160205143240006205021    
20160205143240006280041    
20160205143240006200631    
201602051437550271001015   
20160205143755027100038    
20160205143755027100047    
20160205143755027100132    
20160205143755027100063    
20160205143755027100078    
20160205143755027100572    
20160205143755027180018    
201602051444320276051510   
20160205144556003805165    
20160205144556003805043    
20160205144556003800242    
20160205144556003800062    
20160205144556003800421    
20160205144556003840523    
20160205144556003800033    
20160205144556003800042    
20160205144556003800107    
20160205144859013400102    
20160205144859013400031    
20160205144859013400041    
20160205144859013400571    
20160205144859013400202    
20160205144859013400211    
20160205144859013400631    
20160205144859013400721    
20160205144859013400751    
20160205144859013405022    
20160205144859013405042    
20160205144859013405081    
20160205144859013405123    
20160205144859013405142    
20160205144859013405162    
201602051448590134051510   
201602051449100032001011   
20160205144910003200037    
20160205144910003200044    
20160205144910003200571    
20160205144910003200081    
20160205144910003200062    
20160205144910003200073    
20160205144910003200221    
20160205144910003200301    
20160205144910003200731    
20160205144910003200754    
20160205144910003205034    
20160205144910003205111    
20160205144910003205176    
20160205144910003240112    
20160205144910003240171    
20160205144947013400721    
20160205145010007200033    
20160205145010007200043    
20160205145010007200105    
20160205145010007200211    
20160205145300013400075    
20160205145850013100102    
20160205145850013100032    
20160205145850013100061    
20160205145850013100202    
20160205145850013100211    
20160205145850013100301    
201602051458500131405310   
20160205145850013180014    
20160205145850013180031    
20160205145850013105011    
20160205145850013105022    
20160205145850013105032    
20160205145850013105042    
20160205145850013105142    
20160205145850013105164    
20160205145850013140111    
20160205145924020700109    
20160205145924020700035    
20160205145924020700044    
20160205145924020700571    
20160205145924020700081    
20160205145924020700063    
20160205145924020700072    
20160205145924020700212    
20160205145924020700221    
20160205145924020700281    
20160205145924020700721    
20160205145924020700751    
201602051459240207405210   
201602051459240207405310   
20160205145924020740201    
20160205145924020740211    
201602051459240207405510   
20160205145924020780015    
20160205145924020780022    
20160205145924020740181    
20160205145924020705022    
20160205145924020705034    
20160205145924020705042    
20160205145924020705144    
20160205145924020705153    
20160205145924020705163    
20160205145924020740116    
20160205150016009500106    
20160205150016009500033    
20160205150016009500043    
20160205150016009500571    
20160205150016009500062    
20160205150016009500072    
201602051501330077001026   
201602051501330077000313   
201602051501330077000411   
20160205150133007700572    
20160205150133007700064    
20160205150133007700072    
20160205150133007700222    
20160205150133007700214    
20160205150133007700232    
20160205150133007740526    
20160205150133007705035    
20160205150133007705155    
20160205150246020000081    
20160205150246020000062    
20160205150246020000201    
20160205150246020000211    
20160205150246020000231    
20160205150246020000241    
20160205150246020000721    
20160205150246020005011    
20160205150246020005021    
20160205150246020005032    
20160205150246020005042    
201602051502460200050710   
20160205150246020005123    
20160205150246020005132    
20160205150246020005142    
20160205150246020000074    
20160205150337012500571    
20160205150337012500062    
20160205150337012500072    
20160205150337012500211    
20160205150337012500281    
20160205150337012500773    
20160205150337012580014    
20160205150337012505023    
20160205150337012505035    
20160205150337012505041    
20160205150337012505123    
20160205150337012505145    
20160205150337012540391    
20160205150342016900104    
20160205150342016900032    
20160205150342016900041    
20160205150342016900571    
20160205150342016900221    
20160205150342016905161    
20160205150342016905172    
20160205150342016940171    
20160205150342016900072    
20160205150408014400021    
20160205150408014400032    
20160205150408014400041    
20160205150408014400212    
20160205150408014400221    
20160205150408014400241    
20160205150408014400571    
20160205150408014400103    
20160205150408014400772    
20160205150408014405022    
20160205150408014405032    
20160205150408014405043    
20160205150408014400061    
20160205150642014400031    
20160205150642014400041    
20160205150642014400241    
20160205150642014400102    
20160205150854025800031    
20160205150854025800041    
20160205150854025800241    
20160205150854025800102    
20160205150854025800071    
20160205150932008900731    
20160205150932008900033    
20160205150932008900041    
20160205150932008900105    
20160205150932008900081    
20160205150932008900571    
20160205150932008900072    
201602051509320089051520   
20160205150932008905043    
20160205150932008905021    
20160205150932008900211    
20160205150932008905081    
20160205150942020000035    
20160205150942020000043    
20160205150942020000571    
20160205150942020000108    
20160205151051024800073    
20160205151055020500103    
20160205151055020500031    
20160205151055020500041    
20160205151055020500071    
20160205151055020505033    
20160205151055020505023    
20160205151055020505173    
20160205151055020500631    
20160205151055020505141    
201602051511010274001016   
201602051511010274000310   
20160205151101027400046    
20160205151101027400133    
20160205151101027400063    
20160205151101027400076    
20160205151101027440201    
20160205151101027440212    
201602051511010274405520   
20160205151101027405043    
20160205151101027405142    
20160205151156009800104    
20160205151156009800033    
20160205151156009800041    
20160205151156009800061    
20160205151156009800072    
20160205151156009880012    
20160205151156009805032    
20160205151156009805121    
20160205151156009840111    
20160205151156009840391    
20160205151357027600032    
20160205151357027600103    
201602051516090003001014   
20160205151609000300036    
20160205151609000300046    
20160205151609000300571    
20160205151609000300081    
20160205151609000300063    
20160205151609000300074    
20160205151609000300021    
20160205151609000300203    
20160205151609000300212    
20160205151609000300231    
20160205151609000300242    
20160205151609000300251    
20160205151609000300773    
201602051516090003405210   
20160205151609000380031    
20160205151609000305022    
20160205151609000305033    
20160205151609000305043    
20160205151609000305081    
201602051516090003051215   
20160205151609000305156    
20160205151609000305163    
20160205151658024100102    
20160205151658024100031    
20160205151658024100041    
20160205151658024100061    
20160205151658024100071    
20160205151658024140211    
20160205151658024180012    
20160205151658024180021    
20160205151658024105041    
20160205151658024105122    
20160205151658024105141    
201602051517040027000311   
201602051517040027000413   
201602051517040027001022   
20160205151704002700571    
201602051517210048001012   
20160205151721004800037    
20160205151721004800044    
20160205151721004805044    
20160205151721004805142    
20160205151721004840211    
201602051517210048405510   
20160205151721004805023    
20160205151721004800571    
20160205151721004805034    
20160205151721004800064    
20160205151721004800073    
20160205151721004840171    
20160205151721004800631    
20160205151850005700031    
20160205151850005700041    
20160205151850005700103    
20160205151850005705121    
20160205151850005705161    
20160205151850005700571    
20160205151850005700061    
20160205151850005700071    
20160205151850005780011    
20160205151850005700591    
20160205151910800100024    
201602051519108001000360   
201602051519108001000454   
201602051519108001000616   
201602051519108001000713   
20160205151910800100083    
2016020515191080010010119  
201602051519108001002022   
20160205151910800100215    
201602051519108001002210   
20160205151910800100232    
201602051519108001002412   
20160205151910800100252    
20160205151910800100302    
20160205151910800100403    
20160205151910800100422    
20160205151910800100431    
20160205151910800100441    
20160205151910800100451    
201602051519108001005710   
20160205151910800100584    
20160205151910800100591    
20160205151910800100632    
20160205151910800100726    
20160205151910800100733    
20160205151910800100753    
20160205151910800100772    
20160205151910800105013    
201602051519108001050216   
201602051519108001050340   
201602051519108001050426   
201602051519108001050710   
20160205151910800105085    
201602051519108001051226   
20160205151910800105132    
20160205151910800105144    
201602051519108001051563   
201602051519108001051614   
20160205151910800105177    
20160205151910800140011    
20160205151910800140118    
20160205151910800140131    
20160205151910800140172    
20160205151910800140183    
20160205151910800140211    
20160205151910800140395    
201602051519108001405230   
20160205151910800140535    
20160205151910800180035    
20160205151910800185005    
20160205152039022300104    
20160205152039022300033    
20160205152039022300041    
20160205152039022300062    
20160205152039022300073    
20160205152039022300202    
20160205152039022300211    
20160205152039022300221    
20160205152039022300251    
20160205152039022300771    
20160205152039022305022    
20160205152039022305032    
20160205152039022305041    
20160205152039022305123    
20160205152039022305141    
20160205152039022305172    
20160205152039022340115    
20160205152039022380012    
20160205152039022380022    
201602051520390223405512   
20160205152039022340211    
20160205152039022340391    
20160205152211018900033    
20160205152211018900043    
20160205152211018900201    
20160205152211018900211    
20160205152211018900221    
20160205152211018900581    
20160205152211018900591    
20160205152211018900105    
20160205152211018905021    
20160205152211018905032    
20160205152211018905123    
20160205152211018905141    
20160205152211018940112    
20160205152235022100038    
20160205152235022100046    
20160205152235022100571    
20160205152235022100063    
20160205152235022100072    
20160205152235022100242    
20160205152235022100282    
20160205152235022140112    
20160205152235022105032    
201602051522350221001014   
20160205152341010900581    
201602051523410109800112   
20160205152341010900038    
20160205152341010900048    
201602051523410109001017   
20160205152341010905153    
20160205152341010905175    
20160205152341010905044    
20160205152341010900573    
20160205152341010900401    
20160205152341010900243    
20160205152341010900212    
20160205152341010905023    
20160205152341010905081    
20160205152341010900073    
201602051524170011001020   
201602051524170011000310   
201602051524170011000410   
20160205152417001100063    
20160205152417001100078    
20160205152417001100241    
20160205152417001100772    
20160205152417001100401    
20160205152417001100421    
20160205152417001105043    
201602051524170011051510   
20160205152417001100631    
201602051524370232001011   
20160205152437023200036    
20160205152437023200044    
20160205152437023200574    
20160205152437023200067    
20160205152437023200022    
20160205152437023200203    
20160205152437023200212    
20160205152437023200242    
20160205152437023200283    
20160205152437023200721    
20160205152437023200752    
20160205152437023200778    
201602051524370232800112   
20160205152437023280031    
20160205152437023205036    
20160205152437023205046    
20160205152437023205129    
20160205152437023205143    
20160205152437023205167    
20160205152437023205177    
201602051524400229001017   
201602051524400229000310   
201602051524400229000410   
20160205152440022900571    
20160205152440022900082    
20160205152440022900065    
20160205152440022900071    
20160205152440022900213    
20160205152440022900221    
20160205152440022900231    
20160205152440022900731    
20160205152440022900581    
20160205152440022900591    
20160205152440022940211    
20160205152440022940555    
20160205152440022905011    
20160205152440022905024    
20160205152440022905032    
20160205152440022905046    
20160205152440022905081    
20160205152440022905145    
20160205152638009305084    
20160205152638009300776    
201602051526380093050210   
20160205152638009340393    
201602051526380093000712   
20160205152638009300066    
20160205152638009305034    
20160205152638009305043    
201602051526380093051520   
20160205152638009300401    
20160205152638009300754    
20160205152638009300022    
20160205152805023605081    
20160205152805023640525    
20160205152805023640114    
20160205152805023600073    
20160205152805023600063    
20160205152805023600571    
20160205152805023600081    
20160205152805023600221    
20160205152805023600034    
20160205152805023600043    
20160205152805023600109    
20160205152805023640392    
20160205152805023640171    
20160205152805023600772    
20160205152805023605156    
20160205152805023605011    
201602051528160161051510   
20160205152816016100021    
20160205152821021300105    
20160205152821021300035    
20160205152821021300045    
20160205152821021300064    
201602051528210213000713   
20160205152821021300081    
20160205152821021300131    
20160205152821021300571    
20160205152821021300401    
20160205152821021300451    
20160205152821021300022    
20160205152821021300752    
201602051528210213051210   
20160205152821021340115    
20160205152821021340121    
20160205152821021300204    
20160205152821021300213    
20160205152821021300222    
20160205152821021300242    
20160205152821021300301    
20160205152821021305083    
20160205152821021340142    
20160205152821021300251    
20160205152821021340021    
20160205152821021340171    
20160205152821021340393    
20160205152821021305042    
20160205152821021305133    
201602051528210213050715   
20160205152821021340212    
201602051528210213405515   
20160205152821021305023    
20160205152821021305011    
20160205152821021305034    
201602051528210213051512   
20160205152821021300721    
20160205152821021340528    
201602051528210213405310   
20160205152926024600108    
20160205152926024600034    
20160205152926024600043    
20160205152926024600571    
20160205152926024600081    
20160205152926024600062    
20160205152926024600071    
20160205152926024600021    
20160205152926024600201    
20160205152926024600242    
20160205152926024605023    
20160205152926024600631    
20160205152926024605039    
20160205152926024605044    
201602051529260246051210   
201602051529260246051510   
201602051529260246051710   
20160205152926024640392    
201602051529260246800212   
201602051529260246405310   
20160205152926024680014    
20160205153006022905155    
20160205153112023000581    
20160205153112023005043    
20160205153112023005034    
20160205153112023000063    
20160205153112023005022    
20160205153112023040525    
201602051531120230405310   
20160205153112023005142    
20160205153112023005176    
20160205153112023000212    
20160205153112023000301    
20160205153112023000281    
20160205153112023000241    
20160205153112023000202    
20160205153112023000022    
201602051531120230001013   
20160205153112023000036    
20160205153112023000046    
20160205153112023000572    
20160205153112023005124    
20160205153112023080018    
20160205153112023080024    
20160205153112023005155    
20160205153112023000074    
201602051531200193001011   
20160205153120019300036    
20160205153120019300045    
20160205153120019300571    
20160205153120019300062    
20160205153120019300072    
20160205153120019300201    
20160205153120019300212    
20160205153120019300221    
20160205153120019300301    
20160205153120019300721    
20160205153120019300751    
20160205153120019300774    
20160205153120019300401    
20160205153120019340555    
201602051531200193800110   
20160205153120019380022    
20160205153120019380031    
20160205153120019340181    
20160205153120019305022    
20160205153120019305032    
20160205153120019305042    
20160205153120019305141    
20160205153120019305164    
20160205153120019340113    
20160205153120019340171    
20160205153120019340391    
20160205153216026900103    
20160205153216026900032    
20160205153216026900042    
20160205153216026900063    
20160205153216026900072    
20160205153216026900202    
20160205153216026900281    
20160205153216026940533    
20160205153216026905021    
20160205153216026905042    
20160205153216026905154    
20160205153216026905172    
20160205153216026940112    
201602051532310268001024   
201602051532310268000313   
201602051532310268000411   
20160205153231026800077    
20160205153231026800572    
20160205153324019300231    
20160205153324019305155    
20160205153324019340121    
20160205153414007600032    
20160205153414007600042    
20160205153414007600104    
20160205153414007600062    
20160205153414007600072    
20160205153414007600581    
201602051534140076051520   
20160205153414007605032    
20160205153414007605042    
20160205153414007600281    
20160205153414007605142    
20160205153414007605021    
20160205153449024000201    
20160205153449024000211    
20160205153449024000221    
20160205153449024000241    
20160205153449024000721    
20160205153449024000771    
20160205153449024005011    
20160205153449024005021    
20160205153449024005032    
20160205153449024005042    
20160205153449024005162    
20160205153449024040112    
20160205153449024040172    
20160205153500019500108    
20160205153500019500034    
20160205153500019500043    
20160205153500019500572    
20160205153500019500081    
20160205153500019500063    
201602051535000195000710   
20160205153500019500212    
20160205153500019500221    
20160205153500019500231    
20160205153500019500241    
20160205153500019500301    
20160205153500019500281    
20160205153500019500773    
20160205153500019500401    
20160205153500019540525    
20160205153500019540535    
20160205153500019540211    
20160205153500019540555    
20160205153500019580021    
20160205153500019505022    
20160205153500019505034    
20160205153500019505043    
20160205153500019505122    
201602051535000195051510   
20160205153500019540021    
20160205153500019540111    
20160205153500019540392    
20160205153559020100108    
20160205153559020100034    
20160205153559020100044    
20160205153559020180014    
20160205153559020105042    
201602051537250033001019   
201602051537250033000310   
20160205153725003300049    
20160205153725003300571    
20160205153725003300081    
20160205153725003300061    
20160205153725003300073    
20160205153725003300211    
20160205153725003300231    
20160205153725003300301    
20160205153725003300421    
20160205153725003305044    
20160205153725003305174    
20160205153748026500021    
20160205153748026500033    
20160205153748026500043    
20160205153748026500721    
20160205153748026500106    
20160205153748026500282    
20160205153748026505031    
20160205153748026505041    
20160205153748026505122    
20160205153748026505155    
20160205153748026505164    
20160205153748026540521    
20160205153748026580016    
20160205153748026580021    
20160205153748026580031    
20160205153748026500062    
20160205153748026500071    
20160205153818025100103    
20160205153818025100032    
20160205153818025100041    
20160205153818025100063    
20160205153818025100072    
201602051538180251051510   
20160205153824026600102    
20160205153824026600031    
20160205153824026600041    
20160205153824026600571    
20160205153824026600061    
20160205153824026600073    
20160205153824026600211    
20160205153824026600201    
20160205153824026600631    
20160205153824026600771    
20160205153824026640523    
20160205153824026640533    
20160205153824026680016    
20160205153824026680022    
20160205153824026680031    
20160205153824026605021    
20160205153824026605031    
20160205153824026605041    
20160205153824026605155    
20160205153824026605162    
201602051538310098051510   
20160205153852004100104    
20160205153852004100031    
20160205153852004100041    
20160205153852004100071    
20160205153852004105021    
20160205154212014800216    
20160205154212014800231    
20160205154212014800302    
20160205154212014800222    
20160205154212014800081    
20160205154212014800063    
20160205154212014800631    
201602051542120148405230   
20160205154212014800573    
20160205154212014800039    
20160205154212014800044    
201602051542120148001021   
20160205154302022100072    
20160205154302022100571    
20160205154329010800103    
20160205154329010800032    
20160205154329010800041    
20160205154329010800061    
20160205154329010800072    
20160205154329010800021    
20160205154422002000034    
20160205154422002000043    
20160205154422002000107    
20160205154422002040113    
20160205154422002000073    
20160205154422002080026    
20160205154422002000061    
20160205154422002040171    
20160205154422002005164    
20160205154422002005041    
20160205154422002040522    
20160205154422002040535    
201602051546470063001020   
201602051546470063000313   
20160205154647006300047    
20160205154647006300573    
201602051546470063000612   
201602051546470063000718   
20160205154647006300022    
20160205154647006300204    
20160205154647006300215    
20160205154647006300222    
20160205154647006300231    
20160205154647006300243    
20160205154647006300301    
20160205154647006300281    
20160205154647006300631    
20160205154647006300722    
20160205154647006300731    
20160205154647006300752    
20160205154647006300773    
20160205154647006300421    
20160205154647006300591    
201602051546470063405220   
201602051546470063405320   
20160205154647006340212    
201602051546470063405520   
201602051546470063800124   
201602051546470063800212   
20160205154647006380041    
20160205154647006305011    
20160205154647006305024    
20160205154647006305036    
20160205154647006305043    
20160205154647006305082    
201602051546470063051220   
20160205154647006305143    
20160205154647006305155    
20160205154647006305168    
201602051546470063401110   
20160205154647006340171    
20160205154647006340394    
20160205154715022400107    
20160205154715022400034    
20160205154715022400043    
20160205154715022400571    
20160205154715022400771    
20160205154715022405022    
20160205154715022405033    
201602051547150224051510   
20160205154715022405162    
20160205154715022480014    
20160205154739027700103    
20160205154739027700032    
20160205154739027700041    
20160205154739027700072    
20160205154739027700752    
20160205154739027700401    
20160205154739027700581    
20160205154739027740522    
20160205154739027740532    
20160205154739027705162    
20160205154739027740112    
20160205154739027780012    
201602051548150156001019   
20160205154815015600038    
20160205154815015600046    
20160205154815015600081    
20160205154815015600063    
20160205154815015600074    
20160205154815015600021    
20160205154815015600202    
20160205154815015600211    
20160205154815015600242    
20160205154815015600281    
20160205154815015600751    
20160205154815015600772    
20160205154815015600421    
20160205154815015640522    
20160205154815015640535    
20160205154815015640211    
20160205154815015680031    
20160205154815015605022    
20160205154815015605034    
20160205154815015605124    
20160205154815015605142    
20160205154815015605168    
20160205155012015605042    
20160205155038026100033    
20160205155038026100041    
20160205155038026100104    
20160205155038026105163    
20160205155038026100571    
20160205155038026100063    
20160205155038026100072    
20160205155038026105155    
20160205155038026180014    
20160205155038026180023    
20160205155322013300104    
20160205155322013300034    
20160205155322013300043    
20160205155322013300072    
20160205155322013300062    
201602051553220133405212   
20160205155322013340113    
20160205155322013340392    
20160205155322013305155    
20160205155415023700102    
20160205155415023700031    
20160205155415023700041    
20160205155415023700061    
20160205155415023700071    
20160205155415023700021    
20160205155415023700241    
20160205155415023700281    
20160205155415023780023    
20160205155415023780041    
20160205155415023705021    
20160205155415023705041    
20160205155415023705125    
20160205155415023705141    
20160205155415023705155    
20160205155415023705163    
20160205155416023900102    
20160205155416023900032    
20160205155416023900041    
20160205155416023900571    
20160205155416023900072    
20160205155416023905042    
20160205155416023905122    
20160205155416023905141    
20160205155420021000241    
20160205155420021000064    
20160205155420021000072    
20160205155420021005151    
20160205155535006700037    
20160205155535006700047    
201602051555350067001014   
20160205155535006705041    
20160205155535006740211    
201602051555350067405210   
20160205155535006780014    
20160205155535006780024    
20160205155535006740021    
20160205155546800100033    
20160205155546800100043    
20160205155546800100106    
20160205155552016300101    
20160205155552016300041    
20160205155552016300421    
20160205155552016300581    
20160205155552016305031    
20160205155552016305041    
20160205155552016305121    
20160205155552016305161    
20160205155552016305152    
20160205155643023700101    
20160205155643023700031    
20160205155651023500571    
20160205155651023500061    
20160205155651023500071    
20160205155651023505021    
20160205155651023500631    
20160205155651023580012    
20160205155719026500571    
20160205155737022700108    
20160205155737022700034    
20160205155737022700043    
20160205155737022700062    
20160205155737022700072    
20160205155737022700211    
20160205155737022700241    
20160205155737022700301    
20160205155737022700771    
20160205155737022705021    
20160205155737022705032    
20160205155737022705142    
20160205155737022705171    
20160205155737022740525    
201602051557370227405315   
20160205155737022740391    
20160205155737022705122    
201602051559370130001014   
20160205155937013000038    
20160205155937013000045    
20160205155937013000571    
20160205155937013000203    
20160205155937013000213    
20160205155937013000773    
20160205155937013000064    
20160205155937013000281    
20160205155937013000301    
20160205155937013005023    
20160205155937013040536    
20160205155937013000073    
201602051559370130051510   
201602051559370130051217   
20160205155937013000581    
20160205155955020500063    
20160205160000027800242    
20160205160000027800036    
20160205160000027800043    
20160205160000027800065    
20160205160000027800076    
20160205160000027800572    
20160205160000027800081    
20160205160000027805045    
20160205160000027805022    
20160205160000027800212    
20160205160000027880014    
20160205160000027805033    
20160205160000027880022    
20160205160000027805164    
20160205160000027840113    
201602051601060079001024   
201602051601060079000312   
201602051601060079000412   
20160205160106007900573    
20160205160106007900082    
20160205160106007900061    
20160205160106007900073    
20160205160106007900021    
20160205160106007900401    
20160205160106007940525    
201602051601060079050210   
201602051601060079050310   
20160205160106007905111    
