20160731223023027915022    
20160731223023027913091    
20160731223023027917351    
20160731223023027917451    
20160731223023027917041    
20160731223023027911062    
201607312248280125110115   
20160731224828012511052    
20160731224828012511062    
20160731224828012517421    
20160731224828012514011    
201607312248280125110210   
201607312313220343110220   
20160731231322034311035    
20160731231322034315071    
20160731231322034317351    
20160731231322034317421    
20160731231322034317471    
20160731231322034317521    
20160731231322034322041    
20160731231322034322671    
201607312340250326110210   
20160731234814027911052    
20160731234814027913083    
20160731234814027915013    
201608010003090065110110   
201608010008000197110210   
20160801000800019717011    
20160801001837008811062    
20160801001837008817421    
20160801001837008815061    
20160801001837008821021    
201608010020090284110220   
20160801002009028411054    
20160801002009028415061    
20160801002009028417031    
20160801002009028417301    
20160801005542033111025    
20160801005542033111051    
20160801005542033111062    
20160801005542033113011    
20160801005542033113091    
20160801005731034611053    
20160801005731034615012    
20160801005731034613081    
20160801005731034615043    
20160801005731034617351    
201608010057310346110315   
20160801005731034617421    
20160801005731034617471    
201608010115340345110210   
20160801011534034516041    
201608010115340345110310   
20160801011534034518163    
201608010128040237110310   
20160801012804023714011    
20160801012804023713011    
20160801012804023721081    
201608010137550010110210   
20160801013755001011063    
20160801013755001013011    
20160801013755001017011    
20160801013755001017521    
20160801013755001018121    
201608010140330341110210   
201608010140330341110310   
20160801014033034111052    
20160801014033034111061    
20160801014033034115041    
20160801014033034121071    
201608010146550303110210   
20160801014655030319201    
20160801015332034811025    
20160801015332034811035    
20160801015332034811065    
20160801015332034811075    
20160801015332034813011    
201608010201290071110210   
20160801020129007117212    
20160801020129007119201    
20160801020220011512121    
20160801020220011519231    
20160801020220011519221    
20160801020220011511081    
20160801020220011512143    
201608010202200115110210   
201608010211360069110310   
20160801021136006917301    
20160801021136006918041    
201608010216200087110310   
20160801021620008711061    
20160801021620008712132    
20160801021620008712142    
201608010220080150110120   
20160801022008015011065    
20160801022008015011052    
20160801022008015017421    
201608010226190076110210   
20160801022619007611052    
20160801022619007612133    
201608010349230121110210   
20160801034923012119201    
201608010351210185110220   
20160801035121018511052    
20160801035121018511064    
20160801035121018515015    
20160801035121018518031    
20160801035121018518041    
20160801035121018518051    
20160801035121018518062    
201608010354100073110220   
201608010354100073121310   
20160801035410007313011    
20160801035410007317031    
20160801035410007319222    
20160801035410007319232    
201608010354210327110210   
201608010354210327110310   
20160801035421032711061    
20160801035421032713082    
20160801035421032715131    
20160801035421032717422    
