20160827003314200310254    
20160827003314200310303    
20160827003314200310321    
20160827003314200310491    
20160827003314200310611    
20160827003314200310651    
20160827003314200310822    
20160827003314200310861    
20160827003314200315041    
20160827003314200320021    
20160827003314200320051    
20160827003314200320081    
20160827003314200320111    
20160827003314200320331    
20160827003314200320401    
20160827003314200325251    
20160827003314200330015    
20160827003314200330051    
20160827003314200330202    
20160827003314200330461    
