201603262241234117110215   
20160326224123411716023    
201603262241234117160315   
20160326224123411716043    
20160326224123411732031    
20160326224123411732051    
201603270050154162110215   
20160327005015416216025    
20160327005015416216035    
20160327005015416216045    
201603271657074207160310   
20160327165707420731061    
20160327165707420762492    
20160327165707420798021    
201603272342244191110210   
20160327234224419145021    
20160327234224419151151    
20160327234224419180001    
20160327234224419198002    
20160327234224419198011    
20160328005753411211027    
20160328005753411216023    
201603280102264163110215   
