201611162311090170100120   
20161116231109017010141    
20161116231109017010245    
201611162316480884100140   
20161116231648088410131    
20161116231648088410603    
20161116233227017010061    
201611162344330156100140   
20161116234433015610132    
201611162355271354100120   
20161116235527135410131    
20161116235527135410141    
20161116235527135410302    
20161116235527135410312    
20161117004344171413395    
20161117004344171410293    
20161117004344171410303    
20161117004344171410313    
201611170043441714100140   
20161117004344171410101    
201611170106551554100140   
20161117010655155410131    
20161117010655155410297    
20161117010655155410301    
20161117010655155410311    
2016111701194109141001100  
20161117011941091415993    
20161117011941091410111    
20161117011941091410063    
201611170120571364100120   
20161117012057136410131    
20161117012057136410292    
20161117012057136410311    
20161117012057136415991    
201611170129380211100140   
20161117012938021110061    
20161117012938021110132    
20161117012938021110261    
201611170205300249100160   
20161117020530024910061    
20161117020530024910111    
20161117020530024910131    
20161117020530024910222    
20161117020530024915992    
20161117020530024911112    
201611170210340244100120   
20161117021034024410071    
20161117021034024410131    
201611170221551304100140   
20161117022155130410132    
20161117022155130410293    
201611170225320136100120   
20161117022532013610111    
201611170229510223100140   
20161117022951022310133    
20161117022951022310061    
20161117022951022310055    
20161117022951022310293    
201611170233350704100160   
20161117023335070410134    
201611170233350704102910   
20161117023335070410302    
20161117023335070410312    
2016111702333905941001140  
20161117023339059410074    
20161117023339059410114    
20161117023339059410401    
20161117023339059410101    
201611170333530584100160   
20161117033353058410071    
20161117033353058410111    
20161117033353058410132    
20161117033353058410222    
20161117033353058410632    
201611170441110201100160   
20161117044111020110101    
20161117044111020110133    
20161117044111020110141    
20161117044111020110221    
