20161021230404106310381    
20161021230404106310861    
20161021230404106310871    
20161021230404106315211    
20161021230404106330053    
20161021230546108110141    
20161021230546108110255    
20161021230546108110271    
20161021230546108110633    
20161021230546108115371    
20161021230546108120021    
20161021230546108120161    
20161021230546108120404    
201610212305461081300110   
20161021230546108130081    
201610212305461081301710   
201610212305461081302615   
20161021230546108130346    
201610212305461081402710   
20161021231904106610173    
20161021231904106610303    
20161021231904106610322    
20161021231904106610661    
20161021231904106610681    
20161021231904106630015    
20161021231904106630112    
20161021231904106630271    
20161021231904106630381    
20161021231904106630541    
20161021231904106630653    
20161021231904106630891    
20161021235133100310021    
20161021235133100310173    
20161021235133100310421    
20161021235133100310611    
20161021235133100310625    
20161021235133100310633    
20161021235133100310671    
20161021235133100310681    
20161021235133100310812    
20161021235133100310821    
20161021235133100325082    
20161022002537107610141    
20161022002537107610271    
20161022002537107610305    
20161022002537107610661    
20161022002537107615371    
20161022002537107625092    
20161022002537107625162    
20161022002537107630041    
20161022002537107630121    
20161022002537107630571    
20161022002537107630691    
20161022002537107630701    
20161022004419100510255    
20161022004419100510271    
20161022004419100510343    
20161022004419100510871    
20161022004419100515061    
20161022004419100515161    
20161022004419100515261    
20161022004419100530192    
20161022004419100530202    
20161022004419100530381    
20161022004419100530431    
20161022004554108810122    
20161022004554108810211    
20161022004554108810221    
20161022004554108810303    
20161022004554108810351    
20161022004554108810623    
20161022004554108810651    
20161022004554108820011    
20161022004554108825161    
20161022004554108830013    
20161022004554108830032    
20161022004554108830055    
20161022004646100110253    
20161022004646100110305    
20161022004646100110625    
20161022004646100110831    
20161022004646100115041    
20161022004646100120021    
20161022004646100130351    
20161022004646100130402    
20161022005128100110633    
20161022005720101210024    
20161022005720101210253    
20161022005720101210651    
20161022005720101210681    
20161022005720101215291    
20161022005720101215421    
201610220057201012202012   
20161022005720101230192    
20161022012813100810344    
20161022012813100810431    
20161022012813100810861    
20161022012813100830055    
20161022015859104810102    
20161022015859104810141    
20161022015859104810305    
20161022015859104810325    
20161022015859104810345    
20161022015859104810652    
20161022015859104810662    
20161022015859104810681    
20161022015859104810863    
20161022015859104815041    
20161022015859104815231    
20161022015859104815251    
20161022015859104815261    
20161022015859104815421    
20161022015859104825021    
201610220158591048300110   
20161022015859104830032    
20161022015859104830081    
20161022015859104830271    
20161022015859104830321    
20161022015859104830381    
20161022015859104830521    
20161022015859104830531    
20161022015859104830901    
20161022022127108310173    
20161022022127108310252    
20161022022127108310301    
20161022022127108310322    
20161022022127108310382    
20161022022127108310652    
20161022022127108310681    
20161022022127108315172    
20161022022127108320021    
20161022022127108325021    
20161022022127108330351    
20161022022127108330891    
20161022022537102710351    
20161022022537102710421    
20161022022537102710471    
20161022022537102710632    
20161022022537102710661    
20161022022537102710681    
20161022022537102710821    
20161022022537102715161    
20161022022537102715191    
20161022022537102715331    
201610220225371027202012   
20161022022537102730013    
20161022022537102730451    
20161022022537102730691    
20161022022537102730961    
20161022023101101610321    
20161022023101101615461    
20161022023101101630192    
20161022023101101630202    
20161022023101101630271    
20161022023101101630351    
20161022023101101630921    
20161022023101101630961    
20161022024915106910123    
20161022024915106910271    
20161022024915106910344    
20161022024915106910682    
20161022024915106910862    
20161022024915106915191    
20161022024915106915401    
20161022024915106930015    
20161022024915106930033    
20161022024915106930045    
20161022024915106930273    
20161022024915106930321    
20161022033619110110122    
20161022033619110110253    
20161022033619110110322    
20161022033619110110345    
20161022033619110110625    
20161022033619110110681    
20161022033619110115131    
20161022033619110115351    
20161022033619110115371    
20161022033619110120311    
20161022033619110130013    
20161022033619110130042    
20161022033619110130202    
20161022033619110130395    
20161022033619110130411    
20161022033619110130451    
20161022033619110130542    
