20160805210828395910051    
20160805210828395910091    
20160805210828395910101    
20160805210828395910272    
20160805210828395910151    
20160805210828395910301    
201608052108283959103210   
201608052108283959103310   
20160805210828395910345    
20160805210828395910392    
20160805210828395910431    
20160805210828395910461    
20160805210828395910542    
20160805210828395910561    
20160805210828395910651    
20160805210828395910741    
20160805210828395910751    
20160805210828395910901    
20160805210828395911121    
20160805210828395911141    
20160805210828395925011    
20160805210828395925073    
20160805210828395925081    
20160805210828395922991    
20160805210828395911231    
20160805210828395911252    
20160805210828395911301    
20160805210828395911322    
20160805210828395911335    
20160805210828395911341    
20160805210828395911351    
20160805210828395911651    
20160805210828395911641    
20160805210828395911741    
20160805210828395911996    
20160805210828395920131    
20160805210828395920701    
201608052115213393103215   
20160805211521339310429    
20160805211521339310745    
20160805211521339310793    
20160805211521339311142    
20160805211521339311151    
20160805211521339311241    
20160805211521339311252    
20160805211521339311335    
20160805211521339311611    
20160805211521339311621    
20160805211521339311742    
20160805211521339311751    
20160805211521339311791    
20160805211521339311831    
20160805211521339311841    
20160805211521339311851    
20160805211521339311861    
20160805211521339320133    
20160805211521339320141    
20160805211521339320351    
20160805211521339320741    
20160805211521339320791    
20160805211521339323011    
20160805211521339325091    
20160805212212528722971    
20160805212212528711612    
20160805212212528710291    
20160805212212528710741    
20160805212212528710121    
20160805212212528711993    
20160805212212528711321    
20160805212212528710041    
20160805212212528723014    
20160805212212528710327    
20160805212212528711642    
20160805212212528710461    
20160805212212528710311    
20160805212212528710821    
20160805212212528710353    
20160805212212528711413    
20160805212212528711423    
20160805212212528710392    
20160805212212528710496    
20160805212212528710333    
20160805212212528710342    
