201612022102461011200180   
20161202210246101120052    
20161202210246101120061    
20161202210246101120071    
20161202210246101120081    
20161202210246101120321    
20161202210246101120652    
2016120221102621052001100  
20161202211026210520657    
20161202211026210520321    
20161202211026210520071    
20161202211026210520061    
20161202211026210520083    
20161202211026210520051    
20161202211026210520931    
2016120221571813692001100  
20161202215718136920061    
20161202215718136920071    
20161202215718136920321    
201612022157181369206510   
20161202215718136920901    
20161202215718136921051    
20161202215718136921131    
2016120222054921452001100  
20161202220549214520061    
20161202220549214520072    
20161202220549214520082    
20161202220549214520091    
20161202220549214520652    
201612022215161003200180   
20161202221516100320653    
20161202221516100320071    
20161202221516100320062    
201612022235331005200160   
20161202223533100520061    
20161202223533100520071    
201612022254111371200180   
20161202225411137120052    
20161202225411137120061    
20161202225411137120071    
20161202225411137120321    
201612022254111371206510   
2016120223173110262001120  
20161202231731102620055    
20161202231731102620061    
20161202231731102620071    
2016120223205221242001100  
20161202232052212420051    
20161202232052212420061    
20161202232052212420071    
20161202232052212420321    
20161202232052212420656    
20161202232052212420911    
20161202232052212421041    
201612022321321025200140   
20161202232132102520061    
20161202232132102520653    
2016120223263313572001120  
20161202232633135720052    
20161202232633135720062    
20161202232633135720071    
20161202232633135720081    
20161202232633135720301    
20161202232633135720322    
20161202232633135720654    
2016120223344720882001140  
20161202233447208820071    
20161202233447208820081    
20161202233447208820301    
20161202233447208820321    
2016120223385120232001180  
20161202233851202320063    
20161202233851202320072    
20161202233851202320302    
201612022338512023206510   
201612022347542031200160   
20161202234754203120051    
20161202234754203120061    
20161202234754203120657    
201612022359371477200160   
20161202235937147720061    
20161202235937147720654    
2016120300053210182002120  
20161203000532101820052    
20161203000532101820062    
20161203000532101820072    
20161203000532101820082    
20161203000532101820301    
20161203000532101820322    
20161203000532101820652    
2016120300282220862001100  
20161203002822208620053    
20161203002822208620062    
20161203002822208620072    
20161203002822208620082    
20161203002822208620322    
201612030028222086205210   
201612030028222086206520   
20161203002822208620901    
20161203002822208621041    
201612030038131015200140   
20161203003813101520061    
201612030058112107200140   
20161203005811210720653    
20161203005811210720052    
20161203005811210720061    
201612030106561370200180   
20161203010656137020658    
20161203010656137020081    
20161203010656137020061    
20161203010656137021131    
20161203010656137020521    
2016120301143610222001100  
20161203011436102220062    
20161203011436102220071    
20161203011436102220083    
20161203011436102220322    
201612030114361022206510   
20161203011436102220901    
20161203011436102221051    
2016120301172314652001100  
20161203011723146520061    
20161203011723146520081    
20161203011723146520071    
20161203011723146520901    
20161203011723146520931    
20161203011723146521041    
2016120301583010022001120  
20161203015830100220062    
20161203015830100220081    
20161203015830100220271    
20161203015830100220321    
20161203015830100220072    
20161203015830100220653    
2016120302093120682001100  
20161203020931206820052    
20161203020931206820061    
20161203020931206820071    
20161203020931206820081    
20161203020931206820321    
20161203020931206820655    
20161203020931206820931    
2016120302323113672001100  
20161203023231136720062    
20161203023231136720071    
20161203023231136720081    
20161203023231136720551    
20161203023231136720161    
20161203023231136720311    
20161203023231136720321    
2016120302521520292001160  
201612030252152029200510   
20161203025215202920062    
20161203025215202920082    
20161203025215202920191    
20161203025215202920301    
20161203025215202920311    
20161203025215202920321    
20161203025215202920072    
201612030252152029206515   
20161203025215202920901    
2016120303025722292001220  
20161203030257222920055    
20161203030257222920063    
20161203030257222920083    
20161203030257222920091    
20161203030257222920323    
20161203030257222920552    
20161203030257222920072    
201612030302572229206525   
20161203030257222920911    
20161203030257222921041    
201612030307371021200180   
20161203030737102120061    
20161203030737102120071    
20161203030737102120653    
20161203030737102120931    
20161203030737102121041    
201612030528502147200180   
20161203052850214720061    
20161203052850214720071    
20161203052850214720081    
20161203052850214720321    
20161203052850214720551    
20161203052850214720656    
20161203052850214721051    
