201612221054068148100110   
20161222105406814810031    
201612221054068148100513   
20161222105406814810121    
20161222105406814810263    
20161222105406814810301    
20161222105406814810311    
20161222105406814810371    
20161222105406814810391    
20161222105406814810523    
20161222105406814810542    
20161222105406814810611    
20161222105406814810631    
20161222105406814810644    
20161222105406814810681    
20161222105406814810744    
20161222105406814816122    
201612221054068148161524   
20161222105406814820035    
201612221054068148200619   
20161222105406814820074    
20161222105406814820082    
20161222105406814820107    
20161222105406814820112    
20161222105406814820122    
20161222105406814850021    
20161222105406814850091    
20161222105406814850101    
20161222105406814850111    
20161222120623807810012    
20161222120623807810056    
20161222120623807810121    
20161222120623807810411    
20161222120623807810522    
201612221206238078161510   
20161222120623807820031    
20161222120623807820068    
20161222120623807820072    
20161222120623807820082    
20161222120623807820104    
20161222120623807820111    
20161222134554814210016    
20161222134554814220035    
201612221345548142200617   
20161222134554814250091    
20161222134554814250111    
20161222134554814230012    
201612221345548142100515   
20161222134554814210521    
20161222134554814216121    
201612221345548142161512   
20161222134554814210632    
20161222134554814220107    
20161222134554814220112    
20161222134554814220122    
20161222134554814220132    
20161222140914811710014    
20161222140914811710058    
20161222140914811710071    
20161222140914811710392    
20161222140914811710542    
20161222140914811710631    
20161222140914811710643    
20161222140914811710681    
20161222140914811716121    
201612221409148117161510   
20161222140914811720033    
201612221409148117200610   
20161222140914811720071    
20161222140914811720103    
20161222140914811720111    
20161222140914811720122    
20161222140914811750091    
20161222140914811750101    
20161222140914811750111    
20161222142018815210018    
20161222142018815210031    
20161222142018815210121    
20161222142018815210262    
20161222142018815220032    
201612221420188152200610   
20161222142018815220072    
20161222142018815220082    
20161222142018815250011    
201612221420188152100513   
20161222142018815210301    
20161222142018815210391    
20161222142018815210522    
20161222142018815216121    
201612221420188152161513   
20161222142018815210542    
20161222142018815210611    
20161222142018815210642    
20161222142018815210661    
20161222142018815250181    
20161222142018815220104    
20161222142018815220112    
20161222145045810510011    
20161222145045810510057    
20161222145045810510261    
20161222145045810510371    
20161222145045810510522    
20161222145045810510631    
20161222145045810510641    
20161222145045810510742    
20161222145045810516121    
201612221450458105161512   
20161222145045810520032    
201612221450458105200612   
20161222145045810520072    
20161222145045810520082    
20161222145045810520104    
201612221455198121100510   
20161222145519812110121    
20161222145519812110261    
20161222145519812110521    
20161222145519812110541    
20161222145519812110631    
20161222145519812110642    
20161222145519812116121    
201612221455198121161515   
20161222145519812120032    
20161222145519812120065    
20161222145519812120071    
20161222145519812120104    
20161222150354800210014    
20161222150354800220072    
20161222150354800220081    
20161222150354800220121    
20161222150552800220102    
20161222153749808510012    
20161222153749808510058    
20161222153749808516121    
201612221537498085161520   
201612221537498085200614   
20161222153749808520072    
20161222153749808520104    
20161222153749808540081    
20161222154237814910017    
20161222154237814910031    
201612221542378149100510   
20161222154237814910121    
20161222154237814910263    
20161222154237814910302    
20161222154237814910642    
20161222154237814910681    
20161222154237814910743    
20161222154237814910752    
20161222154237814916121    
201612221542378149161518   
20161222154237814920033    
20161222154237814920064    
20161222154237814920072    
20161222154237814920081    
20161222154237814920103    
20161222155038804810011    
20161222155038804810052    
20161222155038804810311    
20161222155038804810371    
20161222155038804816153    
20161222155038804820032    
20161222155038804820063    
20161222155038804820071    
20161222155038804820103    
20161222155038804820111    
20161222155038804850031    
20161222155055812210016    
20161222155055812210031    
20161222155055812210121    
20161222155055812210262    
20161222155055812220035    
201612221550558122200630   
201612221550558122200710   
20161222155055812220082    
201612221550558122100520   
20161222155055812210394    
20161222155055812216123    
201612221550558122161530   
20161222155055812220122    
20161222155055812210745    
201612221550558122107510   
20161222155055812220136    
20161222155245813410013    
20161222155245813410031    
20161222155245813410053    
20161222155245813410302    
20161222155245813410522    
20161222155245813416155    
20161222155245813420064    
20161222155245813420072    
20161222161830813720081    
20161222161830813750101    
20161222161945811910015    
20161222161945811910031    
201612221619458119100515   
20161222161945811910261    
20161222161945811910371    
20161222161945811910391    
20161222161945811910521    
20161222161945811916121    
201612221619458119161528   
20161222161945811920032    
201612221619458119200620   
20161222161945811920074    
20161222161945811920082    
20161222161945811920105    
20161222161945811920112    
20161222161945811920122    
20161222161945811950021    
20161222161945811950091    
20161222162204808010013    
201612221622048080100515   
20161222162204808010261    
20161222162204808010311    
20161222162204808010391    
20161222162204808010521    
20161222162204808010744    
201612221622048080161523   
20161222162204808020032    
201612221622048080200615   
20161222162204808020072    
20161222162204808020082    
20161222162204808020104    
20161222162204808020111    
20161222162204808050022    
20161222162204808050111    
20161222163256813810013    
20161222163256813810031    
201612221632568138100520   
20161222163256813810681    
20161222163256813810741    
20161222163256813816123    
201612221632568138161530   
20161222163256813820032    
20161222163256813820066    
20161222163256813820071    
20161222163256813820081    
20161222163256813820105    
20161222163256813820111    
20161222163256813820121    
20161222163256813820134    
20161222163256813840071    
20161222163546810610014    
201612221635468106100513   
20161222163546810610391    
20161222163546810610523    
20161222163546810616122    
201612221635468106161525   
201612221635468106200613   
20161222163546810620082    
20161222163546810620103    
20161222163558810910012    
20161222163558810910058    
20161222163558810910302    
20161222163558810910311    
20161222163558810910371    
20161222163558810910642    
20161222163558810910661    
20161222163558810910742    
20161222163558810910751    
201612221635588109161518   
20161222163558810920067    
20161222163558810920071    
20161222163558810920102    
20161222163757811610055    
20161222163757811610372    
20161222163757811610392    
20161222163757811610521    
20161222163757811616121    
201612221637578116161510   
20161222163757811620032    
201612221637578116200615   
20161222163757811620108    
20161222163757811620132    
20161222164009815010011    
20161222164009815010055    
20161222164009815010521    
20161222164009815016121    
20161222164009815016153    
20161222164009815020031    
20161222164009815020063    
20161222164009815020102    
20161222164209815510012    
20161222164209815510261    
20161222164209815520032    
201612221642098155200610   
20161222164209815520072    
20161222164209815520082    
20161222164209815540141    
20161222164209815510055    
201612221642098155161512   
20161222164209815510543    
20161222164209815510642    
20161222164209815520106    
20161222164209815520122    
20161222164209815510752    
20161222164214806310016    
20161222164214806310021    
20161222164214806310031    
20161222164214806310058    
20161222164214806310121    
20161222164214806310262    
20161222164214806310301    
20161222164214806310311    
20161222164214806310391    
20161222164214806310441    
20161222164214806310611    
20161222164214806310643    
20161222164214806310743    
20161222164214806310753    
20161222164214806316122    
201612221642148063161520   
20161222164214806320034    
201612221642148063200618   
20161222164214806320075    
20161222164214806320081    
20161222164214806320106    
20161222164214806320112    
20161222164214806320121    
20161222164214806340081    
20161222164214806340101    
20161222164214806350101    
201612221642468130100112   
20161222164246813010021    
201612221642468130100522   
20161222164246813010262    
20161222164246813010302    
20161222164246813010311    
20161222164246813010372    
20161222164246813010391    
20161222164246813010523    
20161222164246813016122    
201612221642468130161535   
20161222164246813020037    
201612221642468130200622   
20161222164246813020073    
20161222164246813020081    
201612221642468130201013   
20161222164246813020114    
20161222164246813020124    
20161222164246813020138    
20161222164246813050011    
20161222165840800716151    
20161222165840800720064    
20161222165840800720071    
20161222165840800720031    
20161222165840800710052    
20161222165840800720081    
20161222165932810710016    
20161222165932810710031    
201612221659328107100535   
20161222165932810710121    
20161222165932810710265    
20161222165932810710391    
20161222165932810710522    
20161222165932810710551    
20161222165932810710641    
20161222165932810710731    
20161222165932810716123    
201612221659328107161540   
20161222165932810720036    
201612221659328107200635   
20161222165932810720075    
20161222165932810720081    
201612221659328107201015   
20161222165932810720114    
20161222165932810720122    
20161222165932810750021    
20161222165932810750091    
20161222165932810750101    
20161222171153810310014    
20161222171153810310021    
20161222171153810310031    
20161222171153810320033    
201612221711538103200615   
20161222171153810320073    
20161222171153810350021    
201612221711538103100520   
20161222171153810310312    
20161222171153810316122    
201612221711538103161535   
20161222171153810320105    
20161222171153810320112    
20161222171153810320121    
20161222171153810310743    
20161222171713815210644    
20161222173137802510011    
20161222173137802510521    
20161222173137802516121    
201612221731378025161510   
20161222173137802520031    
201612221731378025200610   
20161222173137802520071    
20161222173137802520081    
20161222173137802520111    
201612221733158055100515   
20161222173315805510071    
20161222173315805510263    
20161222173315805510301    
20161222173315805510371    
20161222173315805510391    
20161222173315805510642    
20161222173315805516122    
201612221733158055161526   
20161222173315805520034    
201612221733158055200625   
20161222173315805520073    
20161222173315805520082    
20161222173315805520108    
20161222173315805520122    
20161222173315805530011    
20161222173315805550021    
20161222173315805550091    
20161222173315805550101    
20161222174027810810013    
20161222174027810810058    
20161222174027810810262    
20161222174027810810302    
20161222174027810810311    
20161222174027810810371    
20161222174027810810632    
20161222174027810816121    
201612221740278108161518   
20161222174027810820032    
201612221740278108200612   
20161222174027810820072    
20161222174027810820082    
20161222174027810820105    
20161222174027810820111    
20161222175745801810017    
20161222175745801810521    
20161222175745801816122    
201612221757458018161535   
20161222175745801820031    
201612221757458018200623   
20161222175745801820082    
20161222175745801820108    
20161222175913805910071    
20161222175913805910371    
20161222175913805916153    
20161222175913805920033    
20161222175913805920062    
20161222175913805920103    
201612221801377001900115   
