20160330142758400720012    
20160330221913502220013    
20160330221913502220062    
20160330222315606720016    
20160330222315606720072    
20160330222315606720151    
20160330222315606720413    
20160330222315606720681    
20160330222410507420014    
20160330225108603020011    
20160330232600100520015    
20160330232600100520061    
20160330235147501020014    
20160331000256607020012    
20160331004534606220018    
20160331004534606220062    
20160331004534606220076    
20160331004534606220151    
20160331010350606920012    
20160331010350606920151    
20160331010350606920681    
201603310126183020200110   
20160331012618302020061    
20160331014442505220011    
20160331014442505220071    
20160331014442505240251    
20160331015451606020013    
20160331015451606020681    
20160331015451606020701    
20160331015451606020811    
20160331020621608720061    
20160331021318600220013    
20160331021318600220681    
20160331025035607520012    
20160331031718604220012    
20160331031718604220062    
20160331031718604220301    
