201605201348568058100515   
20160520134856805810071    
20160520134856805810261    
20160520134856805810312    
20160520134856805810371    
20160520134856805810546    
20160520134856805810632    
20160520134856805810681    
20160520134856805810742    
20160520134856805810752    
20160520134856805811011    
20160520134856805811025    
20160520134856805816158    
20160520134856805820031    
20160520134856805820067    
20160520134856805820071    
20160520134856805820081    
20160520134856805820103    
20160520134856805820121    
20160520134856805850031    
20160520141538813210012    
20160520141538813210263    
20160520141538813220032    
201605201415388132200610   
20160520141538813220072    
20160520141538813220081    
20160520141538813250091    
20160520141538813250101    
20160520141538813230012    
201605201415388132100530   
20160520141538813210312    
20160520141538813210372    
20160520141538813210393    
20160520141538813216121    
201605201415388132161515   
20160520141538813210544    
20160520141538813210632    
20160520141538813210641    
20160520141538813220108    
20160520141538813220112    
20160520141538813220121    
20160520141538813211013    
201605201415388132110230   
20160520153744806810262    
20160520153744806810391    
20160520153744806810522    
20160520153744806810741    
20160520153744806810751    
20160520153744806816153    
20160520153744806820032    
20160520153744806820062    
20160520153744806820071    
20160520153744806820103    
20160520160700811010011    
20160520160700811010031    
20160520160700811010056    
20160520160700811010261    
20160520160700811010441    
20160520160700811010632    
20160520160700811016155    
20160520160700811020031    
20160520160700811020063    
20160520160700811020071    
20160520160700811050021    
20160520160702815210015    
20160520160702815210031    
20160520160702815210058    
20160520160702815210302    
20160520160702815210372    
20160520160702815210391    
20160520160702815210521    
20160520160702815210642    
20160520160702815210681    
20160520160702815210743    
20160520160702815210752    
20160520160702815216121    
20160520160702815216158    
20160520160702815220034    
20160520160702815220064    
20160520160702815220072    
20160520160702815220105    
20160520160702815220112    
20160520160702815220121    
20160520162044811110012    
20160520162044811110056    
20160520162044811110261    
20160520162044811110301    
20160520162044811110361    
20160520162044811110371    
20160520162044811110441    
20160520162044811110521    
20160520162044811110542    
20160520162044811110642    
20160520162044811110746    
20160520162044811110754    
20160520162044811116123    
201605201620448111161517   
20160520162044811120032    
20160520162044811120065    
20160520162044811120072    
20160520162044811120081    
20160520162044811120104    
20160520162044811120111    
20160520170238814610013    
20160520170238814610031    
20160520170238814620033    
20160520170238814620065    
201605201702388146100520   
20160520170238814610302    
20160520170238814610311    
20160520170238814610372    
20160520170238814616121    
201605201702388146161510   
20160520170238814610542    
20160520170238814620106    
20160520170238814620113    
20160520170238814620122    
20160520170238814611012    
201605201702388146110214   
20160520170238814610741    
20160520170924811710011    
20160520170924811710056    
20160520170924811710541    
20160520170924811710641    
20160520170924811716121    
20160520170924811716153    
20160520170924811720031    
20160520170924811720063    
20160520170924811720071    
20160520170924811720102    
20160520170924811720111    
20160520170924811720122    
20160520171512806510031    
20160520171512806510053    
20160520171512806510302    
20160520171512806510313    
20160520171512806510371    
20160520171512806510392    
20160520171512806516122    
201605201715128065161510   
201605201715128065200610   
20160520171512806520073    
20160520171512806550022    
20160520171512806550091    
20160520171512806550101    
20160520172203810510011    
20160520172203810510031    
20160520172203810510057    
20160520172203810510261    
20160520172203810510311    
20160520172203810510392    
20160520172203810510742    
20160520172203810510751    
20160520172203810516121    
20160520172203810516141    
20160520172203810516155    
20160520172203810520065    
20160520172203810520072    
20160520172203810520081    
20160520172203810520103    
20160520172203810520111    
20160520172203810520121    
20160520172203810550092    
20160520173013813310013    
20160520173013813310031    
201605201730138133100510   
20160520173013813310302    
20160520173013813310421    
20160520173013813310541    
20160520173013813310551    
20160520173013813310743    
20160520173013813310752    
20160520173013813316121    
201605201730138133161511   
20160520173013813320033    
20160520173013813320062    
20160520173013813320071    
20160520173013813320103    
20160520173013813320111    
20160520173013813350011    
20160520173013813350021    
20160520173956806910014    
20160520173956806910031    
20160520173956806910053    
20160520173956806910121    
20160520173956806910521    
20160520173956806916121    
20160520173956806916158    
20160520173956806920034    
20160520173956806920068    
20160520173956806920074    
20160520173956806920081    
201605201739568069201010   
20160520173956806920113    
201605201741358141100110   
20160520174135814110022    
20160520174135814110032    
20160520174135814110081    
20160520174135814110101    
20160520174135814110123    
20160520174135814110269    
201605201741358141200310   
201605201741358141200615   
20160520174135814120078    
20160520174135814120081    
20160520174135814130051    
20160520174135814140083    
20160520174135814140091    
20160520174135814140101    
201605201741358141100516   
20160520174135814110302    
20160520174135814110312    
20160520174135814110372    
20160520174135814110392    
20160520174135814110421    
20160520174135814110491    
201605201741358141105210   
20160520174135814116122    
201605201741358141161515   
20160520174135814110542    
20160520174135814110611    
20160520174135814110632    
20160520174135814110682    
20160520174135814110691    
201605201741358141201012   
20160520174135814120118    
20160520174135814120124    
20160520174135814110747    
20160520174135814110757    
20160520175009810110011    
20160520175009810110053    
20160520175009810110121    
20160520175009810110261    
20160520175009810110391    
20160520175009810110522    
20160520175009810110542    
20160520175009810110642    
20160520175009810111012    
201605201750098101110215   
20160520175009810116121    
20160520175009810116154    
20160520175009810120032    
20160520175009810120063    
20160520175009810120072    
20160520175009810120081    
20160520175009810120103    
20160520175009810120111    
20160520175009810150021    
20160520175009810150181    
20160520175133815110015    
20160520175133815110031    
20160520175133815110121    
20160520175133815110161    
20160520175133815110263    
20160520175133815120033    
20160520175133815120068    
20160520175133815120073    
20160520175133815120081    
20160520175133815150091    
20160520175133815150101    
20160520175133815110056    
20160520175133815110301    
20160520175133815110524    
201605201751338151161510   
20160520175133815110541    
20160520175133815110642    
20160520175133815120103    
20160520175133815120111    
20160520175133815110744    
20160520175353807910016    
20160520175353807910031    
201605201753538079100510   
20160520175353807910071    
20160520175353807910121    
20160520175353807910264    
20160520175353807910303    
20160520175353807910313    
20160520175353807910372    
20160520175353807910392    
20160520175353807910522    
20160520175353807910551    
20160520175353807910641    
20160520175353807910661    
20160520175353807916121    
201605201753538079161514   
20160520175353807920034    
20160520175353807920067    
20160520175353807920075    
20160520175353807920081    
20160520175353807920106    
20160520175353807920113    
20160520175353807920122    
20160520175353807930012    
20160520175353807930051    
20160520175353807940051    
20160520175353807940062    
20160520175353807940082    
20160520175353807950021    
20160520175353807950091    
20160520175353807950102    
20160520175431809610012    
20160520175431809610056    
20160520175431809610121    
20160520175431809610301    
20160520175431809610311    
20160520175431809610391    
20160520175431809610742    
20160520175431809610751    
20160520175431809616155    
20160520175431809620033    
20160520175431809620063    
20160520175431809620072    
20160520175431809620081    
20160520175431809620105    
20160520175431809620111    
20160520175431809620122    
20160520175431809630051    
20160520175431809650092    
20160520175802809710019    
20160520175802809710032    
20160520175802809710524    
201605201758028097161530   
20160520175802809720081    
201605201758028097201016   
20160520175849809716124    
20160520180621815410013    
20160520180621815410031    
20160520180621815410091    
20160520180621815410262    
20160520180621815420032    
201605201806218154200610   
20160520180621815420072    
20160520180621815430012    
20160520180621815410393    
20160520180621815410523    
201605201806218154161517   
20160520180621815410642    
20160520180621815420107    
20160520180621815420113    
20160520182036814710012    
20160520182036814710122    
20160520182036814720032    
20160520182036814720065    
20160520182036814720072    
20160520182036814740101    
20160520182036814750022    
20160520182036814730011    
20160520182036814710058    
20160520182036814716121    
20160520182036814716158    
20160520182036814710541    
20160520182036814720102    
20160520182036814720111    
20160520183013813010021    
20160520183358801510525    
20160520183358801516153    
20160520183358801510015    
20160520183358801510271    
20160520183358801510052    
20160520183358801510081    
20160520183358801520105    
20160520183358801520111    
20160520183358801520067    
20160520183358801520072    
20160520183358801550051    
20160520183718807510011    
20160520183718807510052    
20160520183718807510301    
20160520183718807510372    
20160520183718807510641    
20160520183718807516121    
20160520183718807516152    
20160520183718807520031    
20160520183718807520062    
20160520183718807520071    
20160520183718807520102    
20160520183718807520111    
20160520185342813910053    
20160520185342813910261    
20160520185342813910302    
20160520185342813910393    
20160520185342813910545    
20160520185342813911013    
201605201853428139110215   
20160520185342813911031    
20160520185342813916121    
20160520185342813916155    
20160520185342813920062    
20160520185342813920071    
20160520185342813950093    
20160520185342813950112    
20160520185516809010011    
201605201855168090100520   
20160520185516809010071    
20160520185516809010081    
20160520185516809010262    
20160520185516809010523    
20160520185516809010742    
20160520185516809010753    
20160520185516809016121    
201605201855168090161513   
20160520185516809020032    
20160520185516809020069    
20160520185516809020073    
20160520185516809020106    
20160520185516809020112    
20160520185516809020121    
20160520185516809030041    
20160520185516809040071    
20160520185516809040081    
20160520185516809050021    
20160520185516809050091    
20160520185516809050101    
20160520190418805210013    
20160520190418805210021    
201605201904188052100513   
20160520190418805210371    
20160520190418805210391    
20160520190418805210523    
20160520190418805216122    
20160520190418805216156    
20160520190418805220033    
20160520190418805220069    
20160520190418805220081    
20160520190418805220107    
20160520190418805220113    
20160520190418805220121    
20160520190418805230011    
20160520190418805250021    
20160520190418805250091    
20160520190418805250101    
20160520190747811410013    
20160520190747811410055    
20160520190747811410071    
20160520190747811410522    
20160520190747811410542    
20160520190747811410642    
20160520190747811416155    
20160520190747811420033    
20160520190747811420065    
20160520190747811420072    
20160520190747811420081    
20160520190747811420103    
20160520191618811810011    
20160520191618811820063    
20160520191618811810052    
20160520191618811810301    
20160520191618811810371    
20160520191618811810391    
20160520191618811810521    
20160520191618811816153    
20160520191618811810641    
20160520191618811820102    
20160520191618811820111    
20160520193053815210441    
20160520193138806610012    
20160520193138806610054    
20160520193138806610264    
20160520193138806610301    
20160520193138806610311    
20160520193138806610372    
20160520193138806610391    
20160520193138806610421    
20160520193138806610521    
20160520193138806610681    
20160520193138806616157    
20160520193138806620031    
20160520193138806620064    
20160520193138806620073    
20160520193138806620103    
20160520193138806620112    
20160520193138806640071    
20160520193912808110011    
20160520193912808120065    
20160520193912808120071    
20160520193912808116121    
20160520193912808116154    
20160520193912808120102    
20160520193912808120111    
20160520194124812810012    
20160520194124812810031    
20160520194124812810261    
20160520194124812820032    
20160520194124812820065    
20160520194124812820071    
20160520194124812810054    
20160520194124812810311    
20160520194124812810392    
20160520194124812816157    
20160520194124812810541    
20160520194124812820103    
20160520194124812820111    
20160520194124812810742    
20160520194124812810751    
20160520194152814010011    
20160520194152814020031    
20160520194152814020062    
20160520194152814050092    
20160520194152814050101    
20160520194152814010055    
20160520194152814016121    
20160520194152814016152    
20160520194152814010542    
20160520194152814050181    
20160520194152814020102    
20160520194152814020111    
20160520194152814010742    
20160520194213812410013    
201605201942138124100515   
20160520194213812410262    
20160520194213812410303    
20160520194213812410311    
20160520194213812410371    
20160520194213812410392    
20160520194213812410524    
20160520194213812410641    
20160520194213812416158    
20160520194213812420034    
20160520194213812420068    
20160520194213812420107    
20160520194213812420113    
20160520194213812420122    
20160520194213812450091    
20160520194323815210681    
20160520195122804610011    
20160520195122804610311    
20160520195122804610522    
20160520195122804616121    
20160520195122804616157    
20160520195122804620032    
20160520195122804620066    
20160520195122804620081    
20160520195122804620105    
20160520195122804650022    
20160520200206808310052    
20160520200206808310521    
20160520200206808310641    
20160520200206808320031    
20160520200206808320061    
20160520200206808320071    
20160520200206808320102    
20160520201156806410012    
20160520201156806410056    
20160520201156806410261    
20160520201156806410392    
20160520201156806410522    
20160520201156806410542    
20160520201156806410611    
20160520201156806410741    
20160520201156806410752    
20160520201156806416154    
20160520201156806420033    
20160520201156806420066    
20160520201156806420072    
20160520201156806420105    
20160520201156806420111    
20160520201156806440091    
