20160311115217805510011    
20160311115217805510031    
20160311115217805510055    
20160311115217805510261    
20160311115217805510521    
20160311115217805510631    
20160311115217805510642    
20160311115217805516121    
20160311115217805516154    
20160311115217805520032    
20160311115217805520064    
20160311115217805520071    
20160311115217805520103    
20160311115217805520121    
20160311143828805810011    
201603111438288058100515   
20160311143828805810071    
20160311143828805810261    
20160311143828805810311    
20160311143828805810541    
20160311143828805810611    
20160311143828805810632    
20160311143828805810681    
20160311143828805810742    
20160311143828805810752    
20160311143828805816122    
20160311143828805816158    
20160311143828805820032    
20160311143828805820067    
20160311143828805820073    
20160311143828805820104    
20160311143828805850021    
20160311151634813910011    
20160311151634813910057    
20160311151634813910261    
20160311151634813910302    
20160311151634813910311    
20160311151634813916156    
20160311151634813920063    
20160311151634813920072    
20160311151634813920081    
20160311151634813920103    
201603111528388068100510   
20160311152838806810121    
20160311152838806810542    
20160311152838806810741    
20160311152838806810751    
20160311152838806816154    
20160311152838806820062    
20160311152838806820071    
20160311152838806820102    
20160311152838806820112    
201603111549498090100525   
20160311154949809010262    
20160311154949809010523    
20160311154949809010742    
20160311154949809010754    
20160311154949809016121    
201603111549498090161512   
20160311154949809020032    
20160311154949809020069    
20160311154949809020073    
20160311154949809020105    
20160311154949809020112    
20160311154949809020121    
20160311154949809030015    
20160311154949809040081    
20160311154949809050021    
20160311160300803910012    
20160311160300803910262    
20160311160300803920063    
20160311160300803920071    
20160311160300803940062    
20160311160300803910491    
20160311160300803916153    
20160311160300803910541    
20160311160300803910633    
20160311160300803910641    
20160311160300803910681    
20160311160300803920102    
20160311160300803920112    
20160311160300803910741    
20160311160300803910752    
20160311163056811010012    
20160311163056811010031    
20160311163056811010055    
20160311163056811010261    
20160311163056811010302    
20160311163056811010641    
20160311163056811010741    
20160311163056811016121    
20160311163056811016156    
20160311163056811020031    
20160311163056811020065    
20160311163056811020071    
20160311163056811020081    
20160311164444811710013    
20160311164444811710021    
20160311164444811710055    
20160311164444811710302    
20160311164444811710541    
20160311164444811710551    
20160311164444811710631    
20160311164444811710643    
20160311164444811716121    
20160311164444811716155    
20160311164444811720033    
20160311164444811720065    
20160311164444811720071    
20160311164444811720103    
20160311164444811720112    
20160311164444811720122    
20160311164848806410013    
201603111648488064100513   
20160311164848806410261    
20160311164848806410521    
20160311164848806410542    
20160311164848806410551    
20160311164848806410611    
20160311164848806410742    
20160311164848806410752    
20160311164848806416156    
20160311164848806420035    
20160311164848806420068    
20160311164848806420072    
20160311164848806420107    
20160311164848806420111    
20160311164848806450021    
20160311165400814710013    
20160311165400814720032    
20160311165400814720067    
20160311165400814720073    
201603111654008147100513   
20160311165400814710371    
20160311165400814710524    
20160311165400814716122    
201603111654008147161510   
20160311165400814710542    
20160311165400814720105    
20160311165400814720112    
20160311165400814720122    
20160311165542811110015    
20160311165542811110058    
20160311165542811110122    
20160311165542811110262    
20160311165542811110361    
20160311165542811110542    
20160311165542811110636    
20160311165542811110731    
20160311165542811110742    
20160311165542811110752    
20160311165542811116122    
201603111655428111161516   
20160311165542811120036    
20160311165542811120067    
20160311165542811120073    
20160311165542811120107    
20160311165542811120113    
20160311165542811120122    
20160311165542811150112    
20160311170114806510031    
20160311170114806510055    
20160311170114806510071    
20160311170114806510301    
20160311170114806510312    
20160311170114806510371    
20160311170114806510392    
20160311170114806510523    
20160311170114806516122    
201603111701148065161511   
201603111701148065200610   
20160311170114806520073    
20160311170114806520081    
20160311171049806910016    
20160311171049806910055    
20160311171049806910121    
20160311171049806910521    
20160311171049806916121    
201603111710498069161510   
20160311171049806920035    
201603111710498069200612   
20160311171049806920075    
20160311171049806920081    
201603111710498069201015   
20160311171049806920113    
20160311171408805210016    
20160311171408805210021    
201603111714088052100517   
20160311171408805210071    
20160311171408805210371    
20160311171408805210525    
20160311171408805216123    
201603111714088052161515   
201603111714088052200310   
201603111714088052200616   
20160311171408805220082    
201603111714088052201010   
20160311171408805220115    
20160311171408805230011    
20160311171408805250022    
20160311171408805250091    
20160311171408805250101    
20160311172034813210014    
20160311172034813210121    
20160311172034813210263    
20160311172034813220033    
20160311172034813220066    
20160311172034813220073    
20160311172034813240051    
20160311172034813250061    
20160311172034813250092    
20160311172034813250102    
20160311172034813250111    
201603111720348132100513   
20160311172034813210303    
20160311172034813210312    
20160311172034813210372    
20160311172034813210392    
20160311172034813210421    
20160311172034813216121    
201603111720348132161512   
20160311172034813210541    
20160311172034813210551    
20160311172034813210611    
20160311172034813210642    
20160311172034813210681    
20160311172034813220103    
20160311172034813220112    
20160311172034813220121    
20160311172034813211011    
20160311173014809610012    
20160311173014809610031    
201603111730148096100511   
20160311173014809610261    
20160311173014809610301    
20160311173014809610311    
20160311173014809610391    
20160311173014809610524    
20160311173014809610743    
20160311173014809610753    
20160311173014809616157    
20160311173014809620033    
20160311173014809620065    
20160311173014809620073    
20160311173014809620081    
20160311173014809620107    
20160311173014809620112    
20160311173014809620123    
20160311173014809630041    
20160311174148810510011    
20160311174148810510021    
20160311174148810510031    
20160311174148810510058    
20160311174148810510261    
20160311174148810510371    
20160311174148810510742    
20160311174148810510751    
20160311174148810516121    
20160311174148810516155    
20160311174148810520064    
20160311174148810520072    
20160311174148810520102    
20160311174148810520121    
20160311174148810550022    
20160311174423810110052    
20160311174423810110371    
20160311174423810110541    
20160311174423810110611    
20160311174423810110641    
20160311174423810116121    
20160311174423810116156    
20160311174423810120031    
20160311174423810120063    
20160311174423810120072    
20160311174423810120081    
20160311174423810120102    
20160311174423810120111    
20160311180347801550101    
20160311180347801510525    
20160311180347801516153    
20160311180347801510015    
20160311180347801510031    
20160311180347801510271    
20160311180347801510053    
20160311180347801520031    
20160311180347801520106    
20160311180347801520111    
20160311180347801520068    
20160311180347801520072    
20160311180347801530011    
20160311180347801550011    
201603111809408097100115   
20160311180940809710032    
20160311180940809710525    
20160311180940809716124    
201603111809408097161540   
20160311180940809720082    
201603111809408097201015   
20160311180940809740081    
201603111814248141100110   
20160311181424814110033    
201603111814248141100530   
20160311181424814110071    
20160311181424814110091    
20160311181424814110122    
20160311181424814110151    
201603111814248141102617   
20160311181424814110302    
20160311181424814110401    
20160311181424814110542    
20160311181424814110611    
20160311181424814110642    
20160311181424814110753    
20160311181424814116123    
20160311181424814116141    
201603111814248141161517   
20160311181424814120039    
201603111814248141200615   
201603111814248141200712   
201603111814248141201012   
20160311181424814120116    
20160311181424814130051    
20160311181424814150042    
20160311181424814150093    
20160311181424814150112    
20160311182441812810011    
20160311182441812810021    
20160311182441812820031    
20160311182441812820064    
20160311182441812820072    
20160311182441812820081    
20160311182441812810055    
20160311182441812816157    
20160311182441812820104    
20160311182441812820112    
20160311182700813310013    
20160311182700813310031    
201603111827008133100510   
20160311182700813310302    
20160311182700813310311    
20160311182700813310392    
20160311182700813310522    
20160311182700813310611    
20160311182700813310743    
20160311182700813310751    
20160311182700813316121    
201603111827008133161510   
20160311182700813320033    
20160311182700813320066    
20160311182700813320072    
20160311182700813320081    
20160311182700813320106    
20160311182700813320112    
20160311182700813350091    
20160311182700813350111    
20160311182953814010011    
20160311182953814020032    
20160311182953814020067    
20160311182953814020071    
20160311182953814050022    
20160311182953814010055    
20160311182953814010301    
20160311182953814010311    
20160311182953814010372    
20160311182953814016122    
201603111829538140161510   
20160311182953814010542    
20160311182953814020104    
20160311182953814020112    
20160311182953814020121    
20160311183809814610012    
20160311183809814610031    
20160311183809814620032    
20160311183809814620066    
20160311183809814620071    
20160311183809814620081    
201603111838098146100515   
20160311183809814610301    
20160311183809814616121    
201603111838098146161512   
20160311183809814610542    
20160311183809814610642    
20160311183809814620106    
20160311183809814620112    
20160311183809814620122    
20160311185804806610012    
20160311185804806610056    
20160311185804806610262    
20160311185804806610521    
20160311185804806610681    
20160311185804806616121    
20160311185804806616141    
20160311185804806616153    
20160311185804806620032    
20160311185804806620062    
20160311185804806620071    
20160311185804806620102    
20160311185804806620111    
20160311185804806640073    
20160311185804806640101    
20160311190229807910017    
20160311190229807910021    
20160311190229807910031    
201603111902298079100515   
20160311190229807910091    
20160311190229807910121    
20160311190229807910265    
20160311190229807910303    
20160311190229807910311    
20160311190229807910391    
20160311190229807910522    
20160311190229807910541    
20160311190229807910611    
20160311190229807910641    
20160311190229807910661    
20160311190229807910681    
20160311190229807916121    
201603111902298079161515   
20160311190229807920037    
201603111902298079200615   
20160311190229807920075    
20160311190229807920081    
20160311190229807920108    
20160311190229807920115    
20160311190229807920122    
20160311190229807930012    
20160311190229807940072    
20160311190229807940082    
20160311190229807940091    
20160311190229807950022    
20160311190229807950092    
20160311190229807950102    
20160311190429811410013    
20160311190429811410058    
20160311190429811410521    
20160311190429811410542    
20160311190429811410642    
20160311190429811416121    
20160311190429811416155    
20160311190429811420033    
20160311190429811420066    
20160311190429811420072    
20160311190429811420104    
20160311190429811430012    
20160311191309808110012    
20160311191309808110031    
20160311191309808120034    
20160311191309808120067    
20160311191309808120071    
20160311191309808110053    
20160311191309808110521    
20160311191309808116121    
20160311191309808116158    
20160311191309808110541    
20160311191309808110642    
20160311191309808120104    
20160311191309808120112    
20160311191652811810011    
20160311191652811820065    
20160311191652811830031    
20160311191652811850101    
20160311191652811810055    
20160311191652811810301    
20160311191652811810391    
20160311191652811810521    
20160311191652811816155    
20160311191652811810642    
20160311191652811820105    
20160311191652811820112    
20160311191652811820121    
20160311192715808310011    
20160311192715808310052    
20160311192715808310311    
20160311192715808310371    
20160311192715808310521    
20160311192715808310541    
20160311192715808310631    
20160311192715808310742    
20160311192715808310751    
20160311192715808316121    
20160311192715808316155    
20160311192715808320031    
20160311192715808320065    
20160311192715808320071    
20160311192715808320081    
20160311192715808320103    
20160311192715808330051    
20160311194018814510013    
20160311194018814510263    
20160311194018814520033    
20160311194018814520061    
20160311194018814520071    
20160311194018814510053    
20160311194018814510301    
20160311194018814510371    
20160311194018814510521    
20160311194018814516152    
20160311194018814510541    
20160311194018814510641    
20160311194018814510681    
20160311194018814520103    
20160311194018814520111    
20160311194435812410014    
201603111944358124100514   
20160311194435812410262    
20160311194435812410303    
20160311194435812410312    
20160311194435812410372    
20160311194435812410392    
20160311194435812410524    
20160311194435812410621    
20160311194435812410641    
201603111944358124161514   
20160311194435812420033    
20160311194435812420068    
20160311194435812420106    
20160311194435812420112    
20160311194435812420122    
20160311194435812450101    
20160311194545807510011    
20160311194545807510052    
20160311194545807510372    
20160311194545807510641    
20160311194545807516154    
20160311194545807520063    
20160311194545807520072    
20160311194545807520102    
20160311194545807520111    
20160311194828804610011    
20160311194828804610522    
20160311194828804610642    
20160311194828804616121    
201603111948288046161510   
20160311194828804620032    
201603111948288046200610   
20160311194828804620081    
20160311194828804620106    
20160311195716805816151    
20160311195716805820061    
20160311195716805830015    
