201605012112581371200180   
20160501211258137120062    
20160501211258137120052    
201605012112581371206510   
20160501211258137120071    
2016050121493120692001120  
20160501214931206920062    
20160501214931206920072    
20160501214931206920082    
20160501214931206920322    
201605012149312069206520   
2016050121544220342001200  
20160501215442203420062    
20160501215442203420072    
20160501215442203420082    
20160501215442203420091    
20160501215442203420302    
20160501215442203420321    
20160501215442203420551    
201605012200522024200160   
20160501220052202420061    
20160501220052202420071    
20160501220052202420081    
201605012243462061200160   
20160501224346206120061    
20160501224346206120071    
20160501224346206120091    
20160501224346206120161    
20160501224346206120655    
201605012331032226200120   
20160501233103222620082    
20160501233103222620655    
2016050123482120942001100  
20160501234821209420062    
20160501234821209420072    
20160501234821209420091    
20160501234821209420161    
20160501234821209420321    
201605012348212094206515   
20160501234821209420901    
20160501234821209420911    
20160501234821209420931    
20160501234821209421041    
201605012349412026200140   
201605012350312230200160   
20160501235031223020061    
20160501235031223020071    
20160501235031223020081    
20160501235031223020321    
201605012350312230206515   
201605012351572043200160   
20160501235157204320061    
20160501235157204320071    
20160501235157204320081    
20160501235157204320111    
20160501235157204320321    
201605012351572043206510   
2016050200012720912001120  
20160502000127209120062    
20160502000127209120072    
20160502000127209120083    
20160502000127209120321    
201605020001272091206520   
20160502000127209120901    
20160502000127209121021    
201605020038172051200180   
20160502003817205120051    
20160502003817205120061    
20160502003817205120161    
20160502003817205120323    
201605020038172051206515   
2016050200451621152001100  
20160502004516211520061    
20160502004516211520072    
20160502004516211520311    
20160502004516211520321    
201605020045162115206510   
20160502004516211520931    
201605020058042227200160   
20160502005804222720062    
20160502005804222720071    
20160502005804222720658    
20160502005804222721041    
2016050201325820322001100  
20160502013258203220061    
20160502013258203220071    
20160502013258203220081    
20160502013258203220091    
20160502013258203220111    
20160502013258203220301    
20160502013258203220321    
201605020132582032206510   
20160502013258203221041    
2016050201482813812001120  
20160502014828138120061    
20160502014828138120321    
20160502014828138120072    
201605020148281381206520   
