201611212051291369200140   
20161121205129136920061    
20161121205129136920082    
20161121205129136920655    
201611212105212145200160   
20161121210521214520061    
20161121210521214520653    
20161121210521214520902    
20161121210521214520931    
201611212146551011200160   
20161121214655101120061    
20161121214655101120081    
20161121214655101120091    
20161121214655101120321    
20161121214655101120901    
201611212244241005200140   
20161121224424100520901    
2016112122445121052001100  
20161121224451210520071    
20161121224451210520061    
20161121224451210520083    
20161121224451210520651    
20161121224451210520051    
2016112123022213712001100  
20161121230222137120052    
20161121230222137120062    
20161121230222137120071    
20161121230222137120301    
20161121230222137120321    
20161121230222137120655    
20161121230700210720052    
20161121230700210720655    
20161121230700210720061    
20161121230700210720082    
201611212308301003200160   
20161121230830100320061    
20161121230830100320901    
2016112123093010262001100  
20161121230930102620061    
20161121230930102620321    
20161121230930102620652    
20161121230930102620901    
201611212313491357200180   
20161121231349135720052    
20161121231349135720061    
20161121231349135720081    
20161121231349135720321    
20161121231349135721131    
201611212316411025200160   
20161121231641102520061    
20161121231641102520071    
20161121231641102520081    
20161121231641102520321    
20161121231641102520653    
201611212320561370200160   
20161121232056137020062    
20161121232056137020658    
20161121232056137020931    
20161121232056137020072    
2016112123363520882001140  
20161121233635208820051    
20161121233635208820062    
20161121233635208820072    
20161121233635208820082    
20161121233635208820301    
20161121233635208820322    
20161121233635208820655    
201611212342461367200180   
20161121234246136720061    
20161121234246136720271    
20161121234246136720301    
20161121234246136720652    
201611212346021018200260   
20161121234602101820071    
20161121234602101820301    
20161121234602101820321    
20161121234602101820653    
201611212351191477200160   
20161121235119147720653    
201611212354512086200180   
20161121235451208620052    
20161121235451208620071    
20161121235451208620525    
20161121235451208620931    
2016112200104720312001100  
20161122001047203120062    
20161122001047203120071    
20161122001047203120081    
20161122001047203120201    
20161122001047203120521    
20161122001047203120656    
2016112200361210022001100  
20161122003612100220061    
20161122003612100220321    
20161122003612100220071    
20161122003612100221051    
2016112200584314652001100  
20161122005843146520054    
20161122005843146520921    
201611220205122068200160   
20161122020512206820652    
2016112202074322292001160  
20161122020743222920062    
20161122020743222920081    
20161122020743222920301    
201611220207432229206525   
20161122020743222920911    
201611220245551021200140   
20161122024555102120052    
20161122024555102120061    
20161122024555102120081    
201611220515332147200180   
20161122051533214720061    
20161122051533214720071    
20161122051533214720081    
20161122051533214720321    
20161122051533214720659    
20161122051533214720931    
20161122051533214721021    
