20160318232458105211242    
20160318232458105212022    
20160318232458105212081    
20160318232458105215062    
20160318232458105223654    
20160318232458105223833    
20160318232458105226272    
20160318232458105226571    
20160318232458105226591    
20160318235128106224511    
20160318235128106223661    
20160318235128106226562    
20160318235128106223632    
20160319041219109314141    
20160319041219109314191    
20160319041219109318091    
201603190412191093236518   
20160319041219109323661    
20160319041219109323772    
20160319041219109323831    
20160319041219109326593    
20160319041219109362372    
20160319041219109388961    
20160319041219109389353    
20160319041219109389362    
20160319041219109389461    
20160319041219109390021    
20160319041219109390286    
20160319050250105214081    
