20160528003222105212024    
20160528003222105214081    
20160528003222105214111    
20160528003222105214181    
20160528003222105215063    
20160528003222105223833    
20160528053611109314142    
20160528053611109314181    
20160528053611109314191    
20160528053611109316141    
20160528053611109316191    
20160528053611109323632    
201605280536111093236518   
20160528053611109323772    
20160528053611109388961    
20160528053611109389352    
20160528053611109389363    
20160528053611109390022    
20160528053611109390045    
