201603152324257002500110   
20160315232425700250042    
20160315232425700250052    
20160315232425700250061    
20160315232425700250071    
20160315232425700250133    
20160315232425700250161    
20160315232425700250172    
20160315232425700250221    
20160315232425700250411    
20160315232425700250193    
20160315232425700251053    
20160315233120706851054    
20160315233120706850221    
20160315233120706851091    
20160315233120706850051    
20160315233120706850141    
20160315234434707050017    
20160315234434707050031    
20160315234434707050136    
20160315234434707050141    
20160315234434707050631    
20160315234434707050752    
20160316001816703250221    
20160316001816703251005    
20160316001816703250961    
20160316001816703250741    
20160316001816703251271    
20160316001816703251061    
20160316001816703250343    
201603160018167032500130   
20160316001816703250053    
20160316001816703250044    
20160316001816703251053    
20160316001816703251091    
20160316001816703250211    
20160316001816703250241    
201603160210427009500115   
20160316021042700950051    
20160316021042700950061    
20160316021042700950071    
201603160210427009501330   
20160316021042700950141    
20160316021042700950183    
20160316021042700950221    
20160316021042700950231    
20160316021042700950342    
20160316021042700950682    
20160316021042700950752    
20160316021042700950811    
20160316021042700951052    
201603160217157053500115   
20160316021715705350136    
20160316021715705350182    
20160316021715705350221    
20160316021715705350071    
20160316021715705350391    
20160316021715705350291    
20160316021715705350641    
20160316021715705330543    
201603160350061030316015   
201603160350061030316220   
20160316035006103050773    
20160316035006103030801    
