20160812005038300210172    
20160812005038300210254    
20160812005038300210303    
20160812005038300210421    
20160812005038300210581    
20160812005038300210633    
20160812005038300210661    
20160812005038300215371    
20160812005038300220201    
20160812005038300230013    
20160812005038300230052    
20160812005038300230061    
201608120055503006101210   
20160812005550300610142    
201608120055503006101810   
201608120055503006102560   
201608120055503006102718   
201608120055503006103015   
201608120055503006103210   
20160812005550300610421    
201608120055503006106220   
201608120055503006106310   
20160812005550300610653    
20160812005550300610683    
20160812005550300610841    
20160812005550300610863    
20160812005550300615072    
20160812005550300615111    
20160812005550300615252    
20160812005550300615261    
20160812005550300615331    
20160812005550300615371    
20160812005550300620102    
20160812005550300620113    
201608120055503006202036   
20160812005550300620332    
20160812005550300620403    
20160812005550300625103    
20160812005550300625251    
20160812005550300625261    
20160812005550300625271    
201608120055503006300160   
201608120055503006300310   
201608120055503006300410   
201608120055503006300510   
20160812005550300630063    
20160812005550300630082    
20160812005550300630253    
20160812005550300630271    
201608120055503006303212   
20160812005550300630331    
20160812005550300630352    
20160812005550300630381    
20160812005550300630432    
20160812005550300630455    
20160812005550300630531    
20160812005550300630692    
20160812005550300630893    
20160812005550300630922    
20160812013342300710123    
20160812013342300710173    
20160812013342300710185    
20160812013342300710626    
20160812013342300710661    
20160812013342300710682    
20160812013342300710841    
201608120133423007300110   
20160812013342300730195    
20160812013342300730205    
20160812013342300730351    
20160812013342300730922    
20160812013411300710325    
20160812013411300710345    
20160812013411300710872    
20160812013551300715061    
20160812013551300715071    
20160812013551300715111    
20160812013551300715161    
20160812013551300730071    
20160812013551300730081    
20160812013644300720011    
20160812013644300720022    
20160812013644300725121    
20160812013644300725261    
