20160713194239900110095    
20160713210923310200301    
20160713210923310210098    
20160713210923310210105    
20160713210923310210111    
20160713210923310240021    
20160713210923310240041    
20160713210923310240051    
20160713210923310240061    
20160713210923310250015    
20160713210923310251001    
201607132109233102520210   
20160713210923310260022    
20160713210923310260031    
20160713210923310260054    
20160713210923310280042    
20160713210923310280091    
20160713210923310280141    
20160713225127120500301    
20160713225127120510093    
20160713225127120510102    
20160713225127120550012    
20160713225127120550061    
201607140208241101100910   
20160714020824110110105    
20160714020824110110112    
20160714020824110130021    
20160714020824110140061    
20160714020824110150012    
20160714020824110160081    
20160714020824110180101    
20160714020824110180142    
