201607052128361444100120   
20160705212836144410131    
20160705212836144410181    
20160705212836144410291    
201607052159041614100160   
20160705215904161410132    
20160705215904161410181    
201607052202281734100140   
20160705220228173410051    
20160705220228173410631    
20160705220228173415991    
201607052208280186100120   
20160705220828018610295    
201607052208470170100140   
20160705220847017010061    
20160705220847017010133    
201607052214141944100140   
20160705221414194415995    
201607052233011924100160   
20160705223301192410061    
20160705223301192410111    
20160705223301192410132    
20160705223301192415991    
201607052251531354100140   
20160705225153135410131    
20160705225153135415992    
201607052256230216100140   
201607052303530261100140   
20160705230353026110132    
201607052305050141100120   
20160705231339173410141    
201607052325461634100160   
20160705232546163410132    
20160705232546163410241    
20160705232546163410545    
20160705232546163414094    
201607052332111134100140   
20160705233211113410131    
20160705233211113410571    
20160705233211113410581    
201607052343310156100140   
20160705234331015610111    
20160705234331015610132    
20160705234331015610141    
201607060001040207100160   
20160706000104020710181    
201607060021491494100120   
20160706002149149410071    
20160706002149149410132    
20160706002149149410275    
20160706002149149410292    
20160706002149149410571    
20160706002149149410581    
201607060042460245100160   
20160706004246024510132    
20160706004246024510221    
20160706004246024510401    
20160706004446024510132    
201607060051071334100160   
20160706005107133410411    
20160706005107133410301    
20160706005107133410311    
20160706005107133410133    
20160706005107133410141    
20160706005107133410221    
201607060051071334104210   
201607060100481294100160   
20160706010048129410132    
20160706010048129410425    
20160706010048129410294    
20160706010048129410303    
20160706010048129410313    
20160706010048129410181    
201607060120520244100140   
20160706012052024410071    
20160706012052024410132    
20160706012052024410285    
2016070601295801671001100  
20160706012958016710134    
201607060143501334186950   
201607060144470564100120   
20160706014447056410182    
20160706014447056410141    
20160706014447056410131    
201607060207121364100140   
20160706020712136410131    
20160706020712136410241    
20160706020712136410321    
201607060208270704100180   
20160706020827070410133    
20160706020827070410295    
20160706020827070410111    
20160706020827070410401    
20160706020827070410581    
2016070602102802491001100  
20160706021028024910061    
20160706021028024910131    
20160706021028024910141    
20160706021028024910221    
20160706021028024910251    
20160706021028024913691    
201607060236531094100160   
20160706023653109410061    
20160706023653109410131    
20160706023653109410141    
20160706023653109410171    
20160706023653109410222    
20160706023653109410273    
20160706023653109413392    
201607060240061304100160   
20160706024006130410061    
20160706024006130410133    
20160706024006130410141    
20160706024006130410295    
201607060240061304105230   
201607060240061304186930   
201607060241461384100120   
20160706024146138410241    
20160706024146138410273    
20160706024146138410294    
20160706024146138419992    
201607060242531824100180   
20160706024253182410132    
20160706024253182415991    
201607060249550136100120   
20160706024955013610132    
20160706024955013613392    
201607060252431854100140   
20160706025243185410132    
20160706025243185410301    
20160706025243185410571    
20160706025243185410581    
20160706025243185418291    
201607060304100223100140   
20160706030410022314292    
20160706030410022310061    
20160706030410022313393    
20160706030410022310091    
201607060309330594100180   
2016070603144602301001100  
20160706031446023010061    
20160706031446023010111    
20160706031446023010133    
20160706031446023010141    
201607060314460230102810   
20160706031446023010295    
20160706031446023010302    
20160706031446023013493    
20160706031446023014291    
201607060314460230105210   
20160706031446023010312    
20160706031446023010432    
201607060322321324100180   
20160706032232132410134    
201607060338400211100140   
20160706033840021110132    
20160706033840021110401    
201607060419040201100160   
20160706041904020110061    
20160706041904020110132    
201607060458101604100120   
