20160926164842161810012    
20160926164842161810022    
20160926164842161810341    
20160926173840152210012    
20160926173840152210022    
20160926173840152210341    
20160926182048132710013    
20160926182048132710023    
20160926182048132710341    
20160926211753151210011    
20160926211753151210021    
20160926211753151210341    
20160926211753151210171    
20160926211753151220011    
20160926211753151220071    
20160926212120160510062    
20160926214236130610011    
20160926214236130610021    
20160926214236130610031    
20160926214236130610101    
20160926214236130620011    
20160926220004123010011    
20160926220004123010021    
20160926220004123010101    
20160926220004123010211    
20160926220711162010012    
20160926220711162010022    
20160926220711162010101    
20160926220711162020011    
20160926220711162020081    
20160926220711162050015    
20160926221022160410011    
20160926221022160410021    
20160926221022160410061    
20160926223205132110012    
20160926223205132110022    
20160926223205132110341    
20160926223205132120011    
20160926223205132120151    
20160926223302150110011    
20160926223302150110021    
20160926223302150120071    
20160926223302150120081    
20160926223302150110341    
20160926225754133010011    
20160926225754133010021    
20160926225754133020151    
20160926225754133030011    
20160926230156161410011    
20160926230156161410021    
20160926230226125510011    
20160926230226125510021    
20160926230226125510342    
20160926230746127110011    
20160926230746127110021    
20160926230746127110341    
20160926230905123510011    
20160926230905123510021    
20160926230905123510171    
20160926230905123510181    
20160926231043161110012    
20160926231043161110022    
20160926231043161110031    
20160926231043161150015    
20160926232910127510011    
20160926232910127510021    
20160926232910127510031    
20160926233031162310011    
20160926233031162310021    
20160926233137150610012    
20160926233137150610022    
20160926233137150610101    
20160926235450116510011    
20160926235450116510021    
20160926235450116520151    
20160926235450116520011    
20160926235633125010171    
20160926235807126410012    
20160926235807126410022    
20160926235807126410031    
20160926235807126410211    
20160926235807126410341    
20160926235807126430075    
20160927000316151110012    
20160927000316151110022    
20160927000316151110173    
20160927000316151110183    
20160927000316151110341    
20160927000316151120011    
20160927000316151120071    
20160927000316151120151    
20160927000410125710011    
20160927000410125710021    
20160927000410125720241    
20160927000650131410011    
20160927000650131410021    
20160927001146124710011    
20160927001146124710021    
20160927001146124710211    
20160927001146124730011    
20160927001146124740011    
20160927001537108410172    
20160927001748163810012    
20160927001748163810022    
20160927001748163810031    
20160927001748163810341    
20160927001748163820011    
20160927001748163830011    
20160927002013112910012    
20160927002013112910022    
20160927002013112910342    
20160927002013112920012    
20160927002013112930011    
20160927002013112930131    
20160927002014152410013    
20160927002014152410023    
20160927002014152410071    
20160927002014152410081    
20160927002014152410341    
20160927002014152410172    
20160927002014152420011    
20160927002014152440011    
20160927002847152610341    
20160927002847152610503    
20160927002847152610023    
20160927002914162610011    
20160927002914162610021    
20160927002914162610031    
20160927002914162610192    
20160927002914162610211    
20160927002914162610341    
20160927002914162620202    
20160927004040121010011    
20160927004040121010021    
20160927004040121050043    
20160927004040121030011    
20160927004231121710011    
20160927004231121710021    
20160927004231121710171    
20160927004332129310011    
20160927004332129310021    
20160927004332129310171    
20160927004409104410011    
20160927004409104410021    
20160927004409104410171    
20160927004409104420011    
20160927004514130110012    
20160927004514130110022    
20160927004514130110031    
20160927004514130110101    
20160927004558160810011    
20160927004558160810021    
20160927004558160810173    
20160927004558160830011    
20160927004558160820281    
20160927004852104210011    
20160927004852104210021    
20160927004852104210031    
20160927004852104220081    
20160927005429100910172    
20160927005734129510012    
20160927005734129510022    
20160927005734129510341    
20160927011933161510013    
20160927011933161510023    
20160927011933161510031    
20160927011933161510072    
20160927011933161510081    
20160927011933161510341    
201609270119331615101710   
20160927011933161510182    
20160927011933161520012    
20160927011933161520151    
20160927012525151710011    
20160927012525151710021    
20160927012525151710101    
20160927012525151720011    
20160927012525151710172    
20160927013515129110172    
20160927013759160210013    
20160927013759160210023    
20160927013759160210031    
20160927013759160210341    
20160927014433131310011    
20160927014433131310021    
20160927014433131310192    
20160927014433131310341    
20160927014433131320091    
20160927014502121110011    
20160927014502121110021    
20160927014502121120081    
20160927014502121110171    
20160927015037134510101    
20160927015037134510502    
20160927015037134510022    
20160927015905126510011    
20160927015905126510021    
20160927015905126530011    
20160927020549162510011    
20160927020549162510021    
20160927020549162510171    
20160927020640163310073    
20160927020640163310082    
20160927020640163310171    
20160927020640163310181    
20160927020640163320151    
20160927020640163320201    
20160927020640163320251    
20160927020640163310501    
20160927020640163310021    
20160927020640163310341    
20160927020805150710012    
20160927020805150710022    
20160927021740134010011    
20160927021740134010021    
20160927021740134010172    
20160927021740134010342    
20160927021740134020011    
20160927022723130410011    
20160927022723130410021    
20160927022723130410032    
20160927022723130410171    
20160927023115130210012    
20160927023115130210022    
20160927023115130210101    
20160927023115130210031    
20160927023115130220071    
20160927023115130220151    
20160927023115130230011    
20160927023946152810011    
20160927023946152810021    
20160927023946152810341    
20160927023946152810031    
20160927023946152820011    
20160927024358153110011    
20160927024358153110021    
20160927024358153130011    
20160927024808123710012    
20160927024808123710022    
20160927033211151010012    
20160927033211151010022    
20160927033211151010172    
20160927033211151010341    
20160927033211151020151    
20160927035610161210012    
20160927035610161210022    
20160927035610161210074    
20160927035610161210084    
20160927035610161210174    
20160927035610161210185    
20160927035610161220011    
20160927043350127610011    
20160927043350127610021    
20160927051133127610011    
20160927051133127610021    
