20160803091723200611012    
20160803091723200611021    
20160803134525302111013    
20160803134525302111022    
20160803134525302111131    
20160803134525302112031    
20160803163257102711021    
20160803163257102711031    
20160803163257102711041    
20160803163257102711012    
20160803173513300711022    
20160803173513300711031    
20160803173513300711061    
20160803173513300711013    
20160803182114302411012    
20160803182114302411021    
20160803182917200711011    
20160803182917200711021    
20160803184012200111014    
20160803184012200111023    
20160803184012200112031    
20160803185132100211022    
20160803185132100211012    
20160803190954101211012    
20160803190954101211021    
20160803194720302211021    
20160803194720302211061    
20160803194720302211012    
20160803194720302213121    
20160803195833200611011    
20160803195833200611021    
20160803201729102411022    
20160803201729102411013    
20160803202559201011021    
20160803202559201011011    
20160803203041100511011    
20160803203041100511021    
201608032030411005111110   
20160803205623200411011    
20160803205847301611013    
20160803205847301611032    
20160803210023200511021    
20160803210023200511012    
20160803211232302511022    
20160803211232302511051    
20160803211232302511061    
20160803211232302511013    
20160803211232302512032    
