20160503081537806310013    
20160503081537806310021    
20160503081537806310031    
20160503081537806310058    
20160503081537806310081    
20160503081537806310262    
20160503081537806310302    
20160503081537806310371    
20160503081537806310391    
20160503081537806310541    
20160503081537806310643    
20160503081537806316121    
20160503081537806316155    
20160503081537806320033    
20160503081537806320066    
20160503081537806320073    
20160503081537806320081    
20160503081537806320105    
20160503081537806320112    
20160503081537806320122    
20160503081537806340081    
20160503081537806350091    
20160503140534806110012    
20160503140534806110032    
20160503140534806116123    
201605031405348061161510   
20160503140534806120035    
20160503140534806120064    
201605031405348061201010   
20160503145053814810011    
20160503145053814810071    
20160503145053814810301    
20160503145053814810371    
20160503145053814810551    
20160503145053814810632    
20160503145053814810681    
20160503145053814816121    
20160503145053814816153    
20160503145053814820062    
20160503145053814820071    
20160503145053814820081    
20160503145053814820102    
201605031530118085100510   
20160503153011808510522    
20160503153011808516122    
201605031530118085161510   
20160503153011808520032    
20160503153011808520066    
20160503153011808520072    
20160503153011808520081    
20160503153011808520106    
20160503153011808520111    
20160503154649810610012    
20160503154649810610031    
201605031546498106100512   
20160503154649810610361    
20160503154649810610391    
20160503154649810610522    
20160503154649810616122    
201605031546498106161510   
20160503154649810620066    
20160503154649810620103    
20160503154649810630011    
20160503154649810640071    
20160503154649810650021    
20160503154712806810262    
20160503154712806810522    
20160503154712806810542    
20160503154712806810631    
20160503154712806810681    
20160503154712806810741    
201605031547128068110210   
20160503154712806816153    
20160503154712806820062    
20160503154712806820071    
20160503154752812210012    
20160503154752812210031    
201605031547528122100512   
20160503154752812210261    
20160503154752812210311    
20160503154752812210371    
20160503154752812210391    
20160503154752812216122    
201605031547528122161512   
20160503154752812220033    
20160503154752812220067    
20160503154752812220072    
20160503154752812220081    
20160503154752812220106    
20160503154752812220112    
20160503154752812250091    
20160503154752812250101    
20160503160050802510523    
20160503160050802516121    
20160503160050802516154    
20160503160050802520032    
20160503160050802520062    
20160503160050802520071    
20160503160050802520111    
20160503160050802530011    
20160503160811807810011    
20160503160811807810053    
20160503160811807810201    
20160503160811807810301    
20160503160811807810371    
20160503160811807810521    
20160503160811807816153    
20160503160811807820031    
20160503160811807820062    
20160503160811807820101    
20160503160811807820111    
20160503165117810510011    
20160503165117810510055    
20160503165117810510371    
20160503165117810510641    
20160503165117810510741    
20160503165117810510751    
20160503165117810511011    
20160503165117810511027    
20160503165117810516121    
20160503165117810516155    
20160503165117810520031    
20160503165117810520064    
20160503165117810520071    
20160503165117810520111    
20160503165117810550102    
20160503165645814210012    
20160503165645814210031    
20160503165645814210121    
20160503165645814220032    
20160503165645814220066    
20160503165645814220071    
20160503165645814250092    
20160503165645814250101    
201605031656458142100513   
20160503165645814210304    
20160503165645814210311    
20160503165645814210373    
20160503165645814210392    
20160503165645814210441    
20160503165645814210521    
20160503165645814216157    
20160503165645814220103    
20160503165645814220112    
20160503165645814220121    
20160503170633813410011    
20160503170633813410055    
20160503170633813410361    
20160503170633813410522    
20160503170633813410731    
20160503170633813416121    
20160503170633813416155    
20160503170633813420033    
20160503170633813420064    
20160503170633813420072    
20160503170633813420081    
20160503170633813420105    
20160503170633813420113    
20160503170633813450092    
20160503170633813450102    
20160503171433810810011    
20160503171433810810031    
201605031714338108100510   
20160503171433810810262    
20160503171433810810311    
20160503171433810810371    
20160503171433810810401    
20160503171433810810421    
20160503171433810810521    
20160503171433810810541    
20160503171433810810611    
20160503171433810810634    
20160503171433810810641    
20160503171433810810681    
20160503171433810811011    
201605031714338108110210   
20160503171433810816121    
201605031714338108161513   
20160503171433810820032    
20160503171433810820069    
20160503171433810820073    
20160503171433810820081    
20160503171433810820106    
20160503171433810820112    
20160503171433810820121    
20160503171433810850021    
20160503171433810850101    
20160503172812810710011    
20160503172812810710031    
201605031728128107100510   
20160503172812810710071    
20160503172812810710262    
20160503172812810710522    
20160503172812810710641    
20160503172812810716122    
201605031728128107161515   
20160503172812810720034    
20160503172812810720068    
20160503172812810720073    
20160503172812810720081    
201605031728128107201010   
20160503172812810720112    
20160503172812810720121    
20160503172812810750022    
20160503172812810750091    
20160503172812810750101    
20160503175604800210014    
20160503175604800210021    
20160503175604800220064    
20160503175604800220073    
20160503175604800220106    
20160503175604800220032    
20160503175604800210071    
20160503175604800220081    
20160503175604800210121    
20160503175604800220122    
20160503182519700190013    
20160503182519700190022    
20160503182519700190042    
20160503182519700190061    
20160503182519700190091    
20160503182519700190172    
20160503182519700190303    
20160503182519700190401    
20160503182603700190151    
20160503182930813510052    
20160503182930813510521    
20160503182930813516152    
20160503182930813520031    
20160503182930813520061    
20160503182930813520102    
20160503182930813540081    
20160503184249813310013    
201605031842498133100515   
20160503184249813310161    
20160503184249813310261    
20160503184249813310302    
20160503184249813310312    
20160503184249813310371    
20160503184249813310392    
20160503184249813310522    
20160503184249813310541    
20160503184249813310631    
20160503184249813310641    
20160503184249813310743    
20160503184249813310753    
20160503184249813316121    
20160503184249813316155    
20160503184249813320035    
20160503184249813320065    
20160503184249813320071    
20160503184249813320081    
20160503184249813320106    
20160503184249813320113    
20160503184249813320121    
20160503190048800716151    
20160503190048800710011    
20160503190048800720062    
20160503190048800720072    
20160503190048800720101    
20160503190048800720111    
20160503190048800710052    
20160503190048800710391    
20160503190111811910012    
201605031901118119100510   
20160503190111811910261    
20160503190111811910371    
20160503190111811910391    
20160503190111811910522    
20160503190111811916121    
201605031901118119161510   
20160503190111811920032    
20160503190111811920067    
20160503190111811920074    
20160503190111811920081    
20160503190111811920103    
20160503190111811920112    
20160503190111811920121    
20160503190111811950021    
20160503190111811950101    
20160503191459810310012    
20160503191459810310201    
20160503191459810320031    
20160503191459810320065    
20160503191459810320072    
201605031914598103100510   
20160503191459810316155    
20160503191459810310551    
20160503191459810310661    
20160503191459810320106    
20160503191459810320112    
20160503191459810310742    
20160503191459810310751    
20160503191459806610012    
20160503191459806610055    
20160503191459806610121    
20160503191459806610263    
20160503191459806610304    
20160503191459806610372    
20160503191459806610392    
20160503191459806610522    
20160503191459806616155    
20160503191459806620031    
20160503191459806620065    
20160503191459806620073    
20160503191459806620081    
20160503191459806620102    
20160503191459806620111    
20160503191459806640101    
20160503191459806650091    
20160503192238810910011    
20160503192238810910021    
20160503192238810910056    
20160503192238810910261    
20160503192238810910302    
20160503192238810910371    
20160503192238810910611    
20160503192238810910642    
20160503192238810916153    
20160503192238810920062    
20160503192238810920071    
20160503192238810920081    
20160503195630801810012    
20160503195630801810541    
20160503195630801816122    
201605031956308018161511   
20160503195630801820032    
201605031956308018200610   
20160503195630801820081    
20160503195630801820106    
20160503195630801820121    
20160503200109805510012    
201605032001098055100510   
20160503200109805510262    
20160503200109805510301    
20160503200109805510371    
20160503200109805510391    
20160503200109805510521    
20160503200109805516121    
20160503200109805516158    
20160503200109805520032    
20160503200109805520066    
20160503200109805520073    
20160503200109805520081    
20160503200109805520105    
20160503200109805520122    
20160503200656811610055    
20160503200656811610372    
20160503200656811610521    
20160503200656811616121    
20160503200656811616155    
20160503200656811620065    
20160503200656811620105    
20160503200656811620121    
20160503200656811630011    
20160503200656811640141    
20160503200656811650041    
20160503200656811650101    
20160503200656811660062    
20160503201517812510013    
20160503201517812510021    
20160503201517812520032    
20160503201517812520067    
20160503201517812520072    
20160503201517812550023    
20160503201517812550031    
20160503201517812550092    
20160503201517812550105    
20160503201517812550111    
201605032015178125100510   
20160503201517812510372    
20160503201517812510441    
20160503201517812516156    
20160503201517812520105    
20160503201517812520112    
20160503201517812520122    
20160503201517812510743    
