20161212074010803000034    
20161212074010803000043    
20161212074010803000106    
20161212085129009500107    
20161212085129009500034    
20161212085129009500043    
20161212085129009500074    
20161212093838027700104    
20161212093838027700031    
20161212093838027700042    
20161212093838027700081    
20161212093838027700131    
20161212093838027700061    
20161212093838027700071    
20161212093838027700212    
20161212093838027700221    
20161212093838027700241    
20161212093838027740535    
20161212093838027740211    
201612120938380277405510   
20161212093838027780014    
20161212093838027705021    
20161212093838027705032    
20161212093838027705075    
20161212093838027705081    
20161212093838027705122    
20161212093838027705131    
20161212093838027705151    
20161212093838027705162    
20161212093838027705201    
20161212093838027740021    
20161212093838027740112    
20161212093838027740141    
20161212093838027740391    
20161212100340023700081    
20161212100340023700281    
20161212100340023700591    
20161212100340023705202    
20161212100340023705123    
20161212100340023705031    
20161212100423023700101    
20161212100423023700031    
20161212101607024700104    
20161212101607024700032    
20161212101607024700042    
20161212101607024700201    
20161212101607024740536    
20161212101607024780014    
20161212101607024705152    
20161212101607024705162    
20161212101607024705202    
20161212131113015900103    
20161212131113015900032    
20161212131113015900041    
20161212131113015900071    
20161212140519020700105    
20161212140519020700033    
20161212140519020700042    
20161212140519020700571    
20161212140519020700061    
20161212140519020700211    
20161212140519020700221    
20161212140519020700071    
20161212140519020780011    
20161212140519020780021    
20161212140519020705021    
20161212140519020705041    
20161212140519020705141    
20161212140544019800731    
20161212140544019800037    
20161212140544019800047    
201612121405440198001013   
20161212141051004800103    
20161212141051004800032    
20161212141051004800041    
20161212141051004805043    
20161212141051004805032    
20161212141051004805021    
20161212141156016900104    
20161212141156016900031    
20161212141156016900041    
20161212141156016900072    
20161212141156016940525    
20161212141156016940535    
20161212141156016905075    
20161212141736006600034    
20161212141736006600045    
201612121417360066001011   
20161212141736006600731    
20161212142312007900106    
20161212142312007900034    
20161212142312007900042    
20161212142312007900571    
20161212142312007900081    
20161212142312007900071    
20161212142312007900722    
20161212142312007905011    
20161212142312007905022    
20161212142312007905032    
20161212142312007905151    
20161212142333025800032    
20161212142333025800042    
20161212142333025800201    
20161212142333025800221    
20161212142333025800241    
20161212142333025800301    
20161212142333025800105    
20161212142333025800081    
20161212142333025800281    
20161212142333025805081    
20161212142333025840113    
201612121423330258405210   
20161212142333025800063    
20161212142333025800072    
20161212142523023200108    
20161212142523023200034    
20161212142523023200043    
20161212142523023200572    
20161212142523023200064    
20161212142523023200075    
20161212142523023200201    
20161212142523023200281    
20161212142523023200722    
20161212142523023200772    
201612121425230232800110   
20161212142523023280032    
20161212142523023205035    
20161212142523023205041    
20161212142523023205124    
201612121425230232051510   
20161212142523023205162    
20161212142523023205175    
20161212142556015600107    
20161212142556015600034    
20161212142556015600042    
20161212142556015600571    
20161212142556015600081    
20161212142556015600063    
20161212142556015600072    
20161212142556015600201    
20161212142556015600421    
20161212142556015640535    
20161212142556015605033    
20161212142556015605041    
20161212142556015605124    
20161212142556015605141    
20161212142556015605154    
20161212142556015605163    
20161212142556015605204    
20161212142644025800451    
20161212143031012500101    
20161212143031012500031    
20161212143031012500071    
20161212143031012505022    
20161212143031012505121    
20161212143209005700032    
20161212143209005700042    
20161212143209005700103    
20161212143209005705122    
20161212143209005702031    
20161212143209005780012    
20161212143209005740531    
20161212143209005700071    
20161212143332000300102    
20161212143332000300031    
20161212143332000300041    
20161212143332000300021    
20161212143332000300201    
20161212143332000305123    
20161212143332000305162    
20161212143332000302031    
20161212143332000302021    
20161212143613003200105    
20161212143613003200033    
20161212143613003200042    
20161212143613003200072    
20161212143613003205152    
20161212143613003205174    
20161212143613003205082    
20161212143719002000032    
20161212143719002000041    
20161212143719002000103    
20161212143719002005161    
20161212143719002000071    
20161212144600007600034    
20161212144600007600043    
20161212144600007600107    
20161212144600007600631    
201612121449300248001018   
20161212144930024800039    
20161212144930024800048    
20161212144930024800571    
20161212144930024800081    
20161212144930024800064    
20161212144930024800072    
20161212144930024800721    
20161212144930024805041    
20161212144930024805081    
20161212144930024805145    
201612121449300248051510   
20161212144930024805162    
20161212145447004100104    
20161212145447004100032    
20161212145447004100042    
20161212145447004100061    
20161212145447004100072    
20161212145447004100281    
20161212145447004105031    
20161212145447004105161    
20161212145844003800032    
20161212145844003800041    
20161212145844003800103    
20161212145844003800071    
20161212145844003800421    
20161212145844003840531    
20161212145903023000034    
20161212145903023000043    
20161212145903023000108    
20161212145903023005123    
20161212145903023080014    
20161212145903023080024    
20161212145903023000072    
20161212145903023000401    
20161212145903023005032    
20161212145903023000061    
20161212145903023040535    
20161212145903023005141    
20161212145903023005151    
20161212145903023005172    
20161212145903023005081    
20161212145903023000022    
20161212150008025500101    
20161212150008025500031    
20161212150008025500211    
20161212150008025500221    
20161212150008025580012    
20161212150008025505021    
20161212150008025505031    
20161212150008025505042    
20161212150109022900105    
20161212150109022900033    
20161212150109022900042    
20161212150109022900571    
20161212150109022940553    
20161212150109022905022    
20161212150109022905031    
20161212150109022905073    
20161212150355022905031    
20161212150355022905041    
20161212150355022905142    
20161212150431007200105    
20161212150431007200033    
20161212150431007200042    
20161212150431007200211    
20161212150431007200731    
20161212150605027900103    
20161212150605027900031    
20161212150605027900042    
20161212150605027900571    
20161212150605027900071    
20161212150605027900021    
20161212150605027900221    
20161212150605027900721    
20161212150605027900771    
20161212150605027940523    
20161212150605027940533    
20161212150605027905041    
20161212150605027905121    
20161212150642019300105    
20161212150642019300033    
20161212150642019300042    
20161212150642019300571    
20161212150642019300063    
20161212150642019300073    
20161212150642019300201    
20161212150642019300212    
20161212150642019300221    
20161212150642019300241    
20161212150642019300631    
20161212150642019300721    
20161212150642019305021    
20161212150642019305042    
20161212150642019305141    
20161212150642019305152    
20161212150642019305162    
20161212150642019340112    
201612121506420193405210   
201612121506420193405310   
20161212150642019340211    
20161212150642019340555    
20161212150642019380014    
20161212150713026600102    
20161212150713026600031    
20161212150713026600041    
20161212150713026600201    
20161212150713026680012    
20161212150713026605151    
20161212150713026605161    
20161212150713026605202    
20161212150713026602011    
20161212150713026685001    
201612121509440077001012   
20161212150944007700037    
20161212150944007700044    
20161212150944007700571    
20161212150944007700073    
20161212150944007700212    
20161212150944007705011    
20161212150944007700431    
20161212150944007740523    
20161212150958010700073    
20161212150958010700034    
20161212150958010700044    
20161212150958010700108    
20161212150958010700571    
20161212150958010700591    
20161212151027016100081    
20161212151027016100201    
20161212151027016100211    
20161212151027016100241    
20161212151027016100281    
20161212151027016100401    
20161212151027016100581    
20161212151027016140211    
201612121510270161405510   
20161212151027016105033    
20161212151027016105124    
20161212151027016105162    
20161212151027016105172    
20161212151212008900033    
20161212151212008900043    
20161212151212008900106    
20161212151212008900571    
20161212151212008900081    
20161212151212008900061    
20161212151212008900073    
20161212151212008900731    
20161212151212008940112    
20161212151212008905042    
20161212151212008905155    
20161212151212008905173    
20161212151337021300021    
20161212151337021300201    
20161212151337021300211    
20161212151337021300221    
20161212151337021300571    
20161212151337021300301    
20161212151337021300105    
20161212151337021300081    
20161212151337021305032    
20161212151337021305042    
20161212151337021305081    
20161212151337021305122    
20161212151337021305153    
20161212151337021340112    
20161212151337021305201    
20161212151337021340523    
20161212151337021300062    
20161212151337021300076    
20161212151410016300102    
20161212151410016300031    
20161212151410016300041    
20161212151410016300061    
20161212151410016300073    
20161212151410016300021    
20161212151410016300631    
20161212151410016305031    
20161212151410016305041    
20161212151410016305121    
20161212151410016305141    
20161212151410016305151    
20161212151410016305161    
20161212151410016340535    
20161212151410016380012    
20161212151410016380021    
20161212151410016380031    
20161212151410016305201    
20161212151517026500041    
20161212151517026500281    
20161212151517026505121    
20161212151517026505161    
20161212151517026580012    
20161212151517026500061    
20161212151517026500071    
20161212151840020000102    
20161212151840020000031    
20161212151840020000041    
20161212151840020000061    
20161212151840020000021    
20161212151840020000201    
20161212151840020000241    
20161212151840020000591    
20161212151840020005021    
20161212151840020005141    
20161212151841025100102    
20161212151841025100031    
20161212151841025100041    
20161212151841025100062    
20161212151841025100072    
20161212151841025100201    
20161212151841025100211    
20161212151841025100241    
20161212151841025100281    
20161212151841025100731    
20161212151841025180014    
20161212151841025105021    
20161212151841025105121    
20161212151841025105152    
20161212151841025105162    
20161212151841025140391    
20161212151841025105201    
20161212152007006300033    
20161212152007006300044    
20161212152007006300076    
20161212152007006300107    
20161212152007006300201    
20161212152007006300212    
20161212152007006300231    
20161212152007006300241    
20161212152007006300301    
20161212152007006300421    
20161212152007006300631    
20161212152007006300721    
20161212152007006302011    
20161212152007006302031    
20161212152007006305022    
20161212152007006305034    
20161212152007006305041    
20161212152007006305125    
20161212152007006305143    
20161212152007006305154    
20161212152007006305164    
20161212152007006340212    
20161212152007006340391    
20161212152007006340525    
201612121520070063405310   
20161212152007006380014    
20161212152007006380022    
20161212152007006380041    
20161212152047019300401    
20161212152252002700033    
20161212152252002700043    
20161212152252002700105    
20161212152252002700401    
20161212152255023600071    
20161212152255023600061    
20161212152255023600031    
20161212152255023600041    
20161212152255023600102    
20161212152323011405042    
20161212152323011405141    
20161212152323011400071    
20161212152323011400062    
20161212152323011400032    
20161212152323011400042    
20161212152323011400105    
20161212152335006700031    
20161212152335006700041    
20161212152335006700102    
20161212152420006740535    
20161212152901014400021    
20161212152901014400034    
20161212152901014400043    
20161212152901014400221    
20161212152901014400241    
20161212152901014400422    
20161212152901014400571    
20161212152901014400108    
20161212152901014405021    
20161212152901014405031    
20161212152901014405041    
20161212152901014405151    
20161212152901014405162    
20161212152901014400061    
20161212152901014400071    
20161212152944013100104    
20161212152944013100032    
20161212152944013100042    
20161212152944013100072    
20161212152944013140535    
20161212152944013180011    
20161212152944013105031    
20161212152944013105042    
20161212152944013105142    
20161212152944013105152    
20161212152944013105162    
20161212152944013140111    
20161212153347022100106    
20161212153347022100033    
20161212153347022100043    
20161212153347022140112    
20161212153347022100072    
20161212153347022100062    
20161212153347022100281    
20161212153347022105032    
201612121533580011001011   
20161212153358001100036    
20161212153358001100045    
20161212153358001100072    
201612121533580011405310   
20161212153414024600103    
20161212153414024600033    
20161212153414024600042    
20161212153414024600071    
20161212153414024600201    
20161212153414024605031    
20161212153414024605041    
20161212153414024605124    
20161212153414024605152    
20161212153414024605172    
20161212153414024640391    
20161212153539026100031    
20161212153539026100041    
20161212153539026100721    
20161212153539026100751    
20161212153539026100103    
20161212153539026180022    
20161212153539026100072    
20161212153548020100104    
20161212153548020100032    
20161212153548020100042    
20161212153548020100072    
20161212153548020100241    
20161212153548020140535    
20161212153548020180018    
20161212153548020180024    
20161212153548020105021    
20161212153548020105044    
20161212153548020105082    
20161212153548020140112    
20161212153628003300106    
20161212153628003300033    
20161212153628003300043    
20161212153628003300571    
20161212153628003300072    
20161212153628003300211    
20161212153628003300281    
20161212153628003340171    
20161212153628003305021    
20161212153628003305041    
20161212153628003305172    
20161212153637008700026    
20161212153637008700034    
20161212153637008700043    
20161212153637008700201    
20161212153637008700211    
20161212153637008700241    
20161212153637008700751    
20161212153637008700301    
20161212153637008700107    
20161212153637008700281    
20161212153637008705031    
20161212153637008705041    
20161212153637008705122    
20161212153637008705141    
20161212153637008705152    
20161212153637008705162    
20161212153637008740141    
20161212153637008740171    
20161212153637008740555    
20161212153637008780014    
20161212153637008780024    
20161212153637008700061    
20161212153637008700076    
20161212153637008740391    
20161212153729010800105    
20161212153729010800032    
20161212153729010800042    
20161212153729010800221    
20161212153729010800072    
20161212153729010880015    
20161212153729010800571    
20161212153729010840525    
20161212153729010800021    
20161212153729010880021    
20161212153947025500101    
20161212153947025500041    
20161212154010026800102    
20161212154010026800031    
20161212154010026800041    
20161212154055022700102    
20161212154055022700031    
20161212154055022700041    
20161212154055022700201    
20161212154055022700211    
20161212154055022740523    
20161212154055022705021    
20161212154305023900103    
20161212154305023900032    
20161212154305023900042    
20161212154305023900571    
20161212154305023905042    
20161212154305023905123    
20161212154548006200102    
20161212154548006200032    
20161212154548006205023    
20161212154705022300101    
20161212154705022300031    
20161212154705022300571    
20161212154705022380014    
20161212154705022305021    
20161212154705022305171    
20161212154705022305153    
20161212154705022340112    
20161212154705022340391    
20161212154810022400105    
20161212154810022400033    
20161212154810022400042    
20161212154810022400072    
20161212154810022480014    
20161212154810022480024    
20161212155105027100032    
20161212155105027100041    
20161212155105027100104    
20161212155105027100063    
20161212155105027105035    
20161212155250026900103    
20161212155250026900032    
20161212155250026900041    
20161212155250026900072    
20161212155250026900062    
20161212155250026902011    
20161212155250026985002    
20161212155250026900131    
20161212155250026900211    
20161212155250026900221    
20161212155250026900751    
20161212155250026940535    
20161212155250026940552    
20161212155250026980012    
20161212155250026980022    
20161212155250026905021    
20161212155250026905131    
20161212155250026905152    
20161212155250026940112    
20161212155250026940131    
20161212155252018900021    
20161212155252018900032    
20161212155252018900041    
20161212155252018900211    
20161212155252018900103    
20161212155252018905021    
20161212155252018905122    
20161212155252018905141    
20161212155252018940112    
20161212155632013000105    
20161212155632013000033    
20161212155632013000042    
20161212155709013300103    
20161212155709013300032    
20161212155709013300041    
