20160217182439700560858    
20160217182439700580022    
20160217182439700580044    
20160217182439700580231    
20160217214855504860041    
20160217214855504860513    
20160217214855504860721    
20160217214855504861003    
201602172306031241010140   
20160217230603124101071    
20160217230603124103062    
20160217230603124103072    
20160217230603124102131    
20160217230603124102222    
20160217230603124102192    
20160217230603124102532    
201602172351191212010110   
20160217235119121201071    
20160217235119121201131    
20160217235119121201141    
20160217235119121203061    
201602172351191212021110   
20160217235119121202525    
201602180003131205010130   
20160218000313120501061    
20160218000313120501131    
20160218000313120501191    
20160218000313120501443    
20160218000313120502115    
20160218000313120502523    
20160218000313120503011    
20160218000313120503081    
20160218000313120560852    
20160218000313120560981    
201602180044541296010125   
20160218004454129601354    
20160218004454129602611    
20160218004454129602831    
20160218004454129603071    
201602180046561302010110   
20160218004656130201051    
20160218004656130202281    
20160218004656130201485    
20160218004656130202831    
201602180048501305010150   
20160218004850130501051    
20160218004850130501071    
20160218004850130501081    
20160218004850130503081    
20160218004850130501485    
20160218004850130502831    
20160218010237126201144    
20160218010237126201192    
20160218010237126202072    
20160218010237126203082    
201602180211351267010128   
20160218021135126701051    
20160218021135126701081    
20160218021135126701132    
20160218021135126702071    
201602180211351267021130   
20160218021135126703011    
20160218021135126703061    
20160218021135126703082    
20160218021135126713051    
20160218021135126713081    
20160218021135126760011    
201602180220321263010120   
20160218022032126301141    
20160218022032126301443    
20160218022032126302115    
20160218022032126303011    
20160218022032126303081    
201602180241591271010125   
20160218024159127101081    
20160218024159127102071    
20160218024159127102524    
20160218024159127103011    
20160218024159127160011    
201602180319561237010150   
20160218031956123701041    
20160218031956123701121    
20160218031956123701131    
20160218031956123701141    
20160218031956123702071    
20160218031956123703012    
20160218031956123703072    
20160218031956123703082    
201602180319561237021118   
20160218031956123702131    
20160218031956123702192    
20160218031956123702203    
20160218031956123713112    
20160218031956123703131    
20160218031956123703175    
20160218031956123702321    
20160218031956123701343    
20160218031956123760981    
20160218031956123701444    
20160218031956123702523    
20160218031956123701472    
20160218031956123702531    
