20161209205153005700105    
20161209205153005700113    
201612092051530057005815   
20161209205153005700711    
20161209205153005702181    
20161209205153005706013    
20161210002904040000142    
20161210002904040000353    
201612100029040400005870   
20161210002904040000712    
20161210002904040000981    
201612100029040400010615   
20161210002904040001115    
20161210002904040002181    
201612100036160695001120   
20161210003616069500132    
20161210003616069500143    
20161210003616069500585    
20161210003616069500921    
20161210003616069501111    
20161210003616069502182    
201612100036160695060115   
201612100042561223001120   
20161210004256122300073    
20161210004256122306014    
20161210004256122301065    
20161210004256122300131    
20161210004256122300142    
20161210004256122300358    
20161210004256122300622    
20161210004256122300941    
201612100131440051000440   
20161210013144005101071    
20161210013144005102183    
201612100131440051060130   
201612100131440051007540   
20161210013555135803175    
20161210015844135400041    
201612100158441354001110   
20161210015844135406292    
201612100209150630000410   
20161210020915063000291    
20161210020915063000101    
2016121007091300800004100  
20161210070913008000711    
20161210070913008001118    
20161210071122140100774    
201612100711221401008030   
2016121007112214010124180  
20161210071122140103184    
201612100713052001001120   
20161210071305200100145    
20161210071305200100585    
20161210071305200101095    
20161210071305200102181    
20161210071305200106015    
201612100713530024000425   
20161210071353002400103    
20161210071353002400761    
20161210071353002400931    
20161210071353002401111    
20161210071353002406015    
20161210071353002406221    
20161210071353002406241    
20161210071552200200142    
201612100715522002005835   
20161210071552200200625    
20161210071552200200712    
201612100715522002010610   
20161210071552200201072    
20161210071552200201111    
201612100716550058008810   
20161210071755001600186    
20161210071755001600774    
2016121007175500160079120  
201612100717550016008020   
201612100717550016012510   
