201606082330010123110210   
20160608233001012311052    
20160608233001012314011    
20160608233001012321071    
20160608233001012321101    
20160608233001012317031    
201606090038550156110210   
20160609003855015611062    
201606090047320088110120   
20160609004732008811051    
20160609004732008813011    
20160609004732008815122    
20160609004732008815131    
20160609004732008812141    
20160609004732008815042    
201606090105340345110220   
20160609010534034511052    
20160609010534034511063    
201606090106080322110310   
20160609010608032211053    
20160609010608032217291    
201606090107430343110210   
201606090107430343110310   
20160609010743034311071    
20160609010743034312132    
20160609010743034317351    
20160609010743034317421    
201606090107560065110110   
20160609010756006511051    
201606090121410341110210   
20160609012141034111054    
20160609012141034111062    
20160609012141034115121    
20160609012141034119201    
201606090124510303110210   
201606090126480011110110   
20160609012648001112121    
201606090126480011121310   
201606090132330055110110   
20160609013233005513011    
201606090142180010110210   
20160609014218001011052    
20160609014218001011063    
20160609015048032915012    
20160609015048032915042    
20160609015048032915021    
20160609015048032919301    
201606090155360069110310   
20160609015536006911052    
20160609015536006911062    
20160609015536006914011    
201606090204140150110120   
20160609020414015021071    
20160609020414015017471    
20160609020414015019221    
20160609020414015011052    
20160609020414015015132    
20160609020414015015122    
201606090207320327110210   
20160609020732032711052    
20160609020732032713011    
20160609020732032715042    
20160609020732032715131    
20160609020732032717291    
20160609020732032717471    
201606090208230237110310   
201606090208230237110210   
20160609020823023711053    
20160609020823023718011    
20160609020823023712134    
20160609020823023713011    
201606090218250242110230   
20160609021825024211054    
20160609021825024213012    
20160609021825024221101    
20160609021825024219201    
20160609021825024216081    
20160609023214034515062    
201606090242140076110210   
20160609024214007617431    
20160609024214007612133    
201606090308050279110310   
201606090323080222110210   
20160609032308022213011    
20160609032308022211052    
201606090335520181110210   
20160609033552018111063    
20160609033552018115051    
20160609033552018116031    
201606090351270073110210   
20160609035127007311065    
20160609035127007313011    
201606090353090185110210   
20160609035309018512132    
20160609035309018511051    
20160609035309018518031    
20160609035309018516042    
