20160505111849814810014    
20160505111849814810031    
201605051118498148100515   
20160505111849814810101    
20160505111849814810121    
20160505111849814810264    
20160505111849814810301    
20160505111849814810371    
20160505111849814810391    
20160505111849814810441    
20160505111849814810542    
20160505111849814810641    
20160505111849814810745    
20160505111849814810754    
20160505111849814811011    
20160505111849814811027    
20160505111849814816121    
201605051118498148161513   
20160505111849814820035    
20160505111849814820068    
20160505111849814820074    
20160505111849814820107    
20160505111849814820114    
20160505111849814820123    
20160505111849814850021    
20160505111849814850091    
20160505111849814850101    
20160505111849814850111    
20160505114644812110011    
201605051146448121100510   
20160505114644812110121    
20160505114644812110302    
20160505114644812110311    
20160505114644812110371    
20160505114644812110541    
20160505114644812110631    
20160505114644812110641    
20160505114644812116122    
20160505114644812116158    
20160505114644812120031    
20160505114644812120063    
20160505114644812120071    
20160505114644812120081    
20160505114644812120103    
20160505114644812160011    
20160505115322806110011    
20160505115322806110032    
20160505115322806116155    
20160505115322806120063    
20160505115322806120124    
20160505115322806150015    
20160505115322806150025    
20160505141001807810011    
20160505141001807810055    
20160505141001807810261    
20160505141001807810302    
20160505141001807810311    
20160505141001807810371    
20160505141001807810641    
20160505141001807816121    
20160505141001807816158    
20160505141001807820032    
20160505141001807820063    
20160505141001807820072    
20160505141001807820104    
20160505141001807820111    
20160505141001807820121    
20160505141001807840071    
20160505141001807840091    
20160505141001807850021    
20160505141001807850091    
20160505141001807850101    
20160505151051801910012    
20160505151051801910031    
20160505151051801910055    
20160505151051801910121    
20160505151051801910312    
20160505151051801910391    
20160505151051801910522    
20160505151051801910742    
20160505151051801916154    
20160505151051801920033    
20160505151051801920041    
20160505151051801920065    
20160505151051801920081    
20160505151051801920104    
20160505151051801920111    
20160505151051801920121    
20160505151051801940051    
20160505153230815010011    
20160505153230815010056    
20160505153230815010262    
20160505153230815010304    
20160505153230815010311    
20160505153230815010542    
20160505153230815010744    
20160505153230815011011    
20160505153230815011025    
20160505153230815016121    
201605051532308150161510   
20160505153230815020034    
20160505153230815020064    
20160505153230815020072    
20160505153230815020081    
20160505153230815020107    
20160505153230815020112    
20160505153230815050091    
20160505153230815050101    
20160505154640814210015    
20160505154640814210031    
20160505154640814220035    
201605051546408142200611   
20160505154640814220073    
20160505154640814220081    
20160505154640814250111    
201605051546408142100519   
20160505154640814210304    
20160505154640814210312    
20160505154640814210373    
20160505154640814210391    
20160505154640814210521    
20160505154640814216121    
201605051546408142161512   
20160505154640814210551    
20160505154640814210631    
20160505154640814210681    
20160505154640814220109    
20160505154640814220113    
20160505154640814210731    
20160505154640814220122    
20160505161502810610012    
20160505161502810610031    
201605051615028106100515   
20160505161502810610523    
20160505161502810616121    
201605051615028106161513   
20160505161502810620068    
20160505161502810620081    
20160505161502810620107    
20160505161502810650021    
20160505161502810650101    
20160505161626812210013    
201605051616268122100510   
20160505161626812210262    
20160505161626812210391    
20160505161626812210521    
20160505161626812210641    
20160505161626812216122    
201605051616268122161517   
20160505161626812220032    
201605051616268122200610   
20160505161626812220074    
201605051616268122201010   
20160505161626812220112    
20160505161626812250091    
20160505161626812250181    
20160505161857814910013    
20160505161857814910021    
20160505161857814910058    
20160505161857814910262    
20160505161857814910303    
20160505161857814910312    
20160505161857814910373    
20160505161857814910543    
20160505161857814910632    
20160505161857814910681    
20160505161857814910743    
20160505161857814916121    
20160505161857814916157    
20160505161857814920032    
20160505161857814920063    
20160505161857814920073    
20160505161857814920081    
20160505161857814920103    
20160505161857814920112    
20160505161857814950025    
20160505163114815410015    
20160505163114815410031    
201605051631148154100515   
20160505163114815410071    
20160505163114815410091    
20160505163114815410101    
20160505163114815410111    
20160505163114815410122    
20160505163114815410151    
20160505163114815410161    
20160505163114815410201    
20160505163114815410263    
20160505163114815410305    
20160505163114815410313    
20160505163114815410374    
20160505163114815410395    
20160505163114815410401    
20160505163114815410411    
20160505163114815410421    
20160505163114815410441    
20160505163114815410525    
20160505163114815410542    
20160505163114815410551    
20160505163114815410611    
20160505163114815410632    
20160505163114815410645    
20160505163114815410682    
20160505163114815410691    
20160505163114815410741    
20160505163114815410751    
20160505163114815411012    
201605051631148154110230   
20160505163114815411031    
201605051631148154161515   
20160505163114815420033    
201605051631148154200615   
20160505163114815420075    
20160505163114815420081    
20160505163114815420109    
20160505163114815420113    
20160505163114815420121    
20160505163114815430012    
20160505163114815430023    
20160505163114815430041    
20160505163114815430051    
20160505163114815440051    
20160505163114815440071    
20160505163114815440101    
20160505163114815440141    
20160505163114815450012    
20160505163114815450025    
20160505163114815450031    
20160505163114815450041    
20160505163114815450061    
20160505163114815450095    
20160505163114815450105    
20160505163114815450112    
20160505163114815450161    
20160505164850805510013    
20160505164850805510031    
201605051648508055100515   
20160505164850805510262    
20160505164850805510302    
20160505164850805510311    
20160505164850805510391    
20160505164850805510522    
20160505164850805510551    
20160505164850805510631    
20160505164850805516121    
201605051648508055161512   
20160505164850805520034    
20160505164850805520069    
20160505164850805520074    
20160505164850805520081    
20160505164850805520108    
20160505164850805520123    
20160505164850805550011    
20160505164850805550021    
20160505164850805550091    
20160505164850805550101    
20160505170044808510013    
20160505170044808510031    
20160505170044808510056    
20160505170044808510522    
20160505170044808516122    
201605051700448085161511   
20160505170044808520033    
20160505170044808520064    
20160505170044808520073    
20160505170044808520081    
201605051700448085201010   
20160505170044808520113    
20160505173502810710015    
20160505173502810710031    
201605051735028107100520   
20160505173502810710121    
20160505173502810710264    
20160505173502810710302    
20160505173502810710311    
20160505173502810710391    
20160505173502810710523    
20160505173502810710551    
20160505173502810710631    
20160505173502810710642    
20160505173502810716123    
201605051735028107161525   
20160505173502810720032    
201605051735028107200615   
20160505173502810720077    
20160505173502810720082    
201605051735028107201010   
20160505173502810720113    
20160505173502810720122    
20160505173502810750021    
20160505173502810750091    
20160505173502810750101    
20160505174435806310013    
20160505174435806310031    
20160505174435806310058    
20160505174435806310263    
20160505174435806310641    
20160505174435806310691    
20160505174435806316157    
20160505174435806320033    
20160505174435806320066    
20160505174435806320073    
20160505174435806320081    
20160505174435806320105    
20160505174435806320112    
20160505174435806320121    
20160505174435806350022    
20160505174435806350091    
20160505174435806350111    
20160505175034804810011    
20160505175034804810031    
20160505175034804810052    
20160505175034804810311    
20160505175034804816152    
20160505175034804820061    
20160505175034804820071    
20160505175034804820081    
20160505175034804820102    
20160505175034804820111    
20160505175034804840141    
20160505175034804850091    
20160505175034804850101    
20160505175904808010013    
20160505175904808010021    
20160505175904808010031    
201605051759048080100515   
20160505175904808010262    
20160505175904808010301    
20160505175904808010311    
20160505175904808010391    
20160505175904808010521    
20160505175904808010743    
20160505175904808010751    
20160505175904808016121    
201605051759048080161513   
20160505175904808020033    
20160505175904808020065    
20160505175904808020073    
20160505175904808020081    
20160505175904808020106    
20160505175904808020112    
20160505175904808050091    
20160505180251805910261    
20160505180251805910371    
20160505180251805910642    
20160505180251805910691    
20160505180251805916121    
20160505180251805916152    
20160505180251805920062    
20160505180251805920071    
20160505180251805950101    
20160505180436811910014    
20160505180436811910031    
201605051804368119100514   
20160505180436811910071    
20160505180436811910261    
20160505180436811910311    
20160505180436811910541    
20160505180436811910731    
20160505180436811916122    
201605051804368119161513   
20160505180436811920032    
201605051804368119200611   
20160505180436811920074    
20160505180436811920081    
20160505180436811920108    
20160505180436811920112    
20160505180436811920121    
20160505180436811950021    
20160505180436811950091    
20160505180819813010015    
201605051808198130100515   
20160505180819813010121    
20160505180819813010263    
20160505180819813010302    
20160505180819813010311    
20160505180819813010371    
20160505180819813010391    
20160505180819813010523    
20160505180819813010641    
20160505180819813010731    
20160505180819813016122    
201605051808198130161513   
20160505180819813020035    
201605051808198130200612   
20160505180819813020073    
20160505180819813020081    
201605051808198130201012   
20160505180819813020114    
20160505180819813020125    
20160505180819813050091    
20160505180819813050101    
20160505181801813410012    
20160505181801813410057    
20160505181801813410262    
20160505181801813410392    
20160505181801813416154    
20160505181801813420063    
20160505181801813420071    
20160505181801813440141    
20160505182235700190015    
20160505182235700190026    
20160505182235700190043    
20160505182235700190062    
20160505182235700190093    
20160505182235700190111    
20160505182235700190122    
20160505182235700190134    
20160505182235700190161    
20160505182235700190174    
20160505182235700190211    
20160505182235700190371    
20160505182235700190402    
20160505182235700190491    
20160505182235700190501    
20160505185928810810011    
20160505185928810810055    
20160505185928810810262    
20160505185928810810301    
20160505185928810810371    
20160505185928810810391    
20160505185928810810521    
20160505185928810810542    
20160505185928810810551    
20160505185928810810632    
20160505185928810810681    
20160505185928810811011    
20160505185928810816121    
201605051859288108161510   
20160505185928810820031    
20160505185928810820064    
20160505185928810820073    
20160505185928810820103    
20160505185928810820111    
20160505185928810850021    
20160505185928810850181    
20160505191105813510052    
20160505191105813510681    
20160505191105813516152    
20160505191105813520061    
20160505191105813520081    
20160505191408811610013    
201605051914088116100515   
20160505191408811610071    
20160505191408811610374    
20160505191408811610394    
20160505191408811610411    
20160505191408811610521    
20160505191408811616122    
201605051914088116161515   
20160505191408811620035    
201605051914088116200610   
20160505191408811620081    
201605051914088116201010   
20160505191408811620115    
20160505191408811620121    
20160505191408811650011    
20160505191408811650021    
20160505191408811650091    
20160505191408811650101    
20160505193138810910012    
20160505193138810910055    
20160505193138810910261    
20160505193138810910302    
20160505193138810910311    
20160505193138810910542    
20160505193138810910743    
20160505193138810910752    
20160505193138810916158    
20160505193138810920032    
20160505193138810920064    
20160505193138810920072    
20160505193138810920103    
20160505193138810940051    
20160505194218812510012    
20160505194218812520032    
20160505194218812520063    
20160505194218812520073    
20160505194218812510055    
20160505194218812516121    
20160505194218812516154    
20160505194218812520105    
20160505194218812520112    
20160505194218812520122    
20160505194218812510742    
20160505194218812510752    
20160505195327801810015    
20160505195327801810021    
20160505195327801810522    
20160505195327801810541    
20160505195327801810642    
20160505195327801816122    
201605051953278018161516   
20160505195327801820034    
201605051953278018200613   
20160505195327801820081    
201605051953278018201012   
201605051959238002100112   
20160505195923800220032    
201605051959238002200611   
20160505195923800220075    
20160505195923800220081    
201605051959238002201011   
20160505195923800220124    
20160505195923800230013    
20160505195923800250072    
20160505200249810310012    
20160505200249810310031    
20160505200249810320032    
201605052002498103200610   
20160505200249810320076    
20160505200249810320081    
20160505200249810350022    
20160505200249810330011    
201605052002498103100515   
20160505200249810310311    
20160505200249810310521    
20160505200249810316157    
20160505200249810320105    
20160505200249810320111    
20160505200249810320123    
20160505200249810311024    
20160505200249810310743    
20160505200249810310753    
20160505201833813120065    
