201609072028562145200180   
20160907202856214520061    
20160907202856214520071    
20160907202856214520322    
20160907202856214520902    
2016090721314321052001120  
20160907213143210520322    
20160907213143210520655    
20160907213143210520061    
20160907213143210520071    
20160907213143210520901    
20160907213143210520051    
2016090722440710112001100  
20160907224407101120055    
20160907224407101120062    
20160907224407101120072    
20160907224407101120082    
20160907224407101120322    
20160907224407101120901    
201609072252081005200140   
20160907225208100520061    
20160907225208100520653    
201609072255281369200180   
20160907225528136920071    
20160907225528136920321    
20160907225528136920655    
20160907225528136920901    
20160907225528136920921    
20160907225528136920931    
201609072309051003200140   
20160907230905100320655    
20160907230905100320321    
20160907230905100320901    
20160907231325100320061    
201609072320521371200160   
20160907232052137120062    
20160907232052137120071    
20160907232052137120301    
20160907232052137120321    
20160907232052137120911    
20160907232052137121051    
201609072321381018200260   
20160907232138101820071    
20160907232138101820081    
20160907232138101820656    
201609072324032031200160   
20160907232403203120051    
20160907232403203120061    
20160907232403203120071    
20160907232403203120901    
201609072332591015200140   
20160907233259101520061    
20160907233259101520321    
2016090723352121242001100  
20160907233521212420062    
20160907233521212420071    
20160907233521212420301    
20160907233521212420311    
20160907233521212420321    
20160907233521212420655    
20160907233521212421051    
201609072346452107200160   
20160907234645210720053    
20160907234645210720061    
20160907234645210720322    
20160907234645210720551    
201609072348431370200120   
20160907234843137020051    
20160907234843137020901    
2016090723501420232001120  
20160907235014202320062    
20160907235014202320072    
20160907235014202320091    
201609072350142023206510   
2016090723540820512001100  
20160907235408205120062    
20160907235408205120551    
201609072354082051206535   
2016090723552220862001120  
20160907235522208620052    
20160907235522208620062    
20160907235522208620072    
20160907235522208620081    
20160907235522208620321    
20160907235522208620525    
201609072355222086206515   
201609080000301477200180   
20160908000030147720062    
20160908000030147720073    
20160908000030147720091    
20160908000030147720301    
20160908000030147720654    
201609080006551025200140   
20160908000655102520081    
20160908000655102520321    
20160908000655102521021    
2016090800130510222001140  
20160908001305102220061    
20160908001305102220071    
20160908001305102220311    
20160908001305102220321    
201609080013051022206510   
201609080032282227200180   
20160908003228222720061    
20160908003228222720081    
20160908003228222720321    
20160908003228222720551    
20160908003228222720071    
20160908003228222720655    
20160908003228222720911    
2016090800515710262001100  
20160908005157102620061    
20160908005157102620081    
20160908005157102620201    
20160908005157102621041    
20160908005157102621132    
2016090801170110022001100  
20160908011701100220061    
20160908011701100220321    
20160908011701100220071    
20160908011701100220656    
201609080156371367200160   
20160908015637136720061    
20160908015637136720301    
20160908015637136720071    
2016090802153722292001120  
20160908021537222920061    
20160908021537222920301    
20160908021537222920071    
20160908021537222920659    
20160908021624222920201    
2016090802283120292001140  
20160908022831202920053    
20160908022831202920061    
20160908022831202920071    
20160908022831202920082    
20160908022831202920321    
20160908022831202920653    
2016090802545813572001160  
20160908025458135720052    
20160908025458135720062    
20160908025458135720072    
20160908025458135720082    
20160908025458135720301    
20160908025458135720311    
20160908025458135720322    
20160908025458135720611    
20160908025458135720654    
20160908025458135720901    
201609080305201021200160   
20160908030520102120061    
20160908030520102120653    
201609080611412147200540   
20160908061141214720061    
20160908061141214720551    
20160908061141214720653    
