20160902182418339023011    
20160902182418339011271    
20160902182418339011331    
20160902182418339011422    
20160902182418339011611    
20160902182418339011621    
20160902182418339011141    
20160902182418339010111    
20160902182418339010421    
20160902182418339010461    
20160902182418339010031    
20160902182418339010561    
20160902182418339010741    
20160902182418339010323    
20160902182418339010391    
20160902182418339025071    
20160902182418339010211    
20160902182418339011163    
20160902184510123410583    
20160902184510123410603    
20160902184510123410643    
20160902184510123410651    
20160902184510123411021    
201609021845101234221810   
20160902184510123411336    
20160902184510123422521    
20160902184510123422971    
20160902184510123411615    
20160902184510123411622    
20160902184510123411836    
20160902184510123411841    
20160902184510123420741    
20160902184510123411971    
20160902184510123425095    
20160902184510123425081    
20160902184510123411403    
20160902184510123420711    
20160902184510123411191    
20160902184510123411142    
20160902184510123411351    
20160902184510123411425    
20160902184510123410273    
20160902184510123410281    
20160902184510123410091    
20160902184510123410101    
20160902184510123410312    
20160902203015395911333    
201609022030153959114210   
20160902203015395911611    
20160902203015395911651    
20160902203015395911641    
20160902203015395911832    
20160902203015395911841    
20160902203015395911961    
20160902203015395912021    
20160902203015395910272    
20160902203015395910281    
20160902203015395910311    
20160902203015395910325    
20160902203015395910391    
20160902203015395910425    
20160902203015395910585    
201609022030153959103310   
20160902203015395910901    
20160902203015395910681    
20160902203015395910741    
20160902203015395910592    
20160902203015395911121    
20160902203015395910821    
20160902203015395910291    
20160902203015395925091    
