20160603170956171410134    
20160603170956171415991    
20160603170956171413395    
20160603170956171410305    
20160603170956171410315    
201606031709561714102910   
2016060317095617141001100  
20160603170956171410111    
20160603170956171410101    
20160603170956171410061    
20160603170956171410181    
201606031925271354100180   
20160603192527135410061    
20160603192527135410133    
20160603192527135410171    
20160603192527135413395    
20160603192527135410573    
201606031931370245100180   
20160603193137024510132    
20160603193137024510221    
2016060320021002011001120  
20160603200210020110063    
20160603200210020110101    
20160603200210020110111    
20160603200210020110132    
201606032044530170100160   
20160603204453017010134    
20160603204453017010061    
201606032045121604100160   
201606032049401374100180   
20160603204940137410133    
20160603204940137410294    
20160603204940137413392    
20160603204940137413492    
201606032105200209100180   
20160603210520020910134    
201606032105200209102910   
20160603210520020915991    
20160603210520020910612    
