20160229085846129710012    
20160229085846129710022    
20160229085846129710341    
20160229085846129740011    
20160229125557135810011    
20160229125557135810021    
20160229125557135810341    
20160229125557135820012    
20160229125557135820081    
20160229125557135820151    
20160229125557135830131    
20160229130352139410012    
20160229130352139420011    
20160229130352139410341    
20160229160053113010013    
20160229160053113010023    
20160229160053113010342    
20160229160053113020012    
20160229160053113050031    
20160229172215130810173    
20160229172954137710011    
20160229172954137720011    
20160229192139126810024    
20160229192139126810014    
20160229192139126810102    
20160229192139126820081    
20160229192139126820012    
20160229192139126820151    
20160229192139126830011    
20160229192922139010011    
20160229192922139010172    
20160229201803102710011    
20160229201803102710021    
20160229201803102710341    
20160229201840136610011    
20160229201840136610341    
20160229201840136620011    
20160229203703109610011    
20160229203703109610021    
20160229203703109610341    
20160229204104112310011    
20160229204104112310021    
20160229204259136110011    
20160229204259136110021    
20160229204259136120011    
20160229210006137610011    
20160229210006137610021    
20160229210006137610171    
20160229210006137610341    
20160229210006137650011    
20160229210359108610012    
20160229210359108610022    
20160229210359108630011    
20160229210359108610341    
20160229215152109410012    
20160229215152109410022    
20160229215152109410341    
20160229215152109420011    
20160229215152109430011    
20160229215152109420111    
20160229215152109450012    
20160229221534139110012    
20160229221534139110031    
20160229221534139110341    
20160229224310135410341    
20160229224310135420251    
20160229225000101910011    
20160229225254111310013    
20160229225254111310023    
20160229225254111310031    
20160229225254111310342    
20160229225254111320011    
20160229225428106610502    
20160229225428106610022    
20160229225428106610031    
20160229225428106610341    
20160229230615136710011    
20160229230615136710021    
20160229230615136710031    
20160229230615136710341    
20160229230859109810502    
20160229230859109810022    
20160229230859109810341    
20160229233123102510011    
20160229233123102510021    
20160229233123102510171    
20160229233123102520141    
20160229233437136510012    
20160229233437136510022    
20160229233437136510031    
20160229233437136530011    
20160229233437136520141    
20160229234100128110012    
20160229234100128110022    
20160229234100128110101    
20160229234100128130011    
20160229234204102010011    
20160229234204102010021    
20160229234204102010101    
20160229234204102010182    
20160229234204102020071    
20160229234511129210011    
20160229234511129210021    
20160229234624135010011    
20160229234624135010021    
20160229234624135010341    
20160229234624135010171    
20160229235039101810012    
20160229235039101810022    
20160229235039101810341    
20160229235622131110012    
20160229235622131110022    
20160229235622131110341    
20160229235622131130011    
20160229235809137210071    
20160229235809137210341    
20160229235949133610012    
20160229235949133610022    
20160229235949133610031    
20160229235949133620071    
20160229235949133610062    
20160229235949133610341    
20160301000752137410012    
20160301000905136810012    
20160301000905136810342    
20160301000905136820151    
20160301000905136820071    
20160301000905136850015    
20160301000946133810012    
20160301000946133810022    
20160301001306113210062    
20160301001306113210171    
20160301001648135710011    
20160301001648135710021    
20160301001648135720011    
20160301001648135730011    
20160301001914138210012    
20160301001914138210022    
20160301001914138210031    
20160301001914138210101    
20160301002253138610011    
20160301002619136410012    
20160301002619136410022    
20160301002619136410342    
20160301002619136420151    
20160301002619136410173    
20160301002826130810012    
20160301002826130810022    
20160301002826130820081    
20160301002913118410011    
20160301002913118410021    
20160301002913118410341    
20160301002930103410012    
20160301002930103410022    
20160301002930103410101    
20160301003039124510013    
20160301003039124510023    
20160301003039124510172    
20160301003039124510343    
20160301003039124520011    
20160301003039124520151    
20160301003039124530011    
20160301003339116810013    
20160301003339116810023    
20160301003339116810032    
20160301003339116810062    
20160301003339116810072    
20160301003339116810173    
20160301003339116810221    
20160301003339116810342    
20160301003339116820071    
20160301003339116820111    
20160301003339116820151    
20160301003339116820251    
20160301003339116830012    
20160301003339116850015    
20160301003821103210012    
20160301003821103210342    
20160301003821103240011    
20160301003821103220151    
20160301004339111110011    
20160301004339111110021    
20160301004339111120241    
20160301004339111130011    
20160301004339111110175    
20160301004339111110181    
20160301004405104710013    
20160301004405104720011    
20160301004702131510012    
20160301004702131510172    
20160301004702131510341    
20160301004702131520011    
20160301004702131520151    
20160301005544111210011    
20160301005544111210021    
20160301005544111210101    
20160301005835100210012    
20160301005835100210033    
20160301010141134210012    
20160301010141134210022    
20160301010141134250013    
20160301010853139210011    
20160301010853139210021    
20160301010853139220011    
20160301010853139230131    
20160301011227126110013    
20160301011227126110023    
20160301011227126110341    
20160301011227126120011    
20160301011849135210011    
20160301011849135210021    
20160301011849135220011    
20160301011849135230011    
20160301011849135220151    
20160301013611134710013    
20160301013611134710023    
20160301013611134730012    
20160301013611134720151    
20160301013611134710342    
20160301013924101220011    
20160301013924101210341    
20160301013924101220151    
20160301014949137510011    
20160301014949137510021    
20160301014949137510341    
20160301014949137510031    
20160301014949137520011    
20160301014949137520151    
20160301014949137520071    
20160301020244134010011    
20160301020244134010021    
20160301020244134010041    
20160301020244134010173    
20160301020244134020011    
20160301020247120610011    
20160301020247120650045    
20160301020247120620241    
20160301021851121610011    
20160301021851121610021    
20160301021851121610101    
20160301021851121620011    
20160301021851121620111    
20160301021851121620151    
20160301021851121630011    
20160301022158117210012    
20160301022158117210101    
20160301024428135610042    
20160301024428135610013    
20160301024428135610023    
20160301024428135610031    
20160301024428135620012    
20160301024428135620202    
20160301024950105410011    
20160301024950105420011    
20160301024950105420071    
20160301024950105410341    
20160301025528111710012    
20160301025528111710022    
20160301025528111710066    
20160301025528111710101    
20160301025528111720011    
