20160801083722027700104    
20160801083722027700032    
20160801083722027700042    
20160801083722027700081    
20160801083722027700062    
20160801083722027700211    
20160801083722027740535    
20160801083722027740201    
20160801083722027740211    
20160801083722027780014    
20160801083722027705022    
20160801090815009500107    
20160801090815009500034    
20160801090815009500043    
20160801090815009500062    
20160801095853802000106    
20160801095853802000033    
20160801095853802000043    
20160801095853802000571    
20160801095853802000241    
20160801095853802000202    
20160801100554802000581    
20160801100554802000591    
20160801100554802005122    
201608011044497996000730   
201608011044497996990118   
20160801104527799500401    
201608011045277995990118   
201608011045277995990218   
20160801104819801900104    
20160801104819801900032    
20160801104819801900041    
20160801104819801900081    
20160801104819801900061    
20160801104819801900202    
20160801104819801900242    
20160801104819801900591    
20160801104819801900401    
20160801104819801940211    
201608011048198019405510   
20160801104819801905034    
20160801104819801905044    
20160801104819801905123    
20160801104819801905154    
20160801111402802200101    
20160801111402802200031    
20160801111402802200571    
20160801111402802200081    
20160801111402802200061    
20160801111402802200201    
20160801111402802200731    
20160801111402802240523    
20160801111402802240212    
20160801111402802205042    
20160801111402802205079    
20160801111402802205132    
20160801111402802240121    
201608011202587997000736   
20160801120258799700401    
20160801120258799700451    
201608011202587997990172   
201608011202587997990248   
20160801123910024700102    
20160801123910024700031    
20160801123910024700041    
20160801123910024740535    
20160801123910024740212    
20160801123910024780014    
20160801130425800000403    
20160801130425800000452    
201608011304258000990124   
201608011304258000990224   
20160801134312027900104    
20160801134312027900032    
20160801134312027900042    
20160801134312027900571    
20160801134312027900061    
20160801134312027900072    
20160801134312027900201    
20160801134312027900281    
20160801134312027900241    
20160801134312027980014    
20160801134312027940211    
201608011343120279405520   
20160801134312027905032    
20160801134312027905133    
20160801134312027905141    
20160801134456007200106    
20160801134456007200034    
20160801134456007200042    
20160801134456007200211    
20160801134553800300201    
20160801134553800300631    
20160801134553800300281    
20160801134553800305022    
20160801134553800305032    
20160801134553800305043    
20160801134553800340213    
201608011345538003990112   
20160801134553800399026    
20160801134911004800105    
20160801134911004800033    
20160801134911004800042    
20160801134911004840021    
20160801134911004805042    
20160801134911004840211    
20160801134911004805021    
20160801134911004805131    
20160801134911004805076    
20160801134911004880031    
201608011351158013001040   
201608011351158013000317   
201608011351158013000415   
20160801135115801300062    
20160801135115801300401    
20160801135115801300581    
20160801135115801300591    
20160801135115801305082    
20160801135316801800103    
20160801135316801800032    
20160801135316801800041    
20160801135316801800061    
20160801135316801800071    
20160801135316801800021    
20160801135316801800201    
20160801135316801800221    
20160801135316801800251    
20160801135316801840211    
20160801135316801805021    
20160801135316801805042    
20160801135316801805121    
20160801135316801805141    
20160801135815801400031    
20160801135815801400041    
20160801135815801400202    
20160801135815801400231    
20160801135815801400581    
20160801135815801400102    
20160801135815801405042    
201608011358158014050714   
20160801135815801405122    
20160801135815801405132    
20160801135815801405151    
20160801135815801440212    
20160801135815801480031    
20160801135815801400061    
20160801135815801400072    
20160801135818013400106    
20160801135818013400033    
20160801135818013400042    
20160801135818013400061    
20160801135818013400751    
20160801135818013400021    
20160801135818013400201    
20160801135818013400211    
20160801135818013400721    
20160801135818013440213    
20160801135818013405042    
20160801135818013405123    
20160801135818013405132    
20160801135818013405142    
20160801140042800000033    
20160801140042800000044    
20160801140042800000065    
20160801140042800000075    
20160801140042800000081    
20160801140042800000108    
20160801140042800000222    
20160801140042800000241    
20160801140042800000283    
20160801140042800000302    
20160801140042800000573    
20160801140042800000722    
20160801140042800000771    
201608011400428000050412   
201608011400428000050710   
20160801140042800005131    
20160801140042800040131    
20160801140042800040171    
20160801140042800040217    
20160801140042800040221    
201608011400428000405218   
201608011400428000405345   
201608011400428000405545   
20160801140042800085006    
201608011400428000990113   
201608011400428000990212   
20160801140544006600035    
20160801140544006600044    
20160801140544006600109    
20160801140544006600401    
20160801140544006600731    
201608011405440066004912   
20160801140753799800076    
20160801140753799800283    
20160801140753799800571    
20160801140753799800727    
20160801140753799805038    
20160801140753799805153    
20160801140753799840011    
201608011407537998990122   
201608011407537998990212   
201608011409320198000310   
20160801140932019800048    
201608011409320198001018   
20160801140932019800451    
20160801140932019800731    
20160801140932019800441    
20160801141724800000021    
20160801141724800000033    
20160801141724800000042    
201608011417248000000710   
20160801141724800000082    
20160801141724800000103    
20160801141724800000221    
20160801141724800000242    
20160801141724800000281    
20160801141724800000573    
20160801141724800000721    
20160801141724800000752    
20160801141724800005021    
20160801141724800005031    
20160801141724800005043    
201608011417248000050715   
20160801141724800005124    
20160801141724800005133    
20160801141724800005141    
20160801141724800040023    
20160801141724800040111    
20160801141724800040171    
20160801141724800040201    
20160801141724800040212    
20160801141724800040221    
20160801141724800040391    
201608011417248000405312   
201608011417248000405520   
20160801141724800080031    
20160801141724800085003    
20160801141752801500033    
20160801141752801500042    
20160801141752801500221    
20160801141752801500251    
20160801141752801500105    
20160801141752801505043    
20160801141752801505141    
20160801141752801540021    
20160801141752801500071    
20160801141752801540391    
20160801141921020700107    
20160801141921020700034    
20160801141921020700043    
20160801141921020700071    
20160801141921020700221    
20160801141921020700241    
20160801141921020700301    
20160801141921020740535    
20160801141921020740523    
20160801141921020740212    
201608011419210207405520   
20160801141921020780011    
20160801141921020780021    
20160801141921020705021    
20160801141921020705041    
201608011419210207050710   
20160801141921020705132    
20160801141921020740112    
20160801142555003800032    
20160801142555003800042    
20160801142555003800104    
20160801142555003800062    
201608011425550038405510   
201608011425550038050710   
20160801142555003800241    
20160801142621005700031    
20160801142621005700041    
20160801142621005700103    
20160801142621005705121    
20160801142621005700061    
20160801142621005700071    
20160801142621005740555    
20160801142621005705074    
20160801142626002700571    
20160801142626002700072    
20160801142626002700031    
20160801142626002700041    
20160801142626002700101    
20160801142626002705202    
20160801142942801600033    
20160801142942801600042    
20160801142942801600202    
20160801142942801600211    
20160801142942801600221    
20160801142942801600231    
20160801142942801600241    
20160801142942801600571    
20160801142942801600631    
20160801142942801600301    
20160801142942801600105    
20160801142942801600081    
20160801142942801600131    
20160801142942801605034    
20160801142942801605044    
201608011429428016050730   
20160801142942801605081    
20160801142942801605122    
20160801142942801605133    
20160801142942801605154    
20160801142942801600061    
20160801142942801600072    
20160801142942801640391    
20160801143232006300021    
20160801143232006300035    
20160801143232006300043    
20160801143232006300067    
20160801143232006300076    
20160801143232006300108    
20160801143232006300213    
20160801143232006300221    
20160801143232006300581    
20160801143232006300591    
20160801143232006300721    
20160801143232006300751    
20160801143232006300771    
20160801143232006305022    
20160801143232006305034    
20160801143232006305125    
20160801143232006305132    
20160801143232006305152    
20160801143232006340114    
20160801143232006340213    
20160801143232006340391    
201608011432320063405540   
20160801143232006380018    
20160801143232006380024    
20160801143709000300107    
20160801143709000300034    
20160801143709000300043    
20160801143709000300071    
20160801143709000300201    
20160801143709000340525    
201608011437090003050710   
20160801143709000305124    
20160801143709000305132    
20160801144355802300106    
20160801144355802300033    
20160801144355802300043    
20160801144355802300571    
20160801144355802300071    
20160801144355802300212    
20160801144355802300231    
20160801144355802300251    
201608011443558023405215   
201608011443558023405315   
20160801144355802340213    
20160801144355802380031    
20160801144355802305011    
20160801144355802305023    
20160801144355802305032    
20160801144355802305043    
201608011443558023050720   
20160801144355802305122    
20160801144355802305134    
20160801144355802305155    
20160801144355802305202    
20160801144355802340113    
20160801144355802340131    
20160801144355802340141    
20160801144355802340392    
20160801144507801700022    
20160801144507801700034    
20160801144507801700043    
20160801144507801700202    
20160801144507801700212    
20160801144507801700221    
20160801144507801700242    
20160801144507801700571    
20160801144507801700581    
20160801144507801700591    
20160801144507801700722    
20160801144507801700752    
20160801144507801700301    
20160801144507801700107    
20160801144507801705011    
20160801144507801705022    
20160801144507801705038    
20160801144507801705043    
201608011445078017050730   
20160801144507801705124    
20160801144507801705134    
20160801144507801705141    
20160801144507801705152    
20160801144507801780032    
20160801144507801700061    
20160801144507801700071    
20160801144507801740391    
20160801145339800099016    
20160801145339800099026    
20160801145427003200072    
201608011454270032050710   
20160801145620010905022    
20160801145620010900032    
20160801145620010900042    
20160801145620010900104    
20160801145640007900104    
20160801145640007900032    
20160801145640007900042    
20160801145640007900061    
20160801145640007900071    
20160801145640007905024    
20160801145640007905032    
20160801145640007905151    
20160801145729007900441    
20160801150138026500021    
20160801150138026500031    
20160801150138026500041    
20160801150138026500102    
20160801150138026500281    
20160801150138026580012    
20160801150138026500061    
20160801150138026500071    
20160801150149800000021    
20160801150149800000032    
20160801150149800000041    
20160801150149800000065    
20160801150149800000075    
20160801150149800000104    
20160801150149800000751    
20160801150230026100071    
20160801150230026100061    
20160801150230026100281    
20160801150441023200106    
20160801150441023200033    
20160801150441023200043    
20160801150441023200062    
20160801150441023200075    
20160801150441023200721    
20160801150441023280016    
20160801150441023205032    
20160801150441023205041    
20160801150441023205123    
20160801150513008900033    
20160801150513008900041    
20160801150513008900104    
20160801150513008900061    
20160801150513008900072    
20160801150513008900211    
20160801150513008905022    
20160801150513008905032    
20160801150513008905043    
201608011505130089050715   
20160801150513008905133    
201608011505450248001015   
20160801150545024800038    
20160801150545024800047    
20160801150545024800572    
20160801150545024800081    
20160801150545024800065    
20160801150545024800072    
20160801150545024800202    
20160801150545024800241    
20160801150545024800631    
20160801150545024800401    
20160801150545024805041    
201608011505450248050715   
20160801150545024805133    
20160801150545024805143    
20160801150545024840171    
20160801150548802100021    
20160801150548802100032    
20160801150548802100041    
20160801150548802100201    
20160801150548802100211    
20160801150548802100242    
20160801150548802100251    
20160801150548802100721    
20160801150548802100104    
20160801150548802105042    
20160801150548802105123    
20160801150548802140112    
20160801150548802105202    
20160801150548802140212    
20160801150548802100061    
20160801150627016300102    
20160801150627016300031    
20160801150627016300041    
20160801150627016300071    
20160801150627016305022    
20160801150627016305041    
201608011506270163050720   
20160801150627016305121    
20160801150627016305132    
20160801150627016340131    
20160801150627016340211    
201608011506270163405510   
20160801150627016380013    
20160801150627016305201    
20160801150638025800033    
20160801150638025800042    
20160801150638025800202    
20160801150638025800231    
20160801150638025800242    
20160801150638025800571    
20160801150638025800301    
20160801150638025800105    
20160801150638025840113    
20160801150638025840525    
20160801150638025800074    
20160801151014802500032    
20160801151014802500042    
20160801151014802500572    
20160801151014802500104    
20160801151014802505021    
20160801151014802505032    
20160801151014802505121    
20160801151014802500072    
20160801151225012500102    
20160801151225012500031    
20160801151225012500281    
20160801151225012540213    
20160801151225012505122    
20160801151257016900103    
20160801151257016900032    
20160801151257016900041    
20160801151257016900061    
20160801151257016900072    
20160801151257016900721    
20160801151257016940525    
20160801151257016940535    
20160801151257016940211    
201608011512570169405510   
201608011512570169050710   
20160801151257016940111    
20160801151351025500102    
20160801151351025500031    
20160801151351025500041    
20160801151351025580013    
20160801151351025505042    
201608011513510255050710   
20160801151351025505201    
20160801152012013900102    
20160801152012013900031    
20160801152012013900041    
20160801152012013905042    
20160801152012013905021    
20160801152012013900062    
20160801152012013900071    
20160801152012013900571    
20160801152012013905153    
20160801152012013905081    
20160801152012013980013    
20160801152012013980021    
20160801152012013905132    
20160801152038024600104    
20160801152038024600033    
20160801152038024600061    
20160801152038024600021    
20160801152038024600201    
20160801152038024600241    
20160801152038024605031    
20160801152038024605041    
20160801152038024605123    
20160801152038024605151    
20160801152038024640391    
20160801152101013940211    
20160801152101013905141    
20160801152114002005131    
20160801152114002005075    
20160801152114002000031    
20160801152114002000041    
20160801152114002000102    
20160801152114002080024    
20160801152114002000071    
20160801152238026600102    
20160801152238026600031    
20160801152238026600041    
20160801152238026600571    
20160801152238026600061    
20160801152238026600071    
20160801152238026600731    
20160801152238026640211    
20160801152238026640555    
20160801152238026680013    
20160801152238026680041    
20160801152238026605021    
20160801152238026605031    
20160801152238026605041    
20160801152238026605202    
20160801152250026105021    
20160801152250026100211    
20160801152254027600032    
20160801152254027600041    
20160801152254027600103    
20160801152254027605042    
201608011522540276050710   
20160801152254027605123    
20160801152254027605152    
20160801152254027640212    
20160801152254027640525    
201608011522540276405520   
20160801152254027680031    
20160801152658025540211    
20160801152846018900031    
20160801152846018900041    
20160801152846018900201    
20160801152846018900102    
20160801152846018905011    
201608011528460189050710   
20160801152846018905122    
20160801152846018905131    
20160801152846018905141    
20160801152846018940112    
20160801152846018940212    
20160801152846018940555    
20160801152846018980024    
201608011530040236050710   
20160801153004023605133    
20160801153004023600061    
20160801153004023600571    
20160801153004023600071    
20160801153026021300202    
20160801153026021300212    
20160801153026021300221    
20160801153026021300242    
20160801153026021300401    
20160801153026021300571    
20160801153026021300081    
20160801153026021305022    
20160801153026021305032    
20160801153026021305042    
201608011530260213050710   
20160801153026021305081    
20160801153026021305121    
20160801153026021305151    
20160801153026021340022    
20160801153026021340114    
20160801153026021305201    
20160801153026021340212    
201608011530260213405510   
20160801153026021300062    
20160801153026021300076    
20160801153026021340391    
201608011530350077001010   
20160801153035007700035    
20160801153035007700043    
20160801153035007700571    
20160801153035007700062    
20160801153035007700072    
20160801153035007700211    
20160801153035007700401    
201608011530350077050710   
20160801153132022100105    
20160801153132022100032    
20160801153132022100042    
20160801153132022140212    
20160801153132022105031    
20160801153132022100061    
20160801153132022100241    
20160801153132022105075    
20160801153207800000073    
20160801153207800000573    
20160801153234800000031    
20160801153307009305204    
20160801153307009300076    
20160801153307009300066    
20160801153307009305126    
20160801153307009300206    
20160801153307009300212    
20160801153307009300246    
20160801153307009305026    
20160801153307009340396    
201608011533070093402110   
2016080115330700934055100  
201608011533070093050410   
20160801153335008700108    
20160801153335008700035    
20160801153335008700043    
20160801153335008700571    
20160801153335008700063    
20160801153335008700021    
20160801153335008700201    
20160801153335008700212    
20160801153335008700231    
20160801153335008700241    
20160801153335008700301    
20160801153335008700401    
20160801153335008740212    
201608011533350087405520   
20160801153335008780024    
20160801153335008705042    
201608011533350087050720   
20160801153335008705134    
20160801153335008705151    
20160801153335008700221    
20160801153349015900104    
20160801153349015900032    
20160801153349015900042    
20160801153424015600108    
20160801153424015600034    
20160801153424015600043    
20160801153424015600062    
20160801153424015600072    
20160801153424015600201    
20160801153424015600211    
20160801153424015600241    
20160801153424015600751    
20160801153424015640523    
20160801153424015640211    
20160801153424015640555    
20160801153424015605042    
201608011534240156050710   
20160801153424015605081    
20160801153424015605123    
20160801153424015605133    
20160801153424015605141    
20160801153424015605202    
20160801153510020100103    
20160801153510020100031    
20160801153510020100042    
20160801153510020100571    
20160801153510020100062    
20160801153510020100072    
20160801153510020140535    
20160801153510020140212    
201608011535100201405510   
20160801153510020105042    
201608011535100201050710   
20160801153524016100201    
20160801153524016100752    
20160801153524016140213    
20160801153524016140533    
20160801153524016180024    
20160801153524016105042    
20160801153524016105123    
20160801153602023000034    
20160801153602023000043    
20160801153602023005122    
20160801153602023000107    
20160801153602023080014    
20160801153602023000072    
20160801153602023000571    
20160801153602023005151    
20160801153602023000731    
20160801153602023005032    
20160801153602023000061    
20160801153602023005021    
20160801153602023040523    
20160801153602023040535    
20160801153602023005131    
20160801153602023005075    
20160801153602023005042    
20160801153602023005081    
20160801153602023040221    
20160801153602023000221    
20160801153602023000301    
20160801153602023000022    
20160801153602023080024    
20160801153653001100107    
20160801153653001100033    
20160801153653001100044    
20160801153653001100073    
20160801153653001140525    
20160801153653001140535    
20160801153653001140021    
20160801153653001140212    
201608011536530011405510   
20160801153742027100042    
20160801153742027100033    
20160801153742027100106    
20160801153742027100074    
20160801153742027100572    
20160801153907006200104    
20160801153907006200032    
20160801153907006200041    
20160801153907006205026    
20160801153907006200631    
20160801153907006280041    
20160801154041010800103    
20160801154041010800032    
20160801154041010840535    
20160801154041010805132    
20160801154041010805075    
20160801154046006705041    
20160801154046006740211    
20160801154046006780012    
20160801154046006780022    
20160801154046006740525    
20160801154111013100032    
20160801154111013100042    
20160801154111013100103    
20160801154111013100202    
20160801154111013100211    
20160801154111013100221    
20160801154111013100242    
20160801154111013140211    
20160801154111013180014    
20160801154111013105021    
20160801154111013105031    
20160801154111013105043    
201608011541110131050715   
20160801154111013105133    
20160801154206007600032    
20160801154206007600041    
20160801154206007600103    
20160801154206007640211    
20160801154206007605041    
20160801154206007600071    
20160801154206007600061    
20160801154206007605075    
20160801154206007680021    
20160801154225026900031    
20160801154225026900041    
20160801154225026900102    
20160801154225026900062    
20160801154225026900073    
20160801154225026900211    
20160801154225026900241    
20160801154225026900631    
20160801154225026900581    
20160801154225026905021    
20160801154225026905075    
201608011543258000050710   
20160801154325800005132    
20160801154348008700031    
20160801154349026800106    
20160801154349026800033    
20160801154349026800043    
20160801154349026800401    
20160801154402022900102    
20160801154402022900031    
20160801154402022900041    
20160801154402022900061    
20160801154402022900591    
20160801154402022940201    
20160801154402022940213    
201608011544020229405520   
20160801154402022905021    
20160801154402022905151    
20160801154404013100062    
201608011544110107001011   
20160801154411010700035    
20160801154411010700044    
20160801154411010700073    
20160801154411010700401    
20160801154411010700451    
20160801154445022400102    
20160801154445022400031    
20160801154445022400041    
20160801154445022405022    
20160801154445022405032    
20160801154445022480014    
20160801154823023900102    
20160801154823023900031    
20160801154823023900041    
20160801154823023900071    
20160801154823023900201    
20160801154823023905022    
20160801154823023905033    
20160801154823023905042    
20160801154823023905122    
20160801154852014400035    
20160801154852014400043    
20160801154852014400108    
20160801154852014405032    
20160801154852014405075    
20160801154852014405131    
20160801155116019600021    
20160801155116019600032    
20160801155116019600041    
20160801155116019600211    
20160801155116019600421    
20160801155116019600731    
20160801155116019600301    
20160801155116019600081    
20160801155116019605041    
201608011551160196050710   
20160801155116019605132    
20160801155116019640141    
20160801155116019640523    
20160801155116019640533    
20160801155116019600062    
20160801155116019600071    
20160801155121022700103    
20160801155121022700031    
20160801155121022700041    
20160801155121022700571    
20160801155121022700071    
20160801155121022700021    
20160801155121022700211    
20160801155121022700771    
20160801155121022705021    
20160801155121022705031    
20160801155121022705075    
20160801155121022705131    
20160801155121022705141    
20160801155121022740391    
20160801155121022740533    
20160801155121022740201    
20160801155121022740212    
201608011551210227405520   
20160801155230011405043    
20160801155230011400062    
20160801155230011440212    
20160801155230011440525    
201608011552300114050720   
20160801155230011400032    
20160801155230011400041    
20160801155230011400103    
20160801155336019300104    
20160801155336019300032    
20160801155336019300042    
20160801155336019300201    
20160801155336019300212    
20160801155336019300241    
20160801155336019300401    
20160801155336019300451    
20160801155336019305011    
20160801155336019305022    
20160801155336019305032    
20160801155336019305042    
20160801155336019305075    
20160801155336019305131    
20160801155336019305141    
20160801155336019340111    
20160801155336019340171    
20160801155336019340535    
20160801155336019340211    
20160801155336019340221    
201608011553360193405510   
20160801155336019380014    
20160801155347013000103    
20160801155347013000032    
20160801155347013000041    
20160801155347013000201    
20160801155347013000211    
20160801155347013000281    
20160801155347013005021    
20160801155347013005132    
201608011553470130050712   
20160801155347013000073    
20160801155347013000451    
20160801155434022300031    
20160801155434022305121    
20160801155434022380012    
20160801155434022300251    
20160801155434022300281    
20160801155434022300721    
20160801155434022305041    
20160801155434022305076    
20160801155434022305131    
20160801155434022340021    
20160801155520020000105    
20160801155520020000033    
20160801155520020000042    
20160801155520020000072    
20160801155520020000201    
20160801155520020000211    
20160801155520020000221    
20160801155520020000241    
20160801155520020000281    
20160801155520020000721    
20160801155520020040211    
201608011555200200405510   
20160801155520020005042    
201608011555200200050710   
20160801155520020005132    
20160801155625800005154    
20160801155929013300104    
20160801155929013300033    
20160801155929013300041    
20160801155929013300571    
20160801155929013300075    
20160801155929013300063    
201608011559290133050730   
