20161127203326508310015    
20161127203326508320071    
20161127203326508320281    
20161127210525603920061    
20161127210525603920071    
20161127210525603920372    
20161127233708602410012    
20161127235236609410013    
20161127235236609420061    
20161127235236609420071    
20161127235236609420301    
20161127235236609420681    
20161127235236609440241    
20161128001543500610012    
20161128001543500620062    
20161128001543500620072    
20161128003637400710012    
20161128003637400720151    
201611280101426062100110   
20161128010142606220041    
20161128010142606220062    
20161128010142606220074    
20161128010142606220151    
20161128010142606220301    
20161128014605605610012    
20161128023449301710013    
20161128023449301720062    
20161128023449301720071    
