2016052016412002011001140  
201605201641200201101310   
20160520164120020110141    
20160520164120020110171    
20160520173746171415991    
20160520173746171410134    
20160520173746171410572    
20160520173746171410581    
20160520173746171410305    
20160520173746171410314    
20160520173746171410295    
20160520173746171413395    
2016052017374617141001120  
20160520173746171410101    
201605201952171604100160   
2016052020054202451001100  
20160520200542024510054    
20160520200542024510221    
201605202020511614100180   
20160520202051161410102    
20160520202051161410134    
20160520202051161410293    
201605202037201374100180   
20160520203720137410136    
20160520203720137410502    
20160520203720137413395    
20160520203720137413492    
201605202045430165100140   
201605202051200156100180   
201605202055450209100160   
20160520205545020910101    
20160520205545020910133    
20160520205545020910181    
201605202055450209102915   
201605202105191394100120   
201605202105520170100140   
20160520210552017010132    
