20161120005413300210661    
20161120005413300210861    
20161120005413300210901    
20161120005413300215421    
20161120005413300220011    
20161120005413300220311    
20161120005413300220321    
20161120231130300710123    
20161120231130300710172    
20161120231130300710271    
201611202311303007103010   
20161120231130300710626    
20161120231130300710861    
20161120231130300730055    
20161120231130300730195    
20161120231130300730205    
20161120231130300730351    
20161120231201300715211    
20161120233113300610492    
20161120233113300610681    
20161120233113300610862    
20161120233113300615071    
20161120233113300615261    
201611202331133006202012   
20161120233113300620262    
20161120233113300625251    
20161120233113300625261    
20161120233113300625271    
20161120233113300630033    
20161120233113300630112    
20161120233113300630271    
20161120233113300630571    
20161120234823300810174    
20161120234823300810255    
20161120234823300810271    
20161120234823300810304    
201611202348233008103410   
20161120234823300810625    
20161120234823300815261    
20161120234823300815351    
20161120234823300820201    
201611202348233008300110   
20161120234823300830057    
20161120234823300830111    
20161120234823300830393    
20161121011218301210305    
20161121011218301210861    
20161121011218301215261    
20161121011218301220221    
20161121011218301220461    
20161121011218301225251    
20161121011218301230081    
20161121011218301230112    
20161121011218301230691    
201611210112183012307010   
20161121011218301230921    
20161121012758300625241    
