20160205175324102010011    
20160205175324102010023    
20160205175324102010033    
20160205175324102010043    
20160205175324102010051    
20160205175324102010061    
20160205175324102010071    
20160205175324102010137    
201602051753241020101810   
20160205175324102010203    
20160205175324102020001    
20160205175324102030045    
20160205175324102030071    
20160205175324102040031    
20160205175324102040191    
20160205175324102041036    
20160205175324102041041    
20160205181807201410021    
201602051818072014100320   
20160205181807201410041    
20160205181807201410061    
20160205181807201410091    
20160205181807201410132    
20160205181807201410185    
20160205181807201410201    
20160205181807201410222    
20160205181807201420062    
20160205181807201420073    
20160205181807201420082    
20160205181807201430042    
201602051818072014310320   
20160205181807201440015    
20160205181807201440022    
20160205181807201440032    
20160205181807201440191    
20160205181807201441035    
20160205181807201441041    
20160205181807201441051    
20160205181807201441061    
20160205182421203410011    
20160205182421203410023    
20160205182421203410031    
20160205182421203410041    
20160205182421203410135    
20160205182421203410185    
20160205182421203410202    
20160205182421203410222    
20160205182421203420001    
20160205182421203420031    
20160205182421203420063    
20160205182421203440053    
20160205182421203441035    
20160205182421203441042    
20160205182421203441061    
20160205182421203460071    
20160205182421203477791    
20160205182421203477801    
20160205211140204610021    
201602052111402046100340   
20160205211140204610041    
20160205211140204610051    
20160205211140204610061    
20160205211140204610133    
20160205211140204610201    
20160205211140204610222    
20160205211140204620062    
20160205211140204620075    
20160205211140204630042    
20160205211140204640014    
20160205211140204640022    
20160205211140204641034    
20160205211140204641041    
20160205211140204641051    
20160205211140204641061    
20160205211140204677791    
20160205211140204677811    
20160205212837204310011    
20160205212837204310022    
201602052128372043100340   
20160205212837204310044    
20160205212837204310051    
20160205212837204310091    
20160205212837204310135    
201602052128372043101812   
20160205212837204310201    
20160205212837204310229    
20160205212837204310262    
20160205212837204320002    
20160205212837204320081    
20160205212837204330045    
201602052128372043310310   
20160205212837204340003    
20160205212837204340013    
20160205212837204340022    
20160205212837204340031    
20160205212837204340051    
20160205212837204341036    
20160205212837204341042    
20160205212837204341051    
20160205212837204377791    
20160205212837204377811    
20160205212859203810011    
20160205212859203810022    
201602052128592038100325   
20160205212859203810042    
20160205212859203810051    
20160205212859203810133    
201602052128592038101810   
20160205212859203810203    
20160205212859203810224    
20160205212859203810262    
20160205212859203820001    
20160205212859203820051    
20160205212859203820061    
20160205212859203820081    
20160205212859203830045    
201602052128592038310320   
20160205212859203840002    
20160205212859203840017    
20160205212859203840022    
20160205212859203840031    
20160205212859203840051    
20160205212859203840093    
20160205212859203840165    
20160205212859203841036    
20160205212859203841042    
20160205212859203841051    
20160205212859203841061    
20160205212859203841071    
20160205224413101310011    
20160205224413101310023    
20160205224413101310032    
20160205224413101310042    
20160205224413101310051    
20160205224413101310061    
20160205224413101310081    
20160205224413101310091    
201602052244131013101310   
20160205224413101310143    
20160205224413101310188    
20160205224413101310191    
20160205224413101310203    
20160205224413101310224    
20160205224413101310263    
20160205224413101320001    
20160205224413101320062    
20160205224413101320091    
20160205224413101330044    
20160205224413101331034    
20160205224413101340031    
20160205224413101340056    
20160205224413101340061    
20160205224413101340152    
20160205224413101341035    
20160205224413101341042    
201602052314311033101310   
20160205231431103320061    
20160205231431103330061    
20160205231431103340053    
20160205231431103310204    
20160205231431103310187    
20160205231431103310225    
20160205231431103310264    
20160205231431103340163    
20160205231431103341061    
20160206032501103210011    
20160206032501103210022    
201602060325011032100330   
20160206032501103210041    
20160206032501103210051    
20160206032501103210137    
20160206032501103210141    
20160206032501103210203    
20160206032501103210227    
20160206032501103220001    
201602060325011032400116   
20160206032501103240027    
20160206032501103240031    
20160206032501103240051    
20160206032501103240151    
201602060325011032410310   
