201605242156380678000430   
201605242156380678060115   
201605242156380678007510   
201605242219200215000410   
20160524221920021501111    
201605242359440636006210   
20160524235944063606015    
201605250004540219000220   
20160525000454021900931    
20160525005210040000141    
201605250052100400005850   
20160525005210040000623    
20160525005210040000711    
20160525005210040000981    
20160525005210040001065    
20160525005210040001112    
201605250054330040001120   
201605250054330040005810   
20160525005433004001071    
20160525005433004001111    
20160525005433004006017    
201605250113191343000420   
20160525011319134301111    
20160525011319134300144    
20160525011319134306014    
201605250119440744000210   
201605250132260901006320   
20160525013226090100711    
20160525013226090101113    
201605250132260901031720   
20160525015917001800941    
20160525015917001800351    
20160525015917001800118    
20160525015917001806011    
20160525020110135801111    
201605250201101358031710   
20160525022014063001063    
201605250220140630000410   
20160525022014063001111    
201605250248211354001130   
20160525024821135401111    
20160525024821135402181    
201605250248211354006210   
20160525024821135400295    
20160525034315131000115    
20160525034315131001111    
201605250348030815000210   
201605250348030815060110   
201605250516390503000410   
20160525051639050300761    
201605250651280080000450   
20160525065128008001113    
201605250652101427004410   
201605250652320011003810   
20160525065232001100595    
201605250652542002005820   
20160525065254200200981    
20160525065254200201065    
201605250653250012004810   
20160525065325001200995    
20160525065325001201531    
201605250653560024000410   
20160525065356002406015    
20160525065356002406221    
20160525065356002406241    
201605250654121413031515   
201605250654341401007950   
20160525065434140100805    
201605250655010005001115   
20160525065501000501111    
20160525065501000501171    
20160525065545002500595    
20160525065545002501111    
201605250656051399060110   
20160525065640004100411    
201605250656400041031510   
20160525065640004106011    
20160525065748001600182    
201605250657480016007930   
20160525065748001600805    
201605250702021437007915   
20160525070202143700805    
