201610142150490240100140   
20161014215049024010133    
20161014215049024015991    
20161014215049024010141    
20161014215049024010101    
20161014215049024010571    
201610142153251494100140   
20161014215325149410071    
20161014215325149410132    
20161014215325149410291    
201610142154450249100180   
20161014215445024910101    
20161014215445024910121    
20161014215445024910131    
20161014215445024910221    
20161014215445024915991    
20161014215445024911113    
201610142156221394100120   
201610142159271444100140   
20161014215927144410132    
2016101422022817341001120  
20161014220228173410061    
20161014220228173410101    
20161014220228173410131    
20161014220228173410141    
20161014220228173415992    
201610142212570244100180   
20161014221257024410071    
20161014221257024410133    
20161014221257024413395    
20161014221841173410425    
20161014222131173410261    
