201604211021281051100310   
20160421111343103710036    
201604211113431037100210   
20160421112907103520011    
20160421112907103520061    
20160421112907103510012    
20160421112907103520021    
20160421112907103510034    
20160421112907103510041    
20160421112907103522271    
20160421112907103510081    
20160421113005101520264    
201604211130051015100312   
20160421113005101520291    
20160421113005101520011    
20160421113005101510012    
20160421113005101520231    
201604211201181001100312   
20160421120118100120061    
20160421120118100120292    
20160421120118100120302    
20160421120118100120031    
20160421122612104910032    
20160421122612104920091    
