201602182222402069200160   
20160218222240206920052    
20160218222240206920062    
20160218222240206920071    
20160218222240206920081    
20160218222240206920301    
20160218222240206920321    
20160218222240206920523    
201602182222402069206515   
20160218222240206921021    
20160218222240206921041    
20160218222240206921051    
201602182251062061200160   
20160218225106206120061    
20160218225106206120071    
20160218225106206120081    
20160218225106206120161    
20160218225106206120321    
201602182251062061206512   
2016021822573420342001260  
201602182257342034200510   
20160218225734203420063    
20160218225734203420072    
20160218225734203420083    
20160218225734203420322    
201602182257342034206520   
20160218225734203421051    
2016021823271820332001140  
20160218232718203320062    
20160218232718203320073    
20160218232718203320082    
20160218232718203320321    
20160218232718203320901    
20160218232718203320931    
201602182334052027200140   
20160218233405202720061    
20160218233405202720071    
20160218233405202720081    
20160218233405202720321    
20160218233405202720655    
20160218233405202720911    
20160218233405202721041    
2016021823400620242001160  
20160218234006202420062    
20160218234006202420072    
20160218234006202420082    
20160218234006202420321    
20160218234006202420311    
20160218234006202421021    
2016021823441620262001100  
20160218234416202620061    
20160218234416202620081    
20160218234416202620551    
201602182344162026206510   
2016021900045222302001180  
20160219000452223020062    
20160219000452223020072    
20160219000452223020081    
20160219000452223020091    
20160219000452223020311    
20160219000452223020322    
201602190004522230206530   
20160219000452223020901    
20160219000452223021041    
20160219000452223021051    
2016021900054520912001200  
20160219000545209120062    
20160219000545209120071    
20160219000545209120081    
20160219000545209120321    
201602190005452091206530   
20160219000545209120901    
20160219000545209120931    
2016021900143420942001180  
20160219001434209420063    
20160219001434209420071    
20160219001434209420201    
20160219001434209420321    
201602190014342094206525   
20160219001434209420901    
2016021900211220432001200  
20160219002112204320062    
20160219002112204320072    
20160219002112204320082    
20160219002112204320301    
20160219002112204320311    
20160219002112204320321    
201602190021122043206520   
20160219002112204320721    
2016021900230621092001220  
20160219002306210920062    
20160219002306210920073    
20160219002306210920322    
201602190023062109206520   
20160219002306210920902    
2016021900490421152001160  
20160219004904211520061    
20160219004904211520073    
20160219004904211520082    
20160219004904211520321    
201602190049042115206512   
20160219004904211520901    
20160219004904211520931    
20160219004904211521041    
20160219004904211521051    
2016021901460820322001180  
20160219014608203220063    
20160219014608203220072    
20160219014608203220081    
20160219014608203220301    
20160219014608203220322    
201602190146082032209120   
20160219014608203221042    
2016021902000713812001140  
20160219020007138120061    
20160219020007138120091    
20160219020007138120301    
20160219020007138120321    
20160219020007138120071    
201602190200071381206510   
