20160909110442806510031    
20160909110442806510053    
20160909110442806510302    
20160909110442806510311    
20160909110442806510392    
20160909110442806510523    
20160909110442806516122    
201609091104428065161525   
201609091104428065200625   
20160909110442806520074    
20160909110442806550091    
20160909141315805810013    
201609091413158058100515   
20160909141315805810261    
20160909141315805810311    
20160909141315805810371    
20160909141315805810521    
20160909141315805810543    
20160909141315805810611    
20160909141315805810632    
20160909141315805810681    
20160909141315805810743    
20160909141315805810752    
20160909141315805816121    
201609091413158058161518   
20160909141315805820032    
201609091413158058200614   
20160909141315805820072    
20160909141315805820104    
20160909141315805820121    
20160909141315805830013    
20160909141315805850021    
20160909145953811410014    
20160909145953811410054    
20160909145953811410541    
20160909145953811416121    
20160909145953811416157    
20160909145953811420032    
20160909145953811420067    
20160909145953811420072    
20160909145953811420103    
20160909145953811420122    
20160909145953811450021    
20160909150331814010012    
20160909150331814020032    
201609091503318140200618   
20160909150331814020071    
20160909150331814050092    
20160909150331814050101    
201609091503318140100510   
20160909150331814010302    
20160909150331814010371    
20160909150331814010391    
20160909150331814010522    
20160909150331814016121    
201609091503318140161516   
20160909150331814010542    
20160909150331814020104    
20160909150331814020111    
20160909150331814020122    
20160909150938806410014    
20160909150938806410031    
20160909150938806410057    
20160909150938806410262    
20160909150938806410311    
20160909150938806410521    
20160909150938806410542    
20160909150938806410611    
20160909150938806410642    
20160909150938806410742    
20160909150938806410752    
20160909150938806416157    
20160909150938806420032    
20160909150938806420068    
20160909150938806420072    
20160909150938806420081    
20160909150938806420103    
20160909150938806420111    
20160909150938806420121    
20160909150938806450021    
20160909153546814710015    
20160909153546814710031    
20160909153546814720033    
201609091535468147200614   
20160909153546814720072    
20160909153546814720081    
20160909153546814750021    
20160909153546814750091    
20160909153546814750101    
20160909153546814710056    
20160909153546814710522    
20160909153546814716121    
201609091535468147161516   
20160909153546814710642    
20160909153546814720105    
20160909153546814720112    
20160909153546814720121    
20160909153956815110016    
20160909153956815110021    
20160909153956815110031    
20160909153956815110071    
20160909153956815110262    
20160909153956815120031    
201609091539568151200610   
20160909153956815120072    
20160909153956815120081    
20160909153956815110054    
20160909153956815110301    
20160909153956815110371    
20160909153956815110391    
20160909153956815110441    
20160909153956815110522    
20160909153956815116121    
201609091539568151161514   
20160909153956815110541    
20160909153956815110611    
20160909153956815110641    
20160909153956815120103    
20160909153956815120121    
20160909153956815110741    
20160909153956815110751    
20160909154004815410013    
20160909154004815410031    
20160909154004815410261    
20160909154004815420032    
201609091540048154200610   
20160909154004815420073    
20160909154004815450021    
20160909154004815450091    
20160909154004815450101    
20160909154004815410053    
20160909154004815410302    
20160909154004815410312    
20160909154004815410372    
20160909154004815410392    
20160909154004815410401    
20160909154004815410441    
201609091540048154161512   
20160909154004815420106    
20160909154004815420112    
20160909154004815420122    
201609091546418141100120   
20160909154641814110032    
20160909154641814110071    
20160909154641814110091    
20160909154641814110101    
20160909154641814110268    
20160909154641814120037    
201609091546418141200636   
201609091546418141200713   
20160909154641814120081    
20160909154641814140065    
20160909154641814140084    
20160909154641814140091    
20160909154641814140141    
201609091546418141100515   
20160909154641814110302    
20160909154641814110371    
20160909154641814116123    
201609091546418141161530   
20160909154641814110611    
20160909154641814110621    
20160909154641814110632    
201609091546418141201010   
20160909154641814120113    
20160909154641814120122    
20160909154641814110746    
20160909154641814110757    
20160909154725813210011    
20160909154725813210091    
20160909154725813210263    
20160909154725813220033    
201609091547258132200616   
20160909154725813220072    
20160909154725813220081    
20160909154725813210052    
20160909154725813210303    
20160909154725813210312    
20160909154725813210371    
20160909154725813210392    
20160909154725813210421    
201609091547258132161516   
20160909154725813210541    
20160909154725813210641    
20160909154725813220107    
20160909154725813220112    
20160909154725813220121    
201609091547258132110230   
20160909154745815210018    
20160909154745815210263    
20160909154745815220036    
201609091547458152200612   
20160909154745815220074    
20160909154745815230051    
20160909154745815250021    
20160909154745815250101    
20160909154745815210059    
20160909154745815210301    
20160909154745815210311    
20160909154745815210371    
20160909154745815210522    
20160909154745815216121    
201609091547458152161514   
20160909154745815210542    
20160909154745815210643    
20160909154745815210661    
20160909154745815210681    
20160909154745815210691    
20160909154745815220107    
20160909154745815220111    
20160909154745815220121    
20160909154745815210742    
20160909154745815210751    
20160909155502814610016    
20160909155502814620032    
20160909155502814620081    
20160909155502814650101    
201609091555028146100520   
20160909155502814610302    
20160909155502814610311    
20160909155502814616121    
201609091555028146161525   
20160909155502814610542    
20160909155502814610631    
20160909155502814620104    
20160909155502814620112    
20160909155502814620122    
20160909155910811010011    
20160909155910811010052    
20160909155910811010091    
20160909155910811016158    
20160909155910811020066    
20160909155910811020071    
20160909155910811020101    
20160909155910811050021    
20160909155943811010361    
20160909161114801510526    
20160909161114801516156    
20160909161114801510016    
20160909161114801510271    
20160909161114801510031    
20160909161114801510052    
20160909161114801510081    
20160909161114801520031    
20160909161114801520108    
20160909161114801520111    
201609091611148015200615   
20160909161114801520072    
20160909161114801530011    
20160909161114801550112    
20160909161123806910016    
20160909161123806910053    
20160909161123806910121    
20160909161123806916121    
201609091611238069161515   
20160909161123806920033    
201609091611238069200618   
20160909161123806920076    
20160909161123806920081    
201609091611238069201010   
20160909161526813910012    
20160909161526813910021    
20160909161526813910261    
20160909161526813910543    
20160909161526813910731    
20160909161526813916155    
20160909161526813920064    
20160909161526813920071    
20160909161526813920081    
20160909161606815210016    
20160909161606815216151    
20160909162557811710011    
20160909162557811716157    
20160909162557811720063    
20160909163717804610691    
20160909163717804616121    
201609091637178046161515   
20160909163717804620033    
201609091637178046200622   
20160909163717804620106    
20160909163717804640062    
20160909163717804640071    
20160909163717804650022    
20160909163717804650061    
201609091644508124100111   
201609091644508124100525   
20160909164450812410122    
20160909164450812410262    
20160909164450812410304    
20160909164450812410312    
20160909164450812410373    
20160909164450812410393    
20160909164450812410523    
20160909164450812410631    
20160909164450812410642    
201609091644508124161522   
20160909164450812420035    
201609091644508124200630   
20160909164450812420072    
201609091644508124201013   
20160909164450812420123    
20160909164450812430011    
201609091645548097100128   
20160909164554809710021    
20160909164554809710032    
20160909164554809710523    
20160909164554809716124    
201609091645548097161578   
20160909164554809720081    
201609091645548097201024   
20160909164838811810012    
20160909164838811820068    
20160909164838811820072    
20160909164838811820081    
20160909164838811830051    
20160909164838811840091    
20160909164838811850061    
20160909164838811850101    
20160909164838811830011    
20160909164838811810053    
20160909164838811810371    
20160909164838811810391    
20160909164838811810521    
20160909164838811816158    
20160909164838811810691    
20160909164838811820103    
20160909164838811820112    
20160909164838811810741    
201609091649558079100112   
20160909164955807910021    
20160909164955807910031    
201609091649558079100512   
20160909164955807910081    
20160909164955807910122    
20160909164955807910264    
20160909164955807910303    
20160909164955807910312    
20160909164955807910361    
20160909164955807910372    
20160909164955807910392    
20160909164955807910523    
20160909164955807910632    
20160909164955807910641    
20160909164955807910681    
20160909164955807916122    
201609091649558079161525   
20160909164955807920038    
201609091649558079200627   
20160909164955807920075    
20160909164955807920081    
201609091649558079201010   
20160909164955807920114    
20160909164955807920122    
20160909164955807940082    
20160909164955807940091    
20160909164955807950022    
20160909164955807950092    
20160909164955807950102    
201609091650208052100514   
20160909165020805210071    
20160909165020805210371    
20160909165020805210522    
20160909165020805216122    
20160909165020805220032    
201609091650208052200622   
20160909165020805220081    
20160909165020805220107    
20160909165020805220111    
20160909165020805230011    
20160909165020805230051    
20160909165020805250021    
20160909165020805250101    
20160909165248814620068    
20160909165248814620071    
20160909165314808310053    
20160909165314808310261    
20160909165314808310641    
20160909165314808316121    
20160909165314808316152    
20160909165314808320031    
20160909165314808320063    
20160909165314808320071    
20160909165314808320102    
20160909165314808350091    
20160909170019807510013    
20160909170019807510031    
20160909170019807510053    
20160909170019807510301    
20160909170019807510372    
20160909170019807510641    
20160909170019807516157    
20160909170019807520066    
20160909170019807520071    
20160909170019807520104    
20160909170019807520111    
20160909170019807540141    
20160909170441809010012    
20160909170441809010031    
201609091704418090100522   
20160909170441809010101    
20160909170441809010261    
20160909170441809010522    
20160909170441809010741    
20160909170441809010754    
20160909170441809016121    
20160909170441809016141    
201609091704418090161528   
20160909170441809020032    
201609091704418090200620   
20160909170441809020073    
20160909170441809020107    
20160909170441809020111    
20160909170441809020121    
20160909170441809030015    
20160909170441809040081    
20160909170441809050021    
20160909170441809050091    
20160909170441809050101    
20160909170441809050112    
20160909171346808110031    
20160909171346808120031    
201609091713468081200610   
20160909171346808120071    
20160909171346808120081    
20160909171346808110053    
20160909171346808110611    
20160909171346808120106    
