20160427231820105212024    
20160427231820105214012    
20160427231820105214061    
20160427231820105214091    
20160427231820105214101    
20160427231820105214111    
20160427231820105216131    
20160427231820105227262    
20160428034731109914012    
20160428034731109914111    
20160428034731109923461    
20160428034731109989352    
20160428034731109990022    
20160428034731109990043    
20160428034731109990151    
20160428035851109312141    
20160428035851109314081    
20160428035851109314141    
20160428035851109314181    
20160428035851109314191    
20160428035851109316011    
20160428035851109316141    
20160428035851109323631    
20160428035851109323772    
20160428035851109323832    
20160428035851109326271    
20160428035851109326591    
20160428035851109388961    
20160428035851109389351    
20160428035851109389362    
20160428035851109390022    
20160428035851109390043    
