20160321101521023700102    
20160321101521023700032    
20160321101521023700041    
20160321101521023700062    
20160321101521023700301    
20160321101521023700281    
20160321101521023700451    
20160321101521023740201    
20160321101521023780022    
20160321101521023705041    
20160321101521023705123    
20160321101521023705141    
20160321101521023740171    
20160321101521023740391    
20160321103105027700106    
20160321103105027700033    
20160321103105027700042    
20160321103105027700081    
20160321103105027700021    
20160321103105027700201    
20160321103105027700241    
20160321103105027700281    
20160321103105027700731    
20160321103105027700451    
20160321103105027740533    
20160321103105027740212    
201603211031050277405510   
20160321103105027780014    
20160321103105027705122    
20160321103105027705151    
20160321103105027705162    
20160321103105027740112    
20160321103105027740171    
20160321103105027740391    
20160321114234024700102    
20160321114234024700031    
20160321114234024700041    
20160321114234024740533    
20160321114234024740211    
20160321114234024740558    
20160321114234024780014    
20160321132008027100104    
20160321132008027100032    
20160321132008027100042    
201603211320080271051410   
201603211320080271051510   
20160321132008027180014    
20160321132008027100778    
20160321132801003200104    
20160321132801003200032    
20160321132801003200042    
20160321132801003200401    
20160321133623006600034    
20160321133623006600043    
20160321133623006600108    
20160321134015023200109    
20160321134015023200034    
20160321134015023200044    
20160321134015023200571    
20160321134015023200064    
20160321134015023200076    
20160321134015023200021    
20160321134015023200722    
20160321134015023200731    
20160321134015023200751    
20160321134015023200772    
201603211340150232800112   
20160321134015023205034    
20160321134015023205043    
20160321134015023205124    
20160321134015023205158    
20160321134015023205164    
20160321134015023205174    
20160321134653025100101    
20160321134653025100031    
20160321134653025100081    
20160321134653025100201    
20160321134653025100241    
20160321134653025180014    
20160321134653025105042    
20160321134653025105163    
20160321134653025140022    
20160321135045016900102    
20160321135045016900031    
20160321135045016900041    
20160321135045016900571    
20160321135045016900081    
20160321135045016900061    
20160321135045016900072    
20160321135045016900631    
20160321135045016900423    
20160321135045016940535    
20160321135045016905075    
20160321135045016905172    
20160321135123004805043    
20160321135123004805032    
20160321135123004880031    
20160321135123004800631    
20160321135123004800103    
20160321135123004800031    
20160321135123004800041    
20160321135202020000104    
20160321135202020000032    
20160321135202020000042    
20160321135202020000071    
20160321135202020000201    
20160321135202020000221    
20160321135202020000241    
20160321135202020005021    
20160321135202020005032    
20160321135202020005141    
20160321135202020005162    
20160321135910020200034    
20160321135910020200041    
20160321135910020200102    
20160321140344019800062    
20160321140344019800037    
20160321140344019800046    
201603211403440198001010   
20160321140502012500102    
20160321140502012500031    
20160321140502012500041    
20160321140502012500731    
20160321140502012540525    
20160321140502012580024    
20160321140502012505033    
20160321140502012505121    
20160321140502012500061    
20160321140502012500071    
20160321140511016100081    
20160321140511016100062    
20160321140511016100072    
20160321140511016100021    
20160321140511016100202    
20160321140511016100221    
20160321140511016100752    
20160321140511016140555    
20160321140511016180022    
20160321140511016105021    
20160321140511016105081    
20160321140511016105123    
20160321140511016105162    
20160321140511016105172    
20160321141209016940211    
20160321141209016940555    
201603211414250248001013   
20160321141425024800038    
20160321141425024800046    
20160321141425024800572    
20160321141425024800082    
20160321141425024800064    
20160321141425024800074    
20160321141425024800201    
20160321141425024800772    
20160321141425024805143    
20160321141425024805163    
201603211416510079001010   
20160321141651007900033    
20160321141651007900043    
20160321141651007900722    
20160321141651007900401    
20160321141651007905026    
20160321141651007905032    
20160321141907000300102    
20160321141907000300032    
20160321141907000300041    
20160321141907000300571    
20160321141907000300062    
20160321141907000300073    
20160321141907000300211    
20160321141907000300241    
20160321141907000305041    
20160321141907000305122    
20160321142008002700031    
20160321142008002700041    
20160321142008002700102    
20160321142436009500104    
20160321142436009500032    
20160321142436009500042    
20160321142436009500401    
20160321142552004100102    
20160321142552004100061    
20160321142552004100072    
20160321142552004100211    
20160321142552004105021    
20160321142552004105031    
20160321142922007600034    
20160321142922007600043    
20160321142922007600107    
20160321142922007605021    
20160321142922007600061    
20160321142922007600071    
20160321142922007605041    
20160321142933022400103    
20160321142933022400031    
20160321142933022400042    
20160321142933022405011    
20160321142933022405022    
20160321142933022405162    
20160321142933022480014    
20160321142933022480042    
20160321142933022440525    
20160321142933022440535    
20160321144547005700032    
20160321144547005700041    
20160321144547005700104    
20160321144547005700731    
20160321144547005700631    
201603211445470057000750   
20160321144547005780011    
20160321144547005705122    
20160321144821009300076    
20160321144821009305122    
20160321144821009300204    
20160321144821009300218    
20160321144821009300246    
20160321144821009340213    
201603211448210093405580   
20160321144934027400101    
20160321144934027400041    
20160321144934027400242    
20160321144934027480041    
20160321144934027440532    
20160321144934027405152    
20160321145136020100104    
20160321145136020100032    
20160321145136020100042    
20160321145136020100071    
20160321145136020100731    
20160321145136020100401    
20160321145136020105021    
20160321145435013900104    
20160321145435013900032    
20160321145435013900042    
20160321145435013905042    
20160321145435013980031    
20160321145435013940211    
20160321145537010900032    
20160321145537010900042    
20160321145537010900104    
20160321145537010900231    
20160321145537010940201    
20160321145537010940212    
20160321145537010905022    
20160321145537010905032    
20160321145537010900571    
20160321145537010900072    
20160321145537010900771    
20160321145537010905042    
20160321145537010980014    
20160321145537010905173    
20160321145605008700032    
20160321145605008700042    
20160321145605008700211    
20160321145605008700231    
20160321145605008700241    
20160321145605008700751    
20160321145605008700104    
20160321145605008705031    
20160321145605008705041    
20160321145605008705081    
20160321145605008705123    
20160321145605008705161    
20160321145605008740112    
20160321145605008780014    
20160321145605008700062    
20160321145636014400034    
20160321145636014400043    
20160321145636014400241    
20160321145636014400107    
20160321145636014400771    
20160321145636014405041    
20160321145636014400061    
20160321145701006300034    
20160321145701006300042    
20160321145701006300072    
20160321145701006300106    
20160321145701006300202    
20160321145701006300212    
20160321145701006300221    
20160321145701006300242    
20160321145701006300302    
20160321145701006300571    
20160321145701006300721    
20160321145701006300751    
20160321145701006305021    
20160321145701006305035    
20160321145701006305042    
20160321145701006305081    
20160321145701006305125    
20160321145701006305152    
20160321145701006305164    
20160321145701006340114    
20160321145701006340212    
20160321145701006340391    
201603211457010063405520   
20160321145701006380018    
20160321145701006380024    
20160321145757027600032    
20160321145757027600042    
20160321145757027600201    
20160321145757027600221    
20160321145757027600571    
20160321145757027600721    
20160321145757027600104    
20160321145757027605033    
20160321145757027605044    
20160321145757027605123    
20160321145757027680014    
20160321145757027680024    
20160321145935010700033    
20160321145935010700042    
20160321145935010700105    
20160321145935010700581    
20160321145935010700212    
20160321145935010700401    
20160321150051027600581    
20160321150051027600591    
20160321151013015900104    
20160321151013015900031    
20160321151013015900731    
20160321151111018900032    
20160321151111018900042    
20160321151111018900103    
20160321151111018905021    
20160321151111018905032    
20160321151111018905122    
20160321151129023005021    
20160321151129023005173    
20160321151129023005081    
20160321151129023000281    
20160321151129023000022    
20160321151129023080041    
20160321151129023000104    
20160321151129023000032    
20160321151129023000042    
20160321151129023000571    
20160321151129023080014    
20160321151129023080024    
20160321151129023005123    
20160321151129023000731    
20160321151407008900033    
20160321151407008900042    
20160321151407008900105    
20160321151407008900061    
20160321151407008900071    
20160321151407008900731    
20160321151407008900772    
20160321151407008900211    
20160321151407008905021    
20160321151407008905032    
20160321151407008905043    
20160321151407008905081    
20160321151407008905152    
20160321151407008905174    
20160321151407008940171    
20160321151459009500031    
20160321151540010800105    
20160321151540010800033    
20160321151540010800041    
20160321151540010800062    
20160321151540010840535    
20160321151705007700108    
20160321151705007700034    
20160321151705007700043    
20160321151705007700062    
20160321151705007700072    
20160321151705007700211    
20160321151705007700731    
20160321151715024600105    
20160321151715024600031    
20160321151715024600042    
20160321151715024600571    
20160321151715024600502    
20160321151715024605031    
20160321151715024605123    
20160321151715024605173    
20160321151715024640535    
20160321151715024680024    
20160321151715024600202    
20160321151753025800032    
20160321151753025800042    
20160321151753025800571    
20160321151753025800104    
20160321151753025800281    
20160321151753025805011    
20160321151753025840121    
20160321151753025840171    
20160321151845013100104    
20160321151845013100032    
20160321151845013100041    
20160321151845013100571    
20160321151845013100061    
20160321151845013100202    
20160321151845013100211    
20160321151845013100221    
20160321151845013100242    
20160321151845013140525    
20160321151845013140535    
20160321151845013140211    
201603211518450131405510   
20160321151845013180014    
20160321151845013180031    
20160321151845013105021    
20160321151845013105031    
20160321151845013105042    
20160321151845013105141    
20160321151845013105161    
20160321152058006700031    
20160321152058006700041    
20160321152058006700102    
20160321152058006700061    
20160321152058006705171    
20160321152058006705032    
20160321152207019600031    
20160321152207019600042    
20160321152207019600211    
20160321152207019600301    
20160321152207019600103    
20160321152207019605011    
20160321152207019605021    
20160321152207019605041    
20160321152207019640021    
201603211522070196405210   
201603211522070196405310   
20160321152207019600072    
20160321152333019300103    
20160321152333019300032    
20160321152333019300041    
20160321152333019300571    
20160321152333019300061    
20160321152333019300211    
20160321152333019300751    
20160321152333019340211    
20160321152333019340221    
20160321152333019340555    
20160321152333019380014    
20160321152333019305042    
20160321152333019305081    
20160321152333019305151    
20160321152333019305161    
20160321152333019340391    
20160321152343026100102    
20160321152343026100281    
20160321152343026140535    
20160321152343026100062    
20160321152534007200032    
20160321152534007200042    
20160321152534007200104    
20160321152534007200211    
20160321152534007200401    
201603211525340156001011   
20160321152534015600035    
20160321152534015600044    
20160321152534015600571    
20160321152534015600201    
20160321152534015600211    
20160321152534015600231    
20160321152534015600241    
20160321152534015600251    
20160321152534015600421    
20160321152534015600451    
20160321152534015640523    
20160321152534015640532    
20160321152534015605021    
20160321152534015605032    
20160321152534015605042    
20160321152534015605124    
20160321152534015605141    
20160321152534015605151    
20160321152534015605163    
20160321152534015640391    
20160321152614016300104    
20160321152614016300032    
20160321152614016300042    
20160321152614016300571    
20160321152614016300081    
20160321152614016300061    
20160321152614016300072    
20160321152614016300241    
20160321152614016300301    
20160321152614016305031    
20160321152614016305041    
201603211526140163050710   
20160321152614016305122    
20160321152614016305131    
20160321152614016305162    
20160321152614016340212    
201603211526140163405515   
20160321152633027000101    
20160321152633027000031    
20160321152633027000041    
20160321152633027000062    
20160321152633027000071    
20160321152633027040535    
20160321152633027080012    
20160321152633027005041    
20160321152633027005131    
201603211526330270050710   
20160321152637020700106    
20160321152637020700033    
20160321152637020700042    
20160321152637020700061    
20160321152637020700072    
20160321152637020700221    
20160321152637020700241    
20160321152637020700251    
20160321152637020700751    
20160321152637020740525    
20160321152637020740535    
20160321152637020780012    
20160321152637020780021    
20160321152637020705021    
20160321152637020705032    
20160321152637020705123    
20160321152637020705141    
20160321152637020740111    
20160321152918009800106    
20160321152918009800033    
20160321152918009800042    
20160321152918009800571    
20160321152918009800071    
20160321152918009800241    
20160321152918009800301    
20160321152918009800731    
20160321152918009800401    
20160321152918009840533    
20160321152918009840211    
20160321152918009840555    
20160321152918009880013    
20160321152918009805021    
20160321152918009805032    
20160321152918009805075    
20160321152918009805122    
20160321152918009805131    
20160321152918009805151    
20160321152918009805161    
20160321152918009840171    
20160321152948001100105    
20160321152948001100032    
20160321152948001100043    
20160321152948001100241    
20160321152948001105043    
20160321152948001105151    
20160321153125013400106    
20160321153125013400032    
20160321153125013400042    
20160321153125013400571    
20160321153125013400061    
20160321153125013400072    
20160321153125013400021    
20160321153125013400211    
20160321153125013400221    
20160321153125013400421    
20160321153125013405011    
20160321153125013405041    
20160321153125013405141    
20160321153125013405152    
20160321153125013405164    
20160321153356003300101    
20160321153356003300031    
20160321153356003300241    
20160321153356003305172    
20160321153437022100061    
20160321153437022100281    
20160321153437022100241    
20160321153437022100231    
20160321153437022105031    
20160321153437022100104    
20160321153437022100032    
20160321153437022100042    
20160321153821026600102    
20160321153821026600031    
20160321153821026600041    
20160321153821026600061    
20160321153821026600071    
20160321153821026600201    
20160321153821026600211    
20160321153821026600581    
20160321153821026600591    
20160321153821026640533    
20160321153821026640523    
20160321153821026640211    
20160321153821026680012    
20160321153821026680041    
20160321153821026605031    
20160321153821026605041    
20160321153821026605141    
20160321153821026605161    
20160321153907026500281    
20160321153907026505121    
20160321153907026505151    
20160321153907026505161    
20160321153907026540531    
20160321153907026580012    
20160321153907026580021    
20160321153907026500061    
20160321153907026500071    
20160321154001021300105    
20160321154001021300033    
20160321154001021300042    
20160321154001021300065    
20160321154001021300072    
20160321154001021300571    
20160321154001021300401    
20160321154001021300451    
20160321154001021305122    
20160321154001021340113    
20160321154001021340121    
20160321154001021300201    
20160321154001021300211    
20160321154001021300241    
20160321154001021305042    
20160321154001021340211    
20160321154001021340555    
20160321154001021305021    
20160321154001021305031    
20160321154001021305153    
20160321154001021340535    
20160321154222025500101    
20160321154222025500031    
20160321154222025500211    
20160321154222025500721    
20160321154222025505021    
20160321154300014800212    
20160321154300014800072    
20160321154300014800035    
20160321154300014800042    
201603211543000148001010   
20160321154431026900102    
20160321154431026900031    
20160321154431026900041    
20160321154431026900072    
20160321154431026900021    
20160321154431026900211    
20160321154431026900241    
20160321154431026900281    
20160321154431026900441    
20160321154431026940523    
20160321154431026940532    
20160321154431026905021    
20160321154431026905041    
20160321154431026905152    
20160321154431026905171    
20160321154431026940112    
20160321154437013000103    
20160321154437013000032    
20160321154437013000041    
20160321154437013000212    
20160321154437013000771    
20160321154437013005125    
20160321154513019700031    
20160321154513019700041    
20160321154513019700103    
20160321154513019700201    
20160321154513019700221    
20160321154513019700241    
20160321154513019740212    
201603211545130197050730   
20160321154513019705034    
20160321154513019780023    
20160321154513019780011    
20160321154546002000031    
20160321154546002000041    
20160321154546002000102    
20160321154546002080024    
20160321154546002040525    
20160321154928023900103    
20160321154928023900032    
20160321154928023900041    
20160321154928023905081    
20160321154928023905101    
20160321154928023905122    
20160321154928023905141    
20160321154928023905163    
20160321155147026700031    
20160321155147026700041    
20160321155147026700201    
20160321155147026700241    
20160321155147026700102    
20160321155147026705041    
20160321155147026705121    
20160321155147026705161    
20160321155147026780011    
20160321155147026780021    
20160321155147026700072    
20160321155235006200103    
20160321155235006200032    
20160321155235006200041    
20160321155235006200631    
20160321155403026800102    
20160321155403026800031    
20160321155403026800041    
20160321155550022900103    
20160321155550022900031    
20160321155550022900042    
20160321155550022900062    
20160321155550022900251    
20160321155550022905021    
20160321155550022905042    
20160321155615015640522    
20160321155618023900101    
20160321155618023900041    
20160321155811013300103    
20160321155811013300032    
20160321155811013300041    
