20161021152603204610021    
201610211526032046100320   
20161021152603204610041    
20161021152603204610133    
20161021152603204610202    
20161021152603204610222    
20161021152603204610262    
20161021152603204640013    
20161021152603204640021    
20161021152603204640051    
20161021152603204641033    
20161021170930203410022    
20161021170930203410031    
20161021170930203410041    
20161021170930203410051    
20161021170930203410133    
20161021170930203410185    
20161021170930203410202    
20161021170930203410222    
20161021170930203420001    
20161021170930203420082    
20161021170930203430045    
20161021170930203431031    
20161021170930203440053    
20161021170930203440151    
20161021170930203441035    
20161021170930203441041    
20161021171021203477791    
20161021180207102010021    
20161021180207102010031    
20161021180207102010041    
20161021180207102010132    
20161021180207102010185    
20161021180207102010202    
20161021180207102020001    
201610211802071020310310   
20161021180207102041031    
20161021180207102041041    
20161021180919102010051    
20161021180919102010091    
20161021192832204310021    
201610211928322043100320   
20161021192832204310041    
20161021192832204310186    
20161021192832204310203    
20161021192832204310221    
20161021192832204310261    
20161021192832204320081    
20161021192832204340002    
20161021192832204340013    
20161021192832204340021    
20161021192832204341032    
20161021192832204341041    
20161021192832204341051    
20161021192832204341071    
201610211940312014100320   
20161021194031201410051    
20161021194031201410061    
20161021194031201410091    
20161021194031201410132    
20161021194031201410185    
20161021194031201410202    
20161021194031201410223    
20161021194031201420072    
20161021194031201430042    
20161021194031201430071    
20161021194031201440013    
20161021194031201440021    
20161021194031201440191    
20161021194031201441034    
20161021211229103210022    
201610212112291032100325   
20161021211229103210041    
20161021211229103210061    
20161021211229103210091    
20161021211229103210135    
20161021211229103210141    
20161021211229103210202    
20161021211229103210224    
20161021211229103220001    
201610212112291032400114   
20161021211229103240025    
20161021211229103240031    
20161021211229103240051    
20161021211229103240151    
20161021211229103241037    
20161021211229103250011    
20161021213709203810011    
20161021213709203810021    
201610212137092038100315   
20161021213709203810042    
20161021213709203810133    
20161021213709203810185    
20161021213709203810203    
20161021213709203810223    
20161021213709203810261    
20161021213709203820001    
20161021213709203820081    
20161021213709203840003    
20161021213709203840014    
20161021213709203840022    
20161021213709203840091    
20161021213709203841032    
20161021213709203841041    
20161021213709203841051    
20161021213709203841061    
20161021213709203841071    
20161021213709203850031    
20161021213758103310136    
20161021213758103320061    
20161021213758103320081    
20161021213758103330061    
20161021213758103340053    
20161021213758103310204    
20161021213758103310183    
20161021213758103310191    
20161021213758103310224    
20161021213758103310263    
20161021213758103341061    
20161021215231101310022    
20161021215231101310031    
20161021215231101310042    
20161021215231101310051    
20161021215231101310081    
201610212152311013101310   
20161021215231101310142    
20161021215231101310188    
20161021215231101310191    
20161021215231101310203    
20161021215231101310224    
20161021215231101310262    
20161021215231101320001    
20161021215231101340031    
20161021215231101340055    
20161021215231101340151    
20161021215231101340191    
20161021215231101341034    
20161021215231101341041    
20161021215231101377791    
