20161114004131300610012    
20161114004131300610472    
20161114004131300610652    
20161114004131300610682    
20161114004131300610821    
20161114004131300610862    
20161114004131300615042    
201611140041313006202012   
201611140041313006300130   
20161114004131300630151    
20161114004131300630271    
20161114004131300630326    
20161114004131300630392    
20161114004131300630561    
20161114004131300630681    
20161114004131300630891    
201611140042563008102510   
20161114004256300810324    
20161114004256300810661    
20161114004256300810793    
20161114004256300815161    
20161114004256300815371    
20161114004256300815401    
20161114004256300820101    
20161114004256300820201    
20161114004256300820402    
201611140042563008300110   
20161114004256300830041    
20161114004256300830272    
20161114013928301210125    
201611140139283012103415   
20161114013928301210361    
20161114013928301210651    
20161114013928301210681    
20161114013928301210861    
201611140139283012202012   
20161114013928301220331    
20161114013928301225041    
20161114013928301225261    
20161114013928301230045    
20161114013928301230131    
20161114013928301230395    
20161114013928301230401    
20161114041833300410141    
20161114041833300410173    
20161114041833300410257    
20161114041833300410276    
20161114041833300410303    
20161114041833300410323    
201611140418333004103410   
20161114041833300410471    
20161114041833300410624    
20161114041833300410651    
20161114041833300410862    
20161114041833300415071    
20161114041833300415162    
20161114041833300415261    
20161114041833300420011    
20161114041833300420051    
20161114041833300420101    
201611140418333004202012   
20161114041833300420271    
20161114041833300420401    
20161114041833300425221    
20161114041833300425251    
20161114041833300425261    
20161114041833300430017    
20161114041833300430113    
20161114041833300430271    
20161114041833300430326    
20161114041833300430351    
20161114041833300430393    
20161114041833300430452    
20161114041833300430691    
20161114041833300430703    
