20161219131554136410342    
20161219131554136420011    
20161219131554136420151    
20161219131554136410173    
20161219160341137610011    
20161219160341137610021    
20161219160341137610341    
20161219160341137610992    
20161219181010136610011    
20161219181010136620011    
20161219181010136620151    
20161219181010136610993    
20161219191500106610022    
20161219191500106610502    
20161219191500106610342    
20161219191500106620011    
20161219204728135410173    
20161219210114135810011    
20161219210114135810021    
20161219210114135810341    
20161219221822138510012    
20161219221822138510101    
20161219221822138520011    
20161219232113139210011    
20161219232113139210021    
201612192321131392500410   
20161219232303135710011    
20161219232303135710021    
20161219232700134310022    
20161219232700134310502    
20161219235050105410011    
20161219235053102010011    
20161219235053102010021    
20161219235053102010101    
20161219235053102030011    
20161219235053102010993    
20161219235053102020992    
20161219235328103410011    
20161219235328103410021    
20161219235328103410992    
20161219235332130810012    
20161219235332130810022    
20161219235611103410171    
20161219235611103410181    
20161220000714134710012    
20161220000714134710022    
20161220000714134720012    
20161220000714134720151    
20161220001545126110011    
20161220001545126110021    
20161220001545126120061    
20161220001545126150013    
20161220002846133810501    
20161220002846133810341    
20161220003331118410011    
20161220003331118410021    
20161220003331118410992    
20161220003331118420151    
20161220003331118420991    
20161220004830134010063    
20161220004830134010173    
20161220010912128110013    
20161220010912128110023    
20161220010912128120011    
20161220010912128130011    
20161220010912128190021    
20161220010912128120221    
20161220010912128110341    
20161220011806138740011    
20161220011806138710171    
20161220011806138710181    
20161220011806138710994    
20161220011806138720991    
20161220012440101510011    
20161220012440101510021    
20161220012440101510341    
20161220012440101510172    
20161220013314120610011    
20161220013314120610341    
20161220022542131510011    
20161220022542131510031    
20161220022542131510341    
20161220022542131520151    
20161220031043121610011    
20161220031043121610021    
20161220031043121610171    
20161220031043121620011    
20161220031043121620151    
20161220032720138410012    
20161220032720138410022    
20161220032720138420011    
20161220032720138450015    
20161220032720138410341    
