20160616140255103010022    
20160616140255103010224    
20160616140255103010262    
20160616140255103020011    
20160616140255103020022    
20160616140255103020052    
20160616140255103020074    
20160616140255103040031    
20160616140255103040052    
20160616140255103041033    
20160616140255103060071    
20160616143018100810021    
20160616143018100810042    
20160616143018100810131    
20160616143018100810188    
20160616143018100810222    
20160616143018100810262    
20160616143018100810203    
20160616143018100820001    
20160616143018100820011    
20160616143018100820024    
20160616143018100820052    
20160616143018100820065    
20160616143018100820081    
20160616143018100840015    
20160616143018100840022    
20160616143018100840151    
20160616143018100841035    
20160616155316100510011    
20160616155316100510021    
20160616155316100510031    
20160616155316100510051    
20160616155316100510061    
20160616155316100510223    
20160616155316100510264    
20160616155316100520001    
20160616155316100520011    
20160616155316100520022    
20160616155316100520031    
20160616155316100520065    
20160616155316100520104    
201606161553161005310310   
20160616155316100540002    
20160616155316100540013    
20160616155316100540021    
20160616155316100541033    
20160616155316100541041    
20160616172935202810021    
20160616172935202810041    
20160616172935202810051    
20160616172935202810132    
20160616172935202810161    
20160616172935202810191    
20160616172935202810202    
20160616172935202810222    
20160616172935202820041    
201606161729352028310320   
20160616172935202841033    
20160616174518100110011    
20160616174518100110031    
20160616174518100110133    
20160616174518100110185    
20160616174518100110192    
20160616174518100110202    
20160616174518100110222    
20160616174518100120011    
20160616174518100120025    
20160616174518100120031    
20160616174518100120056    
20160616174518100120063    
20160616174518100120081    
20160616174518100120104    
20160616174518100130044    
20160616174518100130071    
20160616174518100131034    
20160616174518100140052    
20160616174518100141036    
20160616174518100141041    
20160616174518100141051    
20160616174518100141071    
20160616174518100160091    
20160616182839102810021    
20160616182839102810042    
20160616182839102810133    
20160616182839102810182    
20160616182839102820001    
20160616182839102820022    
20160616182839102820061    
20160616182839102841033    
20160616190334202510011    
20160616190334202510022    
201606161903342025100320   
20160616190334202510041    
20160616190334202510061    
20160616190334202510091    
20160616190334202510132    
201606161903342025101810   
20160616190334202510191    
20160616190334202510202    
20160616190334202510222    
20160616190334202510251    
20160616190334202510263    
20160616190334202520001    
20160616190334202520051    
20160616190334202520072    
20160616190334202530121    
201606161903342025310320   
20160616190334202540052    
20160616190334202540093    
20160616190334202541035    
20160616190334202541041    
20160616204042205010042    
20160616204042205010185    
20160616204042205020021    
20160616204042205030042    
201606162040422050310320   
20160616204042205040031    
20160616204042205040093    
20160616204042205040151    
20160616204042205041032    
20160616204042205041042    
20160616204042205050013    
20160616204042205077792    
20160616204042205077802    
20160616205816204810041    
20160616205816204810134    
20160616205816204810224    
20160616205816204810263    
20160616205816204820001    
20160616205816204820021    
20160616205816204820051    
20160616205816204840031    
20160616205816204840051    
20160616205816204841033    
20160616205816204841041    
20160616205816204877791    
20160616205816204877801    
201606162112101037100320   
20160616211210103710081    
20160616211210103710091    
20160616211210103710161    
20160616211210103710183    
20160616211210103710202    
20160616211210103710222    
20160616211210103710262    
20160616211210103720011    
20160616211210103740001    
20160616211210103740015    
20160616211210103740022    
20160616211210103740191    
20160616211210103741031    
20160616211210103760071    
20160616212750104010021    
201606162127501040100320   
20160616212750104010041    
20160616212750104010182    
20160616212750104010203    
20160616212750104010223    
20160616212750104010262    
20160616212750104020001    
20160616212750104020011    
20160616212750104020023    
20160616212750104020052    
20160616212750104020061    
20160616212750104030061    
20160616212750104040002    
20160616212750104040015    
20160616212750104040022    
20160616212750104040031    
20160616212750104040051    
20160616212750104040151    
20160616212750104040191    
20160616212750104041035    
20160616212750104041041    
20160616212750104041051    
20160616212750104050012    
20160616212750104050031    
20160616213049104510011    
201606162130491045100320   
20160616213049104510041    
20160616213049104510202    
20160616213049104520021    
20160616213049104520051    
20160616213049104530121    
20160616213049104540001    
20160616213049104540014    
20160616213049104540071    
20160616213049104540151    
20160616213422103610011    
201606162134221036100340   
20160616213422103610041    
20160616213422103610185    
20160616213422103610192    
20160616213422103610202    
20160616213422103610223    
20160616213422103620011    
20160616213422103620022    
20160616213422103620051    
20160616213422103620091    
20160616213422103630061    
201606162134221036310320   
20160616213422103640052    
20160616213422103640153    
20160616213422103641034    
20160616214038103510022    
20160616214038103510031    
20160616214038103510041    
20160616214038103510051    
20160616214038103510061    
20160616214038103510081    
20160616214038103510221    
20160616214038103520001    
20160616214038103520021    
20160616214038103540001    
20160616214038103540013    
20160616214038103540021    
20160616214038103540031    
20160616214038103540091    
20160616214038103541032    
20160616214038103541041    
20160616214038103541051    
20160616214607204010023    
20160616214607204010031    
20160616214607204010132    
20160616214607204010181    
20160616214607204010202    
20160616214607204010221    
20160616214607204010261    
20160616214607204020011    
20160616214607204020021    
20160616214607204020031    
20160616214607204020051    
20160616214607204020062    
20160616214607204020081    
20160616214607204030043    
20160616214607204031031    
20160616214607204040191    
20160616214607204041032    
20160616214607204050012    
20160616215122204410011    
20160616215122204410021    
201606162151222044100330   
20160616215122204410042    
20160616215122204410136    
20160616215122204410202    
20160616215122204410222    
20160616215122204410263    
20160616215122204420001    
20160616215122204420012    
20160616215122204420028    
20160616215122204420053    
20160616215122204420061    
20160616215122204420075    
20160616215122204420081    
20160616215122204420104    
201606162151222044310330   
20160616215122204440002    
20160616215122204440016    
20160616215122204440022    
20160616215122204440052    
20160616215122204440093    
20160616215122204440151    
20160616215122204440191    
20160616215122204441034    
20160616215122204441042    
20160616215122204441051    
20160616215122204441071    
20160616215122204450011    
20160616215122204450023    
20160616215142203710011    
20160616215142203710022    
20160616215142203710031    
20160616215142203710042    
20160616215142203710101    
20160616215142203710135    
20160616215142203710188    
20160616215142203710202    
20160616215142203710224    
20160616215142203720021    
20160616215142203720051    
20160616215142203720061    
20160616215142203720071    
20160616215142203720081    
20160616215142203730045    
20160616215142203730061    
20160616215142203740031    
20160616215142203740151    
20160616215142203740191    
20160616215142203741034    
20160616215142203741042    
20160616215428103410031    
20160616215428103410041    
20160616215428103410135    
20160616215428103410184    
20160616215428103410204    
20160616215428103410223    
20160616215428103410263    
20160616215428103420082    
20160616215428103430121    
20160616215428103431031    
20160616215428103440191    
20160616215428103441035    
20160616215852204710021    
201606162158522047100320   
20160616215852204710042    
20160616215852204710133    
20160616215852204710183    
20160616215852204710201    
20160616215852204710261    
20160616215852204730045    
20160616215852204740031    
20160616215852204740052    
20160616215852204741032    
20160616215852204741041    
20160616215852204741061    
20160616215852204777792    
20160616215852204777801    
20160616215852204777811    
20160616220745204510011    
20160616220745204510022    
201606162207452045100360   
20160616220745204510042    
20160616220745204510051    
20160616220745204510136    
20160616220745204510203    
20160616220745204510224    
20160616220745204510263    
20160616220745204520001    
20160616220745204530043    
20160616220745204530121    
201606162207452045310320   
20160616220745204540031    
20160616220745204540052    
20160616220745204540151    
20160616220745204541035    
20160616220745204541041    
20160616220745204577791    
20160616220745204577801    
20160616222033103310011    
20160616222033103310022    
20160616222033103310043    
20160616222033103310061    
20160616222033103310132    
20160616222033103320011    
20160616222033103320023    
20160616222033103320053    
20160616222033103320081    
20160616222033103330045    
20160616222033103330061    
20160616222033103330071    
20160616222033103340014    
20160616222033103340024    
20160616222033103340051    
20160616222033103340152    
20160616222033103360071    
20160616222033103310032    
20160616222033103341036    
20160616222033103341041    
20160616222033103310182    
20160616222033103340191    
20160616222033103341051    
20160616222033103341071    
20160616223838104210021    
201606162238381042100320   
20160616223838104210134    
20160616223838104210183    
20160616223838104210222    
20160616223838104220001    
20160616223838104220021    
20160616223838104220052    
20160616223838104220072    
201606162238381042310320   
20160616223838104240001    
20160616223838104240012    
20160616223838104240021    
20160616223838104241041    
20160616223838104241061    
20160616223838104250041    
20160616224634104110022    
201606162246341041100330   
20160616224634104110042    
20160616224634104110051    
20160616224634104110061    
20160616224634104110136    
20160616224634104110191    
20160616224634104110202    
20160616224634104110223    
20160616224634104110261    
20160616224634104120001    
20160616224634104130121    
20160616224634104141033    
20160616224634104141041    
