20160519000037200310257    
20160519000037200310342    
20160519000037200310631    
20160519000037200310651    
20160519000037200320051    
20160519000037200320111    
201605190000372003202012   
20160519000037200320241    
20160519000037200320331    
20160519000037200325121    
20160519000037200330017    
20160519000037200330042    
20160519000037200330071    
20160519000037200330202    
20160519000037200330461    
20160519000037200330691    
20160519000037200330703    
20160519000037200340375    
20160519002826200210101    
20160519002826200210111    
20160519002826200210141    
20160519002826200210326    
20160519002826200210471    
20160519002826200210671    
20160519002826200210681    
20160519002826200220011    
20160519002826200225041    
20160519002826200225096    
20160519002826200225251    
20160519002826200225261    
20160519002826200230271    
20160519002826200230681    
