20160805204852102710171    
20160805204852102720022    
20160805204852102730221    
20160805204852102760875    
201608052048521027919310   
20160805215739105110012    
20160805215739105110131    
20160805215739105110171    
20160805215739105110291    
20160805215739105120021    
20160805215739105130121    
201608052157391051400110   
201608052157391051400310   
20160805215739105140061    
20160805215739105140251    
20160805215739105140262    
20160805215739105150131    
20160805215739105160292    
20160805220640109110131    
20160805220640109110143    
20160805220640109120023    
20160805220640109120051    
20160805220640109120061    
20160805220640109120071    
20160805220640109130082    
20160805220640109130221    
20160805220640109130232    
20160805220640109130242    
20160805220640109130251    
20160805220640109140071    
20160805220640109140081    
20160805220640109140251    
20160805220640109140272    
20160805220640109150011    
20160805220640109150081    
20160805220640109150101    
20160805220640109160075    
20160805220640109160111    
20160805220640109160222    
20160805220640109160272    
20160805220640109160361    
20160805220640109160371    
20160805223708110510013    
20160805223708110530221    
20160805223708110540271    
20160805223708110540321    
20160805223708110560091    
201608052237081105602612   
20160805223708110560785    
20160805223708110591112    
20160805223708110591372    
20160805223949109210015    
20160805223949109210132    
20160805223949109210171    
20160805223949109210291    
20160805223949109220091    
20160805223949109230082    
20160805223949109230103    
20160805223949109230125    
20160805223949109230222    
201608052239491092303212   
20160805223949109230512    
20160805223949109230641    
201608052239491092400110   
201608052239491092400310   
201608052239491092400410   
201608052239491092401210   
20160805223949109250092    
20160805223949109260025    
20160805223949109260121    
20160805223949109260211    
20160805223949109260261    
20160805223949109260281    
20160805223949109260371    
20160805224423109410017    
20160805224423109410131    
20160805224423109410292    
20160805224423109430102    
20160805224423109430221    
20160805224423109430232    
20160805224423109430261    
20160805224423109430271    
20160805224423109430281    
20160805224423109430313    
20160805224423109430641    
20160805224423109460203    
20160805224423109460281    
20160805224449110610011    
20160805224449110610131    
20160805224449110610291    
20160805224449110620012    
20160805224449110620022    
20160805224449110620061    
20160805224449110630042    
20160805224449110630103    
20160805224449110630122    
20160805224449110630221    
20160805224449110630231    
20160805224449110630261    
20160805224449110630271    
20160805224449110630281    
20160805224449110630491    
20160805224449110630511    
20160805224449110640271    
20160805224449110640301    
20160805224449110650011    
20160805224449110660292    
20160805224449110691941    
20160805225614107910018    
20160805225614107910142    
20160805225614107910178    
20160805225614107920024    
20160805225614107930224    
20160805225614107930641    
20160805225614107940052    
20160805225614107940251    
20160805225614107960121    
20160805225614107960252    
20160805225614107960262    
20160805225614107960272    
20160805225614107960281    
20160805225614107992122    
20160805233409100520021    
20160805233409100540211    
20160805233409100540271    
20160805233409100550081    
201608052334091005919310   
20160805234550112410013    
20160805234550112410132    
20160805234550112410171    
20160805234550112410292    
20160805234550112420022    
20160805234550112430102    
20160805234550112430233    
20160805234550112430242    
20160805234550112430251    
20160805234550112430291    
20160805234550112430312    
20160805234550112430641    
201608052345501124306810   
20160805234550112440271    
20160805234550112450011    
20160805234550112460251    
20160805234550112460292    
201608052345501124919315   
20160805234550112492121    
20160805234834109130511    
20160806000034102610014    
20160806000034102610131    
20160806000034102610143    
20160806000034102610172    
20160806000034102620022    
20160806000034102630222    
20160806000034102630261    
20160806000034102630271    
20160806000034102630352    
20160806000034102630511    
201608060000341026401010   
20160806000034102640271    
20160806000034102650011    
20160806000034102650061    
20160806000034102650081    
20160806000034102650101    
20160806000034102660281    
201608060049201087100110   
20160806004920108710131    
20160806004920108710292    
20160806004920108730122    
20160806004920108730223    
20160806004920108730233    
20160806004920108730261    
20160806004920108730271    
20160806004920108730281    
20160806004920108730331    
201608060049201087400110   
201608060049201087400310   
20160806004920108740081    
20160806004920108740231    
20160806004920108740252    
20160806004920108740272    
20160806004920108750012    
20160806004920108750061    
20160806004920108750081    
20160806005953110110013    
20160806005953110110131    
20160806005953110110291    
20160806005953110120021    
20160806005953110130101    
20160806005953110130231    
20160806005953110140051    
20160806005953110140251    
20160806005953110140271    
20160806005953110150061    
20160806005953110160161    
20160806013452113910366    
20160806013452113910372    
20160806013452113910392    
20160806013452113920023    
20160806013452113930222    
20160806013452113930291    
20160806013452113930351    
20160806013452113930641    
20160806013452113930681    
20160806013452113950012    
20160806013452113950062    
20160806013452113960021    
20160806013452113960142    
201608060134521139602910   
20160806013452113960361    
20160806013452113992153    
20160806025436113410366    
