20160624190349900100171    
201606241903499001100110   
20160624230056310200301    
201606242300563102100910   
20160624230056310210106    
20160624230056310240021    
20160624230056310240052    
20160624230056310240062    
201606242300563102520220   
20160624230056310253031    
20160624230056310260021    
20160624230056310260031    
20160624230056310260056    
20160624230056310260061    
20160624230056310260101    
20160624230056310260121    
20160624230056310280091    
20160624230056310280104    
20160624230056310280142    
201606242305101205100910   
20160624230510120510108    
20160624230510120510111    
20160624230510120520051    
20160624230510120530022    
20160624230510120550013    
20160624230510120550061    
20160624230510120580142    
20160625014053110110093    
20160625014053110110103    
20160625014053110120041    
20160625014053110130011    
20160625014053110130021    
20160625014053110140051    
20160625014053110140061    
20160625014053110150011    
20160625014053110152022    
20160625014053110159901    
20160625014053110160041    
20160625014053110160081    
20160625014053110180101    
20160625014053110180141    
