20160907094414320340001    
20160907094414320340011    
20160907094414320350101    
20160907094414320359951    
20160907094414320360331    
20160907103912821040011    
20160907103912821060001    
20160907103912821060381    
20160907104021700640001    
20160907104021700640011    
20160907104021700640031    
20160907104021700650101    
20160907104021700658011    
20160907104021700660331    
20160907104205811140001    
20160907104205811150101    
20160907104205811160001    
20160907104205811160081    
20160907104205811160091    
20160907104205811160381    
20160907104233051940001    
20160907104233051940011    
20160907104348580140001    
20160907104348580140011    
20160907104348580160001    
20160907104348580160091    
20160907104348580160331    
20160907104348580160601    
20160907104441240140001    
20160907104441240160001    
20160907104441240160391    
20160907104441240160201    
20160907104441240150101    
20160907104447811140021    
20160907104509320340021    
20160907104537580140021    
