201612291849541324010140   
20161229184954132401042    
20161229184954132401131    
20161229184954132401142    
20161229184954132402071    
20161229184954132403082    
20161229184954132402175    
20161229184954132402231    
20161229184954132403175    
20161229184954132401355    
20161229184954132402341    
20161229184954132401475    
20161229184954132401485    
20161229184954132402532    
20161229184954132402611    
20161229184954132402771    
20161229184954132402831    
20161229201835132002321    
201612292018351320014820   
20161229210542130401071    
20161229210542130401354    
20161229210542130401391    
20161229210542130401401    
20161229210542130401473    
20161229210542130402177    
20161229210542130402207    
20161229210542130402283    
20161229210542130402822    
20161229210542130402844    
20161229210542130403072    
20161229210542130403081    
20161229210542130403172    
20161229210542130460331    
201612292221501320010120   
20161229222150132002341    
20161229223846122801041    
20161229223846122801051    
20161229223846122801072    
20161229223846122801144    
20161229223846122801192    
201612292238461228021125   
20161229223846122803012    
20161229223846122803063    
20161229223846122803083    
201612292347061325010110   
20161229234706132502071    
20161229234706132502341    
20161229235143132503072    
20161230002005126601071    
20161230002005126601142    
20161230002005126602072    
201612300020051266021110   
20161230002005126602205    
20161230002005126602321    
201612300020051266025210   
20161230002005126603011    
20161230002005126603081    
20161230002005126613081    
20161230004226132503081    
20161230004226132502341    
20161230004226132502842    
20161230004813132501472    
20161230004813132502771    
201612300127541010010130   
20161230012754101001071    
20161230012754101001483    
201612300127541010021110   
20161230012754101003082    
201612300136471207010120   
20161230013647120701071    
20161230013647120701131    
20161230013647120701161    
20161230013647120701211    
20161230013647120701475    
201612300136471207021120   
20161230013647120702221    
20161230013647120702823    
20161230013647120703011    
20161230013647120703063    
20161230013647120703081    
20161230013647120723151    
20161230020208129301353    
20161230020208129301483    
20161230020208129302071    
20161230020208129302113    
20161230020208129302822    
20161230020208129303071    
201612300244371287010150   
20161230024437128701131    
20161230024437128701141    
20161230024437128702074    
20161230024437128703012    
20161230024437128703081    
20161230024437128713081    
20161230024437128701192    
20161230024437128702115    
20161230024437128702202    
20161230024437128713112    
20161230024437128702281    
20161230024437128760012    
20161230024437128701391    
20161230024437128701475    
201612300244541002010120   
20161230024454100201051    
20161230024454100201071    
20161230024454100201142    
20161230024454100201442    
20161230024454100202112    
20161230024454100202535    
20161230024454100203071    
20161230024454100203081    
20161230024454100213051    
20161230024454100260852    
20161230045102131401015    
20161230045102131401352    
20161230045102131402071    
20161230045102131402112    
20161230045102131402202    
20161230045102131402341    
20161230045102131402521    
20161230045102131402781    
20161230045102131403061    
20161230045102131403071    
20161230045102131403081    
20161230045102131413081    
