20161108194434112920023    
20161108194434112940211    
20161108194434112950061    
20161108194434112960121    
20161108194434112960261    
20161108194434112991932    
20161108231813110510011    
20161108231813110510171    
20161108231813110530221    
20161108231813110530311    
20161108231813110530641    
20161108231813110540271    
20161108231813110550011    
20161108231813110550081    
20161108231813110560121    
20161108231813110560221    
20161108231813110560251    
20161108231813110560271    
20161108231813110560552    
20161108231813110560785    
20161108232256107910012    
20161108232256107920022    
20161108232256107930221    
20161108232256107940051    
20161108232256107940261    
20161108232256107950091    
20161108232256107960202    
20161108232256107960252    
20161108232256107960261    
20161108232256107960271    
20161108232256107992121    
20161108232911111010012    
20161108232911111010172    
20161108232911111010292    
20161108232911111020013    
20161108232911111020022    
20161108232911111030032    
20161108232911111030103    
20161108232911111030312    
20161108232911111030341    
201611082329111110400130   
20161108232911111040262    
20161108232911111050011    
20161108232911111050041    
20161108232911111060011    
20161108232911111060171    
20161109002832110910014    
20161109002832110910131    
20161109002832110910174    
20161109002832110930284    
20161109002832110930491    
20161109002832110940231    
20161109002832110940241    
20161109002832110940261    
20161109002832110950011    
20161109002832110950071    
20161109002832110960031    
20161109002832110960061    
20161109002832110960281    
201611090028321109919315   
20161109003909110310146    
20161109003909110310171    
20161109003909110360073    
20161109003909110360552    
20161109003909110391938    
20161109023819109210013    
20161109023819109210132    
20161109023819109210172    
20161109023819109220025    
20161109023819109230072    
20161109023819109230102    
20161109023819109230122    
20161109023819109230221    
20161109023819109230321    
20161109023819109250041    
20161109023819109250051    
20161109023819109260052    
20161109023819109260062    
20161109023819109260252    
20161109023819109260261    
20161109033346113410014    
20161109033346113410365    
20161109033346113410391    
20161109033346113420025    
20161109033346113420052    
201611090333461134400410   
20161109033346113440181    
20161109033346113450082    
20161109033346113460251    
20161109033346113460271    
201611090333461134919317   
20161109033346113491984    
20161109033346113492061    
