20160605205520108210142    
20160605205520108220022    
20160605205520108230223    
20160605205520108230641    
20160605205520108240081    
20160605205520108240125    
20160605205520108240191    
20160605205520108240201    
20160605205520108250041    
20160605205520108250051    
20160605205520108250081    
20160605205520108250101    
20160605205520108260031    
20160605205520108260042    
20160605205520108260051    
20160605205520108260161    
20160605205520108260252    
20160605205520108260301    
20160605214343104710013    
20160605214343104720012    
20160605214343104720024    
20160605214343104740261    
20160605214343104750081    
20160605214343104760031    
20160605222536112910013    
20160605222536112920023    
20160605222536112940161    
20160605222536112940661    
20160605222536112950011    
20160605222536112950061    
20160605222536112960261    
201606052225361129919310   
20160605224443112710171    
20160605224443112710281    
20160605224443112710293    
20160605224443112720062    
20160605224443112720072    
20160605224443112720103    
20160605224443112730062    
20160605224443112730101    
20160605224443112730221    
20160605224443112730231    
20160605224443112730311    
20160605224443112730491    
20160605224443112730511    
20160605224443112750011    
20160605224443112750071    
20160605224443112760074    
20160605224443112760101    
20160605224443112760121    
20160605224443112760171    
20160605224443112760223    
20160605224443112760251    
20160605224443112760371    
20160605230534108410012    
20160605230534108410171    
20160605230534108420011    
20160605230534108420061    
20160605230534108430102    
20160605230534108430221    
20160605230534108430261    
20160605230534108430271    
20160605230534108430281    
20160605231652107910015    
20160605231652107910142    
20160605231652107910175    
20160605231652107910281    
20160605231652107920023    
20160605231652107930222    
20160605231652107940211    
20160605231652107940261    
20160605231652107950051    
20160605231652107950071    
20160605231652107950091    
20160605231652107950101    
20160605231652107960205    
20160605231652107960253    
20160605231652107960261    
20160605231652107960272    
20160605231804109210014    
20160605231804109210131    
20160605231804109210171    
20160605231804109210291    
20160605231804109220024    
20160605231804109220091    
20160605231804109230103    
20160605231804109230122    
20160605231804109230222    
20160605231804109230231    
20160605231804109230295    
20160605231804109230682    
20160605231804109240211    
20160605231804109240241    
20160605231804109260042    
20160605231804109260062    
20160605231804109260252    
20160605231804109260261    
20160605231804109260281    
20160605234101100520021    
20160605234101100520051    
20160605234101100530203    
20160605234101100530231    
20160605234101100540271    
20160605234101100550061    
20160605234101100550081    
20160605234101100560181    
201606052341011005919315   
20160605235023111010013    
20160605235023111010131    
20160605235023111020016    
20160605235023111020023    
20160605235023111030031    
20160605235023111030042    
20160605235023111030221    
20160605235023111030292    
20160605235023111030312    
20160605235023111040262    
20160605235023111060011    
20160605235023111060253    
20160605235023111060261    
20160606000549110510016    
20160606000549110510281    
20160606000549110510291    
20160606000549110520025    
20160606000549110530221    
20160606000549110530231    
20160606000549110530641    
20160606000549110540022    
20160606000549110540033    
20160606000549110540043    
20160606000549110540231    
20160606000549110540661    
20160606000549110550012    
20160606000549110550061    
20160606000549110550081    
20160606000549110560043    
20160606000549110560141    
20160606000549110560252    
20160606000549110560261    
20160606000549110560295    
20160606000549110560875    
20160606000549110591051    
20160606000549110591076    
20160606000549110591935    
20160606001151110910014    
20160606001151110910131    
20160606001151110910171    
20160606001151110910291    
20160606001151110930101    
20160606001151110940271    
20160606001151110950011    
20160606001151110950091    
20160606001151110960281    
20160606001151110960876    
20160606001151110991051    
20160606001151110991073    
20160606001151110991113    
201606060018181135103610   
2016060600181811351037130  
20160606001818113510392    
201606060018181135200215   
20160606001818113520051    
20160606001818113530061    
20160606001818113530231    
20160606001818113540182    
20160606001818113540211    
20160606001818113540252    
20160606001818113540265    
20160606001818113550083    
20160606001818113550103    
20160606001818113560011    
20160606001818113560172    
20160606001818113560211    
20160606001818113591872    
201606060018181135919320   
201606060018181135919825   
201606060018181135920122   
20160606002004110560211    
20160606012456110310144    
20160606012456110310174    
20160606012456110330221    
20160606012456110360041    
20160606012456110360251    
20160606012456110391371    
20160606030758112110013    
20160606030758112110142    
20160606030758112110175    
20160606030758112120051    
20160606030758112130104    
20160606030758112130222    
20160606030758112130231    
20160606030758112130641    
20160606030758112140191    
20160606030758112150071    
20160606030758112160061    
20160606030758112160372    
201606060344111134103612   
20160606034411113410391    
201606060344111134200210   
20160606034411113430061    
20160606034411113430224    
20160606034411113430233    
20160606034411113430325    
20160606034411113430641    
20160606034411113450063    
20160606034411113460261    
201606060344111134919323   
20160606034411113491982    
201606060344111134920110   
