20161012202206133010011    
20161012202206133010021    
20161012202206133010341    
201610122022061330500110   
20161012211037108410172    
20161012214252132110012    
20161012214252132110022    
20161012214252132110341    
20161012214438132130011    
20161012214633132310011    
20161012214633132310021    
20161012214633132320011    
20161012214633132310341    
20161012214940160410012    
20161012214940160410022    
20161012214940160410341    
20161012214940160420081    
20161012215933123010011    
20161012215933123010021    
20161012215933123010172    
20161012215933123020011    
20161012215933123020151    
20161012221643151210171    
20161012223739160510011    
20161012223739160510021    
20161012223739160510341    
20161012225234151110012    
20161012225234151110022    
20161012225234151110173    
20161012225234151120141    
20161012225358125010211    
20161012225358125010062    
20161012231338110410011    
20161012231338110410021    
20161012231338110410341    
20161012231338110420071    
20161012231338110420151    
20161012231338110420251    
20161012231338110420281    
20161012231338110440011    
20161012231502114410012    
20161012231502114410022    
20161012231502114410101    
20161012231502114420011    
20161012231910150610013    
20161012231910150610023    
20161012231910150610102    
20161012231910150620111    
20161012231910150610212    
20161012231910150630078    
20161012231910150630092    
20161012231910150620011    
20161012231910150630011    
20161012231910150620191    
20161012232114161810011    
20161012232114161810021    
20161012232114161820011    
20161012232114161810341    
20161012232527150410011    
20161012232527150410021    
20161012232527150410341    
20161012233923162310011    
20161012233923162310021    
20161012233923162310031    
20161012233923162350011    
20161012234035116510011    
20161012234035116510021    
20161012234035116510341    
20161012234035116510071    
20161012234131152610172    
20161012234131152620152    
20161012234131152620321    
20161012234131152640012    
20161012234758163310012    
20161012234758163310022    
20161012234758163320251    
20161012234758163320261    
20161012235457127010012    
20161012235457127010022    
20161012235457127010341    
20161012235457127020011    
20161012235936126410012    
20161012235936126410022    
20161012235936126410211    
20161013000021123110011    
20161013000021123110021    
20161013000021123110072    
20161013000021123110081    
20161013000021123110101    
20161013000150104210011    
20161013000150104210021    
20161013000213151510012    
20161013000213151510022    
20161013000213151510171    
20161013000213151510193    
20161013000213151510342    
20161013000213151520011    
20161013000213151520151    
20161013000213151530011    
20161013002156161510012    
20161013002156161510022    
20161013002156161510031    
20161013002156161510341    
20161013002156161520011    
20161013002156161520151    
20161013002156161540011    
20161013002649100910011    
20161013002649100910021    
20161013002649100910341    
20161013002649100920051    
20161013003524125710011    
20161013003524125710021    
20161013003524125720142    
20161013003533153110011    
20161013003533153110021    
20161013003533153110031    
20161013003533153110101    
20161013003533153140041    
20161013003804131410171    
20161013003829125510012    
20161013003829125510022    
20161013003829125520011    
20161013004136129110174    
20161013004143162610011    
20161013004143162610021    
20161013004143162610081    
20161013004143162610192    
20161013004143162610341    
20161013004143162620011    
20161013004236152410013    
20161013004236152410023    
20161013004236152410341    
20161013004236152410172    
20161013004236152420011    
20161013005612130210012    
20161013005612130210022    
20161013005612130220011    
20161013005612130210101    
20161013005632108710011    
20161013005632108710021    
20161013005632108710341    
20161013005632108740011    
20161013005729125310011    
20161013005729125310021    
20161013005729125320011    
20161013005729125340011    
20161013005731108710064    
20161013010544151710172    
20161013011415121010011    
20161013011415121010021    
20161013011415121020011    
20161013011555129310011    
20161013011555129310021    
20161013011555129310171    
20161013012415118610012    
20161013012415118610022    
20161013012415118620071    
20161013012415118620081    
20161013012415118630011    
20161013012415118610342    
20161013012516112910012    
20161013012516112910022    
20161013012516112920012    
201610130125161129100610   
20161013012800130110012    
20161013012800130110022    
20161013012800130110031    
20161013012800130120011    
20161013012800130110341    
20161013013318163410011    
20161013013318163410021    
20161013013318163410341    
20161013013920160810011    
20161013013920160810021    
20161013013920160810081    
20161013013920160810177    
20161013013920160810183    
20161013013920160820281    
20161013013920160810341    
20161013014043130410012    
20161013014043130410022    
20161013014043130410171    
20161013014043130410181    
20161013014043130410341    
20161013014043130430011    
20161013014539104410011    
20161013014539104410021    
20161013014539104410172    
20161013014539104420011    
20161013014539104430011    
20161013014810134010011    
20161013014810134010021    
20161013014810134010172    
20161013014810134020151    
20161013015142127610061    
20161013015142127610072    
20161013020005128810012    
20161013020005128810022    
20161013020005128810342    
20161013020005128820011    
20161013022034162510012    
20161013022034162510022    
20161013022034162510171    
20161013022114151810011    
20161013022114151810021    
20161013022114151810031    
20161013022114151810341    
20161013022912123710011    
20161013022912123710021    
20161013022912123710171    
20161013022912123710341    
20161013022912123720013    
20161013022912123720071    
20161013022912123720091    
20161013034420161210012    
20161013034420161210022    
20161013034420161210074    
20161013034420161210085    
20161013034420161210174    
20161013034420161210342    
20161013034420161220011    
20161013034420161230011    
20161013041823131310012    
20161013041823131310022    
20161013041823131310192    
20161013041823131310341    
20161013041823131320251    
20161013041823131350015    
20161013050811160210012    
20161013050811160210022    
20161013050811160210171    
20161013050811160210341    
20161013050811160220011    
