20161121193817102720011    
20161121193817102730121    
20161121193817102740191    
20161121193817102740271    
20161121193817102750101    
20161121193817102760231    
20161121193817102760782    
20161121193817102791937    
20161121204810109410015    
20161121204810109420011    
20161121204810109430222    
20161121204810109430312    
20161121204810109440251    
20161121204810109450011    
20161121204810109450071    
20161121204810109450091    
20161121204810109450101    
20161121204810109460022    
20161121204810109460061    
20161121204810109460222    
20161121204810109460251    
20161121204810109460281    
20161121204810109460292    
20161121205511109440062    
20161121205511109440071    
20161121212234109110012    
20161121212234109120023    
20161121212234109130221    
20161121212234109130274    
20161121212234109130282    
20161121212234109130322    
201611212122341091400110   
20161121212234109140052    
20161121212234109150011    
20161121212234109160032    
20161121212234109160251    
20161121212234109160281    
20161121212234109160301    
20161121212234109160371    
20161121212234109191111    
20161121213418113610372    
20161121213418113620024    
20161121213418113630331    
20161121213418113640311    
20161121213418113640321    
20161121213418113650091    
20161121213418113660171    
201611212134181136919315   
2016112121341811369196105  
20161121213418113692134    
20161121213925105110012    
20161121213925105110131    
20161121213925105110172    
20161121213925105110291    
20161121213925105120022    
20161121213925105130072    
20161121213925105130121    
20161121213925105130221    
20161121213925105130511    
20161121213925105130641    
20161121213925105160031    
20161121213925105160062    
20161121213925105160222    
20161121215608113530331    
20161121215608113540052    
20161121215608113540273    
20161121215608113540322    
20161121215608113550013    
20161121215608113550082    
201611212156081135919340   
2016112121560811359196150  
20161121220514110610014    
20161121220514110610131    
20161121220514110610172    
20161121220514110610291    
20161121220514110620024    
20161121220514110630041    
20161121220514110630101    
20161121220514110630121    
20161121220514110630221    
20161121220514110630311    
20161121220514110640251    
20161121220514110640271    
20161121220514110640321    
20161121220514110650011    
20161121220514110650081    
20161121220514110660031    
20161121221621112410014    
20161121221621112420011    
20161121221621112420022    
20161121221621112430101    
20161121221621112430221    
201611212216211124302310   
20161121221621112430511    
20161121221621112440251    
20161121221621112450011    
201611212216211124919317   
20161121222741102791938    
20161121231223113910011    
20161121231223113910364    
20161121231223113910371    
20161121231223113910391    
20161121231223113930641    
20161121231223113950012    
20161121231223113950062    
20161121231223113960102    
20161121231223113960201    
20161121231223113960231    
20161121231223113960253    
20161121234426108710131    
20161121234426108710292    
20161121234426108730292    
20161121234426108730312    
20161121234426108730331    
20161121234426108740081    
20161121234426108740211    
20161121234426108740251    
20161121234426108740271    
20161121234426108750011    
20161121234426108750061    
20161121234426108760101    
20161121234426108760201    
20161121234426108760251    
20161121234426108760281    
201611212344261087603010   
20161121234426108760341    
20161121234426108760351    
201611212344261087919315   
20161121234531110110014    
20161121234531110110174    
20161121234531110120022    
20161121234531110140211    
20161121234531110150011    
201611212345311101919310   
20161122003702104610293    
20161122003702104620022    
20161122003702104620101    
20161122003702104630291    
20161122003702104650012    
20161122003702104650061    
20161122003702104650081    
20161122005436101210014    
20161122005436101230101    
20161122005436101250041    
20161122005436101250052    
20161122044123101910012    
20161122044123101920091    
