20161213195742111310011    
20161213195742111310021    
20161213195742111310031    
20161213195742111310991    
20161213195742111320081    
20161213195742111330011    
20161213200257109110012    
20161213200257109110022    
20161213200257109110341    
20161213212349139910011    
20161213212349139910021    
20161213212349139910341    
20161213215714126810012    
20161213215714126810022    
20161213215714126810101    
20161213215714126850012    
20161213215714126820141    
20161213222552135410011    
20161213222552135410021    
20161213222552135410993    
20161213222552135420992    
20161213230217135410341    
20161213232050102510011    
20161213232050102510021    
20161213234113102010011    
20161213234113102010021    
20161213235237135710012    
20161213235237135710022    
20161213235458119410012    
20161213235458119410022    
20161213235458119420011    
20161213235458119410102    
20161213235458119410993    
20161213235458119420991    
20161214000026130810012    
20161214000026130810022    
20161214000026130810101    
20161214000026130820011    
20161214000026130850015    
20161214001308109810506    
20161214001308109810026    
20161214001308109810342    
20161214001308109820011    
20161214001308109830011    
20161214001454136410342    
20161214001454136420011    
20161214001454136420151    
20161214001454136410173    
20161214001454136440011    
20161214001735100210011    
20161214001735100210032    
20161214001735100220011    
20161214002129118410011    
20161214002129118410021    
20161214002129118410341    
20161214002129118420011    
20161214002129118420071    
20161214002129118420251    
20161214003030131510061    
20161214003031135810011    
20161214003031135810021    
20161214003031135810062    
20161214005555139410175    
20161214005722128120141    
20161214005722128110341    
20161214010204101210502    
20161214010204101210341    
20161214010204101220012    
20161214010204101220071    
20161214010204101220081    
20161214010241134710012    
20161214010241134710022    
20161214010241134720012    
20161214010558117210011    
20161214011120134010011    
20161214011120134010021    
20161214011120134010031    
20161214011120134010101    
20161214011120134010173    
20161214011120134010994    
20161214011120134020991    
20161214011120134020061    
20161214011300101510011    
20161214011300101510021    
20161214011300101510341    
20161214011641126110012    
20161214011641126110022    
20161214011641126110342    
20161214011641126120011    
20161214011828134210073    
20161214011828134210081    
20161214011828134210174    
20161214015421111410012    
20161214015421111410022    
20161214015421111410341    
20161214015421111420011    
20161214015421111430011    
20161214023033105410011    
20161214023033105410341    
20161214024934137610011    
20161214024934137610021    
20161214024934137610171    
20161214042413122510013    
20161214042413122510023    
20161214042413122510342    
20161214042413122520011    
20161214042413122550012    
