20160427164536300711022    
20160427164536300711051    
20160427164536300711061    
20160427164536300711013    
20160427164609301611013    
20160427164609301611022    
20160427165624101011021    
20160427165624101011061    
20160427165624101011012    
20160427170715302411012    
20160427170715302411021    
20160427170715302411051    
20160427174748100411012    
20160427174748100411021    
20160427174748100411031    
20160427180007102711023    
20160427180007102711061    
20160427180007102711015    
20160427180007102712031    
20160427180539200111012    
20160427182304300712011    
20160427183721302211021    
20160427183721302211051    
20160427183721302211013    
20160427183721302211131    
20160427183721302213121    
20160427192242101211012    
20160427192242101211021    
20160427192242101212011    
20160427193408100911013    
20160427193408100911021    
20160427193408100911131    
20160427194301101911012    
20160427194301101911021    
20160427194301101911031    
20160427194301101911061    
20160427194301101912031    
20160427194301101911051    
20160427194301101911131    
20160427195013200111061    
20160427200922201011021    
20160427200922201011011    
20160427201930300111012    
20160427201930300111022    
20160427205038200811011    
20160427205038200811021    
20160427205418200411011    
