20160425211543114313071    
20160425211543114313081    
20160425211543114313301    
20160425211543114313311    
20160425211543114314021    
20160425211543114315086    
20160425211711114313021    
20160425211711114313031    
20160425212223112812132    
20160425212223112813021    
20160425212223112814001    
20160425212223112814023    
20160425212223112814041    
20160425212223112815141    
20160425212223112816031    
201604252131031017100040   
201604260811427001120010   
201604260811427001120412   
201604260811427001121230   
20160426081142700113031    
20160426081142700113056    
201604260811427001133024   
20160426081142700114044    
201604260811427001160210   
20160426081142700116041    
20160426081142700116053    
20160426081142700130032    
20160426081142700130053    
20160426081142700150015    
20160426081142700150041    
20160426081142700150071    
20160426081142700150126    
201604260811427001510512   
201604260811427001520015   
201604260811427001520710   
20160426081142700152106    
20160426081142700152116    
20160426081142700152206    
20160426081142700152226    
20160426081142700160017    
20160426081142700160027    
201604260929051069100010   
201604260936051100120710   
20160426093605110013021    
20160426093605110013091    
20160426093605110014023    
20160426093605110014032    
20160426093605110015141    
20160426093605110016031    
20160426093605110017072    
20160426095638103112136    
20160426095638103113023    
20160426095638103113031    
20160426095638103113094    
20160426095638103114031    
20160426095638103114092    
201604261005181047100010   
201604261019031165100020   
20160426101903116512082    
20160426101903116512133    
20160426101903116513021    
20160426101903116513071    
20160426101903116516022    
201604261054011063100010   
20160426105401106312072    
201604261054011063150510   
20160426105401106316022    
20160426105723350013305    
20160426105723350013318    
20160426105723350014174    
20160426105723350014181    
20160426105723350052002    
201604261059491027100020   
201604261127061005100010   
201604261133111156120310   
20160426113311115614025    
20160426113311115614091    
20160426120157700353022    
20160426120157700353031    
20160426120157700353191    
20160426124032106717011    
20160426124409111713041    
20160426124409111713052    
20160426124409111713092    
20160426131449104516001    
20160426131816112513041    
20160426131816112513051    
20160426132649110313043    
20160426132815700213031    
20160426132815700251051    
20160426132929700217011    
20160426133520100212071    
20160426133520100214022    
20160426133520100212132    
20160426133520100215142    
20160426134417112814024    
201604261347091110100020   
20160426134709111012135    
20160426134709111013041    
20160426134709111013315    
20160426134709111016022    
20160426134851111313051    
201604261348521130100010   
20160426134852113012084    
20160426134852113012124    
20160426134852113013041    
20160426134852113013091    
20160426134852113014001    
20160426134852113014021    
20160426134852113014031    
20160426134852113014041    
201604261348521130150510   
20160426134852113015142    
20160426134852113016031    
201604261350261053100010   
20160426135026105312071    
20160426135026105312081    
20160426135026105313031    
20160426135026105314082    
201604261350261053150210   
20160426135026105314061    
20160426135026105313071    
20160426135026105315101    
