20161028193352005700105    
20161028193352005700295    
201610281933520057005820   
20161028193352005701112    
20161028193508005700712    
201610290013250695001120   
20161029001325069500585    
20161029001325069500921    
20161029001325069501111    
20161029001325069502181    
201610290013250695060115   
201610290029151223001130   
20161029002915122300047    
20161029002915122300073    
20161029002915122306015    
201610290029151223010612   
20161029002915122300131    
20161029002915122300142    
20161029002915122301071    
20161029002915122302181    
20161029004533040000353    
201610290045330400005860   
20161029004533040000712    
20161029004533040000981    
201610290045330400010610   
20161029004533040001113    
20161029004533040002181    
20161029013013063001063    
201610290130130630000410   
20161029013013063000931    
20161029013013063001111    
20161029013156135801111    
201610290131561358031730   
20161029013219135800355    
201610290156570051000440   
20161029015657005101141    
20161029015657005102183    
201610290156570051060120   
201610290156570051007540   
20161029021635135400041    
201610290216351354001120   
201610290325250815000210   
201610290325250815060110   
201610290453050503000415   
20161029045305050300305    
20161029045305050300761    
20161029045305050301065    
201610290653022001001115   
20161029065302200100145    
20161029065302200100585    
20161029065302200100622    
20161029065302200100714    
20161029065302200101093    
20161029065302200101112    
20161029065302200102181    
20161029065302200106013    
201610290653300024000410   
20161029065330002406012    
20161029065330002406222    
201610290653501423031710   
201610290654140041031510   
20161029065459200200142    
201610290654592002005830   
20161029065459200200712    
20161029065459200200931    
20161029065459200201065    
20161029065459200201112    
20161029065459200201171    
20161029065459200202181    
20161029065551140100774    
201610290655511401008020   
2016102906555114010124180  
20161029065720001600185    
20161029065720001600774    
2016102906572000160079220  
201610290657200016008025   
201610290657200016012510   
20161029065720001603184    
201610290658251374000410   
201610290658251374001110   
20161029065825137400931    
20161029065825137402181    
2016102906592300800004100  
20161029065923008000711    
20161029065923008000921    
20161029065923008001118    
