20160409205158100220021    
201604092051581002100310   
20160409205158100220241    
20160409205158100220251    
20160409205158100220081    
20160410232858101110013    
20160410232858101120021    
201604102328581011100210   
20160410232858101120031    
20160410232858101110081    
20160410232858101120041    
20160410232858101120252    
201604102328581011100325   
20160410232858101110071    
20160410232858101110101    
20160411104325104720081    
20160411104325104720011    
20160411104325104720031    
201604111043251047100312   
20160411104325104720051    
20160411104325104710012    
20160411104325104720021    
20160411104325104720231    
20160411113129104920021    
20160411113129104910032    
20160411114840100120011    
20160411114840100120081    
20160411114840100120231    
201604111148401001202610   
20160411114840100110081    
20160411114840100120021    
201604111148401001100312   
20160411114840100110101    
20160411114840100110071    
20160411114840100120031    
201604111207191051100210   
201604111215431037100210   
20160411121543103710034    
20160411124457102820231    
20160411124457102820081    
201604111244571028100210   
201604111244591034100210   
20160411124459103410161    
20160411124459103420011    
20160411124459103420031    
20160411124459103410012    
20160411124459103420021    
20160411124459103420061    
201604111244591034100310   
20160411124459103420251    
20160411124459103420262    
20160411124459103420081    
