201607262032591614100180   
20160726203259161410132    
20160726203259161410292    
20160726203259161410581    
20160726203259161410631    
201607262217550186100140   
20160726221755018610132    
20160726221755018610275    
201607262223591194100120   
201607262230310170100140   
20160726223031017010133    
201607262237371924100140   
201607262306300141100140   
20160726230630014110134    
2016072623111002111001100  
20160726231110021110133    
20160726231110021110292    
201607262313500192100140   
20160726231350019210061    
20160726231350019210134    
20160726231350019210181    
20160726231350019210272    
20160726231350019210281    
201607262319221444100140   
20160726231922144410132    
20160726231922144410141    
20160726231922144410171    
201607262327281634100120   
20160726232728163410132    
201607262327281634105330   
201607262328491764100160   
20160726232849176410061    
20160726232849176410111    
20160726232849176410141    
20160726232849176410582    
201607262331241394100120   
20160726233124139410132    
20160726233124139410292    
20160726233124139410301    
20160726233124139410312    
201607262332130261100160   
20160726233213026110132    
201607262335181734100160   
20160726233518173410061    
20160726233518173410101    
20160726233518173410131    
20160726233518173410282    
20160726233518173415991    
201607262335181734186910   
201607270000010240100140   
20160727000001024010132    
20160727000001024010241    
201607270027150165100120   
2016072700474901671001140  
20160727004749016710133    
20160727004749016710071    
201607270049041374100140   
20160727004904137410132    
20160727004904137410293    
20160727004904137413391    
20160727004904137413491    
201607270102191134100120   
20160727010219113410131    
20160727010219113410431    
20160727010443056410132    
20160727010443056410182    
201607270104430564100140   
20160727010443056410061    
201607270145260156100160   
20160727014526015610131    
2016072701455609141001100  
20160727014556091410401    
20160727014556091410285    
20160727014556091410132    
20160727014556091415992    
2016072701513701901001140  
20160727015137019010061    
20160727015137019010135    
20160727015137019010303    
20160727015137019010401    
20160727015137019013395    
20160727015137019010503    
20160727015137019010572    
201607270154460245100120   
20160727015446024510052    
20160727015446024510131    
20160727015446024510181    
20160727015446024510221    
20160727015446024510301    
20160727015446024510311    
20160727015446024513691    
20160727015550171410132    
20160727015550171413395    
20160727015550171410305    
20160727015550171410315    
201607270155501714100140   
20160727015550171410111    
20160727015550171410101    
20160727015550171410332    
201607270200440223100160   
20160727020044022310133    
20160727020044022310295    
20160727020044022314292    
20160727020044022310061    
20160727020044022310055    
201607270204391364100160   
20160727020439136410061    
20160727020439136410131    
20160727020439136410181    
20160727020439136410294    
20160727020439136415991    
201607270211481724100140   
20160727021148172410132    
20160727021148172410271    
20160727021148172410443    
20160727021148172410525    
20160727021148172413491    
201607270227050249100180   
20160727022705024910101    
20160727022705024910131    
20160727022705024910222    
20160727022705024913395    
20160727022705024915991    
2016072702322305941001180  
20160727023223059410134    
20160727023223059415992    
201607270237091824100180   
20160727023709182410063    
20160727023709182410131    
20160727023709182410583    
20160727023709182410631    
20160727023709182413395    
20160727023709182415991    
2016072702405718541001100  
20160727024057185410055    
20160727024057185410061    
20160727024057185410133    
20160727024057185410241    
20160727024057185410571    
20160727024057185410581    
20160727024057185413493    
201607270241330136100140   
201607270247291304100140   
20160727024729130410132    
20160727024729130410171    
20160727024729130410571    
201607270251480244100180   
20160727025148024410132    
20160727030136130410061    
20160727030536137410294    
201607270325311094100160   
20160727032531109410061    
20160727032531109410101    
20160727032531109410111    
20160727032531109410133    
20160727032531109410181    
20160727032531109410222    
20160727032531109413392    
201607270426550584100160   
20160727042655058410133    
20160727042655058410221    
20160727042655058410245    
20160727042655058410631    
201607270453251604100140   
20160727045325160410061    
20160727045325160410131    
20160727045325160410181    
20160727045325160410292    
20160727045325160413392    
20160727045325160415991    
