20161012120436812710016    
20161012120436812710031    
201610121204368127100525   
20161012120436812710071    
20161012120436812710091    
20161012120436812710371    
20161012120436812710631    
20161012120436812710744    
20161012120436812716122    
201610121204368127161530   
20161012120436812720035    
201610121204368127200628   
20161012120436812720076    
20161012120436812720081    
20161012120436812720109    
20161012120436812720121    
20161012120436812740051    
20161012120436812740073    
20161012120436812740141    
20161012120436812750023    
20161012120436812750092    
20161012120436812750102    
20161012120436812750112    
20161012123825813210013    
20161012123825813210021    
20161012123825813210262    
20161012123825813220032    
201610121238258132200616   
20161012123825813220073    
20161012123825813220081    
20161012123825813250021    
20161012123825813250091    
20161012123825813250101    
20161012123825813250111    
20161012123825813230011    
20161012123825813210058    
20161012123825813210311    
20161012123825813210372    
20161012123825813210391    
20161012123825813210421    
20161012123825813210441    
20161012123825813210522    
20161012123825813216122    
201610121238258132161518   
20161012123825813210542    
20161012123825813210642    
20161012123825813220106    
20161012123825813220112    
20161012123825813220121    
20161012140257810016153    
20161012140257810020062    
20161012140257810020102    
20161012141244815210015    
20161012141244815210261    
20161012141244815220034    
20161012141244815220066    
20161012141244815220071    
20161012141244815250021    
20161012141244815250091    
20161012141244815210054    
20161012141244815210301    
20161012141244815210371    
20161012141244815210522    
20161012141244815216121    
201610121412448152161510   
20161012141244815210641    
20161012141244815220105    
20161012141244815220111    
20161012141244815210742    
20161012141717814610012    
20161012141717814610031    
20161012141717814610262    
20161012141717814620032    
20161012141717814620064    
20161012141717814620071    
20161012141717814620081    
201610121417178146100510   
20161012141717814610302    
20161012141717814610311    
20161012141717814610372    
20161012141717814616121    
201610121417178146161510   
20161012141717814620104    
20161012141717814620111    
20161012141717814620122    
20161012142119814010012    
20161012142119814020031    
201610121421198140200613   
20161012142119814020071    
20161012142119814050091    
201610121421198140100510   
20161012142119814010302    
20161012142119814010311    
20161012142119814010371    
20161012142119814010391    
20161012142119814016121    
201610121421198140161517   
20161012142119814020103    
20161012142126806410013    
20161012142126806410311    
20161012142126806410392    
20161012142126806410521    
20161012142126806410691    
20161012142126806410741    
20161012142126806416121    
20161012142126806416157    
20161012142126806420067    
20161012142126806420071    
20161012142126806420102    
20161012142126806450091    
20161012142126806450181    
20161012151251811710013    
20161012151251811710201    
20161012151251811710525    
20161012151251811710641    
20161012151251811710681    
20161012151251811716121    
20161012151251811716158    
20161012151251811720065    
20161012151251811720101    
20161012151251811720111    
20161012152820811010012    
20161012152820811010054    
20161012152820811010091    
20161012152820811010261    
20161012152820811010391    
20161012152820811010441    
20161012152820811010542    
20161012152820811010642    
20161012152820811010741    
20161012152820811016121    
20161012152820811016158    
20161012152820811020066    
20161012152820811020071    
20161012152820811050181    
20161012153656814410015    
20161012153656814410263    
20161012153656814420032    
201610121536568144200611   
20161012153656814420071    
20161012153656814450111    
20161012153656814430011    
201610121536568144100512   
20161012153656814410303    
20161012153656814410311    
20161012153656814410371    
20161012153656814410392    
20161012153656814410522    
20161012153656814416121    
201610121536568144161515   
20161012153656814410542    
20161012153656814410645    
20161012153656814410681    
20161012153656814450181    
20161012153656814420105    
20161012153656814420112    
20161012153656814420121    
20161012153656814410742    
20161012154428812010014    
20161012154428812010031    
201610121544288120100515   
20161012154428812010071    
20161012154428812010303    
20161012154428812010373    
20161012154428812010522    
20161012154428812010746    
20161012154428812016122    
201610121544288120161537   
20161012154428812020036    
201610121544288120200622   
20161012154428812020073    
20161012154428812020081    
201610121544288120201010   
20161012154428812020121    
20161012154428812030011    
20161012154428812040082    
201610121550598097100112   
20161012155059809710031    
20161012155059809710522    
20161012155059809716122    
201610121550598097161533   
20161012155059809720082    
201610121550598097201010   
20161012155623806510055    
20161012155623806510302    
20161012155623806510372    
20161012155623806510391    
20161012155623806510523    
20161012155623806516121    
201610121556238065161525   
201610121556238065200617   
20161012155623806520073    
20161012155623806520081    
20161012160042805810012    
201610121600428058100530   
20161012160042805810071    
20161012160042805810261    
20161012160042805810311    
20161012160042805810371    
20161012160042805810521    
20161012160042805810544    
20161012160042805810632    
20161012160042805810681    
20161012160042805810743    
20161012160042805810752    
20161012160042805816121    
201610121600428058161518   
20161012160042805820032    
201610121600428058200620   
20161012160042805820072    
20161012160042805820104    
20161012160042805850021    
201610121601438141100115   
20161012160143814110031    
20161012160143814110122    
20161012160143814110266    
20161012160143814120035    
201610121601438141200630   
20161012160143814120075    
20161012160143814120082    
20161012160143814140083    
20161012160143814150093    
20161012160143814150102    
201610121601438141100515   
20161012160143814110302    
20161012160143814110311    
20161012160143814110372    
20161012160143814110392    
20161012160143814110421    
20161012160143814110491    
201610121601438141161530   
20161012160143814110611    
20161012160143814110631    
20161012160143814110643    
20161012160143814120106    
20161012160143814110744    
20161012160143814110753    
20161012160300805210013    
201610121603008052100513   
20161012160300805210521    
20161012160300805216121    
20161012160300805216131    
20161012160300805220066    
20161012160300805220081    
20161012160300805220112    
20161012160300805220122    
20161012160300805220134    
20161012160300805250101    
20161012160323808310013    
20161012160323808310052    
20161012160323808310261    
20161012160323808310371    
20161012160323808310521    
20161012160323808310741    
20161012160323808310751    
20161012160323808316121    
20161012160323808316159    
20161012160323808320031    
20161012160323808320068    
20161012160323808320071    
20161012160323808320102    
20161012160323808350021    
201610121605438092100110   
20161012160543809210021    
20161012160543809210031    
201610121605438092100520   
20161012160543809210264    
20161012160543809210301    
20161012160543809210371    
20161012160543809210392    
201610121605438092105210   
20161012160543809210545    
20161012160543809210611    
20161012160543809210634    
20161012160543809210645    
20161012160543809210681    
20161012160543809216122    
201610121605438092161545   
201610121605438092200630   
20161012160543809220077    
20161012160543809220081    
20161012160543809230015    
20161012160543809240073    
20161012160543809250022    
20161012160543809250031    
20161012160543809250091    
20161012160543809250101    
20161012161637811810011    
20161012161637811820062    
20161012161637811820072    
20161012161637811810052    
20161012161637811816121    
20161012161637811816154    
20161012161637811810541    
20161012161637811820102    
20161012161644807010013    
20161012161644807010031    
20161012161644807020032    
20161012161644807020066    
20161012161644807020081    
20161012161644807050021    
20161012161644807010054    
20161012161644807010301    
20161012161644807010371    
20161012161644807010391    
20161012161644807010521    
20161012161644807016156    
20161012161644807010641    
20161012161644807020102    
20161012161644807020111    
20161012162104811410054    
20161012162104811410541    
20161012162104811416121    
20161012162104811416155    
20161012162104811420063    
20161012162104811420071    
20161012162104811420131    
20161012162104811450021    
20161012162342813910012    
20161012162342813910057    
20161012162342813910543    
20161012162342813910611    
20161012162342813916121    
20161012162342813916159    
20161012162342813920068    
20161012162342813920071    
20161012162342813920103    
20161012162431807510013    
20161012162431807510053    
20161012162431807510641    
20161012162431807510691    
20161012162431807516121    
20161012162431807516158    
20161012162431807520064    
20161012162431807520081    
20161012162431807520102    
20161012162954815410013    
20161012162954815410261    
20161012162954815420032    
20161012162954815420069    
20161012162954815420072    
20161012162954815450041    
20161012162954815450091    
20161012162954815450101    
20161012162954815450111    
20161012162954815410056    
20161012162954815410311    
20161012162954815410371    
201610121629548154161511   
20161012162954815420103    
20161012162954815420111    
20161012163224810410017    
20161012163224810410055    
20161012163224810410301    
20161012163224810410521    
20161012163224810410541    
201610121632248104161520   
20161012163224810420032    
201610121632248104200614   
20161012163224810420071    
20161012163224810420081    
20161012163224810420105    
20161012163224810420112    
20161012163224810420121    
20161012163224810440091    
20161012164134806910015    
20161012164134806910122    
201610121641348069161510   
201610121641348069200610   
20161012164134806920073    
20161012164134806920081    
20161012164134806920105    
20161012164134806920112    
201610121643327001900111   
201610121647068079100110   
20161012164706807910031    
201610121647068079100512   
20161012164706807910121    
20161012164706807910261    
20161012164706807910302    
20161012164706807910311    
20161012164706807910372    
20161012164706807910391    
20161012164706807910541    
20161012164706807916121    
20161012164706807916141    
201610121647068079161518   
20161012164706807920034    
201610121647068079200618   
20161012164706807920073    
20161012164706807920106    
20161012164706807920112    
20161012164706807920122    
20161012164706807940071    
20161012164706807950021    
20161012164746814710012    
20161012164746814720065    
20161012164746814720081    
20161012164746814710053    
20161012164746814710401    
20161012164746814716121    
20161012164746814716157    
20161012164746814720102    
20161012164746814720131    
20161012164813814720071    
20161012164920809010012    
20161012164920809010031    
201610121649208090100526   
20161012164920809010091    
20161012164920809010151    
20161012164920809010261    
20161012164920809010523    
20161012164920809010741    
20161012164920809010755    
20161012164920809016122    
201610121649208090161528   
20161012164920809020032    
201610121649208090200618   
20161012164920809020073    
20161012164920809020081    
20161012164920809020105    
20161012164920809020111    
20161012164920809020121    
20161012164920809040081    
20161012164920809050021    
20161012164920809050091    
20161012164920809050101    
20161012165340813610015    
20161012165340813610021    
201610121653408136100515   
20161012165340813610071    
20161012165340813610372    
20161012165340813610392    
20161012165340813610522    
20161012165340813610634    
20161012165340813610646    
20161012165340813610691    
20161012165340813610744    
20161012165340813616121    
201610121653408136161532   
20161012165340813620033    
201610121653408136200618   
20161012165340813620071    
20161012165340813620081    
201610121653408136201010   
20161012165340813620121    
20161012165340813650101    
20161012165340813650111    
20161012165622812410014    
201610121656228124100515   
20161012165622812410101    
20161012165622812410111    
20161012165622812410304    
20161012165622812410311    
20161012165622812410361    
20161012165622812410373    
20161012165622812410393    
20161012165622812410441    
20161012165622812410522    
20161012165622812410621    
20161012165622812410681    
20161012165622812416122    
201610121656228124161534   
20161012165622812420034    
201610121656228124200618   
20161012165622812420079    
20161012165622812420081    
20161012165622812420122    
20161012165622812430011    
20161012165622812450011    
20161012165622812450111    
20161012170456814111011    
20161012171042808110014    
20161012171042808120033    
201610121710428081200614   
20161012171042808120071    
20161012171042808110053    
20161012171042808110521    
20161012171042808116121    
201610121710428081161515   
20161012171042808110642    
20161012171042808120105    
20161012171042808120111    
20161012171513804610522    
20161012171513804616122    
201610121715138046161520   
20161012171513804620032    
201610121715138046200620   
20161012171513804620105    
20161012171513804650011    
20161012171848815110013    
20161012171848815110071    
20161012171848815110261    
20161012171848815120032    
20161012171848815120068    
20161012171848815120071    
20161012171848815120081    
20161012171848815150021    
20161012171848815150091    
20161012171848815150101    
20161012171848815110056    
20161012171848815110391    
20161012171848815110441    
20161012171848815110521    
201610121718488151161512   
20161012171848815110631    
20161012171848815120103    
20161012171848815120121    
20161012171848815110742    
20161012171848815110751    
20161012171848815120131    
