20160307231935105211242    
20160307231935105212023    
20160307231935105212142    
20160307231935105214191    
20160307231935105216261    
20160307231935105223832    
20160307231935105289352    
20160308021811109311071    
20160308021811109314181    
20160308021811109316011    
20160308021811109323772    
20160308021811109323834    
20160308021811109326271    
20160308021811109326571    
20160308021811109326591    
20160308021811109388961    
20160308021811109389351    
20160308021811109390044    
