201609191850531305010113   
20160919185053130501131    
201609192227451212010120   
20160919222745121201141    
20160919222745121202071    
20160919222745121213051    
20160919222745121203061    
20160919222745121203081    
20160919222745121202115    
20160919222745121201445    
20160919222745121202525    
201609192349511251010110   
20160919234951125160981    
201609192359471241010140   
20160919235947124101041    
20160919235947124102073    
20160919235947124103063    
20160919235947124103072    
20160919235947124103082    
201609200015161296010125   
201609200035071318010110   
20160920003507131802071    
20160920010904120501131    
20160920010904120501141    
20160920010904120502351    
20160920010904120503011    
20160920010904120503081    
20160920010904120513051    
20160920010904120513111    
20160920010904120560852    
20160920012657130201015    
20160920012657130202231    
20160920012657130202281    
20160920012657130202341    
201609200128481300010120   
20160920012848130013081    
201609200158041310010120   
20160920015804131003011    
20160920015804131001162    
20160920015804131001202    
201609200158041310021110   
20160920015804131002222    
20160920015804131002282    
20160920015804131060061    
20160920015804131002342    
201609200158041310014410   
20160920015804131002525    
201609200158041310014810   
20160920015804131002741    
20160920015804131002825    
201609200201181290010120   
20160920020118129003081    
20160920020118129001353    
20160920023841129701015    
20160920023841129701081    
20160920023841129713021    
20160920023841129703061    
20160920023841129713111    
201609200316411309010120   
20160920031641130923101    
20160920031641130913081    
201609200323471319010110   
201609200323471319021120   
201609200323471319022910   
20160920032347131903072    
20160920032347131903082    
201609200408321237010130   
20160920040832123701142    
20160920040832123703011    
20160920040832123703051    
20160920040832123703071    
20160920040832123703081    
20160920040832123701201    
20160920040832123702118    
20160920040832123703175    
20160920040832123701391    
20160920040832123701444    
20160920040832123702611    
20160920040832123702731    
20160920064500126201141    
20160920064500126201193    
201609200645001262014710   
20160920064500126202165    
20160920064500126202192    
20160920064500126202282    
20160920064500126202341    
20160920064500126202351    
20160920064500126203071    
201609200645001262031710   
