20160415120815137210081    
20160415120815137210121    
20160415120815137210341    
20160415143950129710011    
20160415143950129710021    
20160415143950129710341    
20160415195441113010012    
20160415195441113010022    
20160415195441113010342    
20160415195451116810013    
20160415195451116810023    
20160415195451116810032    
20160415195451116810344    
20160415202614135610012    
20160415202614135610022    
20160415202614135620012    
20160415202614135620202    
20160415202614135610211    
20160415205206136110011    
20160415205206136110021    
20160415205206136110341    
20160415212534130810011    
20160415212534130810021    
20160415212534130810101    
20160415212534130820011    
20160415213538112310012    
20160415213538112310022    
20160415213538112310101    
20160415213623104910012    
20160415213623104910022    
20160415213623104910042    
20160415213623104920011    
20160415221927137610011    
20160415221927137610021    
20160415221927137610341    
20160415221927137640011    
20160415221927137650011    
20160415225128101810012    
20160415225128101810022    
20160415225128101820071    
20160415225128101810341    
20160415230319113210012    
20160415230319113210022    
20160415230319113210341    
20160415230319113220011    
20160415230748111110012    
20160415230748111110022    
20160415230748111110341    
20160415231534139010012    
20160415231534139010101    
20160415231534139010031    
20160415231534139020011    
20160415232105109410011    
20160415232105109410021    
20160415232105109410341    
20160415233028135410341    
20160415234119114810011    
20160415234119114820141    
20160415234150133610011    
20160415234150133610021    
20160415234150133610031    
20160415234150133620061    
20160415234150133650013    
20160415234713106610501    
20160415234713106610021    
20160415234713106620071    
20160415234713106650014    
20160416000005131110011    
20160416000005131110021    
20160416000005131110341    
20160416000005131120251    
20160416000047109810503    
20160416000047109810023    
20160416000047109810342    
20160416000047109820011    
20160416000047109830011    
20160416000224134310022    
20160416000224134310341    
20160416000224134310502    
20160416000226128110013    
20160416000226128110023    
20160416000226128110102    
20160416000347101910012    
20160416000347101910101    
20160416000347101930011    
20160416000423119410012    
20160416000423119410022    
20160416000423119430011    
20160416000423119410102    
20160416000724102010012    
20160416000724102010022    
20160416000855111210011    
20160416000855111210021    
20160416000855111210101    
20160416001017129210012    
20160416001017129210022    
20160416001017129210031    
20160416001017129210342    
20160416001017129230011    
20160416001105135010012    
20160416001105135010022    
20160416001105135010341    
20160416001105135020011    
20160416001105135020071    
20160416001313101840031    
20160416001351111310012    
20160416001351111310022    
20160416001351111310031    
20160416001351111310341    
20160416001351111320011    
20160416001351111330011    
20160416001605118410011    
20160416001605118410021    
20160416001605118410341    
20160416001605118420091    
20160416001605118420111    
20160416001625135710012    
20160416001625135710022    
20160416001625135730011    
20160416001625135710342    
20160416002422102510011    
20160416002422102510021    
20160416002422102520091    
20160416002624109110011    
20160416002624109110021    
20160416002624109110341    
20160416002624109120091    
20160416002857135810012    
20160416002857135810022    
20160416002857135810341    
20160416002857135820141    
20160416003429101510011    
20160416003429101510021    
20160416003429101510341    
20160416003429101520011    
20160416004137136410013    
20160416004137136410023    
20160416004137136410341    
20160416004137136420011    
20160416004137136420151    
20160416004223103410012    
20160416004223103410022    
20160416004223103410031    
20160416004223103410101    
20160416004309134210012    
20160416004309134210022    
20160416004309134210042    
20160416004309134220012    
20160416004309134220151    
20160416004741100210011    
20160416004741100210032    
20160416004741100220011    
20160416004741100230011    
20160416005000112010501    
20160416005000112010021    
20160416005000112010341    
20160416005527120610011    
20160416005527120610101    
20160416005527120620251    
20160416010649131510012    
20160416010649131510032    
20160416010649131510342    
20160416010649131520012    
20160416010649131520151    
20160416010649131530011    
20160416010854124510012    
20160416010854124510022    
20160416010854124510181    
20160416010854124510342    
20160416010854124520011    
20160416010854124520251    
20160416010919139310014    
20160416010919139310024    
20160416010919139310032    
20160416010919139310181    
20160416010919139310342    
20160416010919139320012    
20160416010919139350031    
20160416011115139410012    
20160416011115139410031    
20160416011115139420011    
20160416011115139420071    
20160416011115139420081    
20160416011115139420151    
20160416011115139420251    
20160416011433103210012    
20160416011433103210342    
20160416011433103220151    
20160416012427133410014    
20160416012427133410024    
20160416012427133420111    
20160416012427133420121    
20160416012427133420251    
20160416012427133420241    
20160416012427133410343    
20160416013615104710012    
20160416013615104720011    
20160416013615104710341    
20160416015306134010012    
20160416015306134010022    
20160416015306134010031    
20160416015306134010041    
20160416015306134020011    
20160416015306134030131    
20160416020541138410012    
20160416020541138410022    
20160416020541138420011    
20160416020541138410051    
20160416020541138420251    
20160416020541138410341    
20160416020956122510012    
20160416020956122510022    
20160416020956122510341    
20160416020956122520081    
20160416020956122530011    
20160416020956122550011    
20160416021050137510012    
20160416021050137510022    
20160416021050137510032    
20160416021050137510341    
20160416021050137520011    
20160416021050137550045    
20160416021219101210502    
20160416021219101210342    
20160416021219101210032    
20160416021219101220012    
20160416021219101220061    
20160416021501135210011    
20160416021501135210021    
20160416021501135220011    
20160416021501135220151    
20160416021751138610011    
20160416021929138710011    
20160416022038111410014    
20160416022038111410024    
20160416022038111410343    
20160416022038111430011    
20160416022038111420012    
20160416022038111420251    
20160416022038111420151    
20160416024943131610013    
20160416024943131610023    
20160416024943131610101    
20160416030755121610012    
20160416030755121610022    
20160416030755121610101    
20160416030755121620011    
20160416030755121630011    
20160416031321105410011    
20160416031321105410341    
20160416040739114010012    
20160416040739114010342    
20160416040739114020011    
20160416040739114030011    
