20160523184059606250022    
20160523204134606710041    
20160523204134606710052    
20160523204134606730033    
20160523204134606730352    
20160523204134606770161    
20160523223410603010052    
20160523223410603030071    
20160523223410603040015    
20160523223410603060051    
20160523223410603060071    
20160523223410603060081    
20160523224724103330061    
20160523224724103340131    
20160523224724103350031    
20160523224724103360053    
20160523224724103360091    
20160523230125502210031    
20160523230125502210052    
20160523230125502210062    
20160523230125502210074    
20160523230125502230011    
20160523230125502230031    
20160523230125502230281    
20160523230125502240071    
20160523230125502250021    
20160523230125502260051    
20160523230125502260101    
20160523230125502270012    
20160523232522100210052    
20160523232522100230883    
20160523232522100250021    
20160523232522100270182    
20160523232522100290372    
20160523235726606610041    
20160523235726606610053    
20160523235726606610062    
20160523235726606610071    
20160523235726606630033    
20160523235726606630191    
20160523235726606630283    
20160523235726606630381    
20160523235726606630423    
20160523235726606640013    
20160523235726606650022    
20160523235726606660031    
20160523235726606660092    
20160523235726606670131    
20160523235726606670181    
20160524000028505210011    
20160524000028505210051    
20160524000028505220021    
20160524000028505230281    
20160524000028505250021    
20160524000028505260051    
20160524000028505270021    
20160524003054607010041    
20160524003054607010052    
20160524003054607030282    
20160524003054607030422    
20160524003054607050031    
20160524003054607012571    
20160524005715606910051    
20160524005715606930281    
20160524022336606010051    
20160524022336606030011    
20160524022336606030071    
20160524022336606030282    
20160524022336606040081    
20160524022336606050081    
20160524022336606060132    
20160524022336606060182    
20160524025459600230031    
20160524025459600230041    
20160524025459600230141    
20160524025638609310041    
20160524025638609310051    
20160524025638609330031    
20160524025638609330122    
20160524025638609340122    
20160524025638609350021    
20160524025638609360051    
20160524025638609370011    
20160524025638609370021    
20160524025638609370131    
