20161201192408395910022    
20161201192408395910031    
20161201192408395910151    
20161201192408395910301    
201612011924083959103210   
20161201192408395910411    
20161201192408395910494    
20161201192408395910585    
20161201192408395910741    
20161201192408395910855    
20161201192408395910871    
20161201192408395911121    
20161201192408395911141    
20161201192408395925091    
20161201192408395922992    
20161201192408395911301    
20161201192408395911332    
20161201192408395911351    
20161201192408395925081    
20161201192408395911961    
20161201192408395911991    
20161201192408395912021    
20161201192408395920741    
20161201192408395922041    
20161201192408395922185    
20161201194044765610161    
20161201194044765610651    
20161201194044765610742    
20161201194044765610843    
2016120119404476561116120  
20161201194044765611961    
20161201194044765611972    
201612011940447656228218   
201612011940447656228910   
20161201211305765620124    
