20160717130001100520031    
20160717130001100530043    
20160717130001100540001    
20160717130001100540022    
20160717130001100540052    
20160717130001100560091    
20160717130146100540022    
20160717132954103010021    
20160717132954103010182    
20160717132954103010222    
20160717132954103030021    
20160717132954103040052    
20160717132954103041033    
20160717132954103060071    
20160717163938102010021    
20160717163938102010031    
20160717163938102010041    
20160717163938102010133    
20160717163938102010202    
20160717163938102010224    
20160717163938102020091    
20160717163938102030042    
20160717163938102041033    
20160717165036203910011    
20160717165036203910022    
20160717165036203910031    
20160717165036203910042    
20160717165036203910101    
20160717165036203910205    
20160717165036203910263    
20160717165036203920026    
20160717165036203920101    
20160717165036203931031    
20160717165036203940055    
20160717165036203940151    
20160717165036203940191    
20160717165036203941033    
20160717172823100110022    
20160717172823100110041    
20160717172823100110202    
20160717172823100110222    
20160717172823100120001    
20160717172823100130044    
20160717172823100131034    
20160717172823100140052    
20160717172823100140071    
20160717172823100141032    
20160717172823100141041    
20160717172823100141051    
20160717185213102810022    
20160717185213102810031    
20160717185213102810042    
20160717185213102810051    
20160717185213102810081    
20160717185213102810191    
20160717185213102810201    
20160717185213102810222    
20160717185213102820011    
20160717185213102820023    
20160717185213102820061    
20160717185213102820103    
20160717185213102840051    
20160717185213102841034    
20160717192257202510051    
20160717192257202510191    
20160717192257202510201    
20160717192257202510222    
20160717192257202510251    
20160717192257202520001    
20160717192257202520062    
20160717192257202520072    
20160717192257202540051    
20160717192257202540151    
20160717192257202541031    
20160717192257202541041    
20160717195926103410021    
20160717195926103410041    
20160717195926103410134    
20160717195926103410191    
20160717195926103410222    
20160717195926103410251    
20160717195926103410262    
20160717195926103441032    
20160717201851103710021    
20160717201851103710041    
20160717201851103720061    
20160717201851103740001    
20160717201851103740013    
20160717201851103740021    
20160717201851103741032    
20160717201851103760071    
201607172034122049100330   
20160717203412204910041    
20160717203412204910081    
20160717203412204910134    
20160717203412204910182    
20160717203412204910202    
20160717203412204910222    
20160717203412204910262    
20160717203412204920001    
20160717203412204920062    
20160717203412204920101    
20160717203412204940052    
20160717203412204940091    
20160717203412204940191    
20160717203412204941032    
20160717203412204941041    
20160717203412204977791    
20160717203412204977801    
20160717204021100520082    
20160717204256102820061    
20160717204305204010022    
20160717204305204010041    
20160717204305204010061    
20160717204305204010131    
20160717204305204010182    
20160717204305204010191    
20160717204305204010201    
20160717204305204020001    
20160717204305204020021    
20160717204305204020061    
20160717204305204020081    
20160717204305204020101    
20160717204305204030061    
20160717204305204031031    
20160717204305204041032    
20160717204305204041041    
20160717204305204050011    
20160717205717204510041    
20160717205717204510131    
201607172057172045310320   
20160717205717204540071    
20160717205717204541041    
20160717210144203310051    
20160717210144203310081    
20160717210144203310091    
20160717210144203310182    
20160717210144203310201    
20160717210144203320001    
20160717210144203320021    
20160717210144203320051    
20160717210144203320091    
20160717210144203340013    
20160717210144203340031    
20160717210144203340191    
20160717210144203341032    
20160717210158104510011    
20160717210158104510021    
201607172101581045100320   
20160717210158104510041    
20160717210158104510261    
20160717210158104520011    
20160717210158104520022    
201607172101581045310320   
20160717210158104540001    
20160717210158104540012    
20160717210158104540021    
20160717210158104540031    
20160717210158104540061    
20160717210158104540072    
20160717210158104540191    
20160717210158104541041    
20160717210158104560091    
20160717211023204210021    
20160717211023204210041    
20160717211023204210051    
20160717211023204210132    
20160717211023204210183    
20160717211023204220011    
20160717211023204220022    
20160717211023204220052    
20160717211023204230043    
201607172110232042310320   
20160717211023204240001    
20160717211023204240012    
20160717211023204240091    
20160717211023204240151    
20160717211023204241031    
20160717211023204241041    
20160717211023204241061    
20160717211023204241071    
20160717211838104010011    
201607172118381040100320   
20160717211838104010041    
20160717211838104010051    
20160717211838104010202    
20160717211838104010222    
20160717211838104010261    
20160717211838104020011    
20160717211838104020021    
20160717211838104020051    
20160717211838104020062    
20160717211838104020101    
201607172118381040310310   
20160717211838104040002    
20160717211838104040012    
20160717211838104040031    
20160717211838104040163    
20160717211838104041032    
20160717211838104041061    
20160717211838104050011    
20160717211838104050095    
20160717212346202910021    
20160717212346202910031    
20160717212346202910051    
20160717212346202910202    
20160717212346202910221    
20160717212346202910261    
20160717212346202920011    
20160717212346202920051    
20160717212346202920101    
20160717212346202940051    
20160717212346202940151    
20160717212346202941032    
20160717212346202960071    
20160717212505103610011    
201607172125051036100320   
20160717212505103610041    
20160717212505103610051    
20160717212505103610101    
201607172125051036101310   
20160717212505103610161    
20160717212505103610202    
20160717212505103610223    
20160717212505103610266    
20160717212505103620021    
201607172125051036310320   
20160717212505103641035    
20160717213949203710031    
20160717213949203710201    
20160717213949203720061    
20160717213949203730045    
20160717213949203741032    
20160717214309103510011    
20160717214309103510021    
20160717214309103510061    
20160717214309103510191    
20160717214309103510202    
20160717214309103510221    
20160717214309103510261    
20160717214309103520081    
20160717214309103540001    
20160717214309103540012    
20160717214309103540091    
20160717214309103540151    
20160717214309103541031    
201607172145542035100320   
20160717214554203510041    
20160717214554203510061    
20160717214554203510081    
20160717214554203510132    
20160717214554203510183    
20160717214554203510222    
20160717214554203530042    
20160717214554203540031    
20160717214554203540071    
20160717214554203540168    
20160717214554203541032    
20160717220245100110185    
20160717222859104210021    
20160717222859104210132    
20160717222859104210191    
20160717222859104240001    
20160717222859104240011    
20160717222859104240031    
20160717222859104241032    
20160717223557104110041    
20160717223557104110061    
20160717223557104110132    
20160717223557104110201    
20160717223557104110223    
20160717223557104110263    
20160717223557104120001    
20160717223557104130046    
20160717223557104130121    
20160717223557104140191    
20160717223557104141032    
20160717223557104141041    
20160717223557104150011    
20160717225232103310021    
20160717225232103310041    
20160717225232103310071    
20160717225232103310135    
20160717225232103320011    
20160717225232103320051    
20160717225232103320072    
20160717225232103330043    
20160717225232103340013    
20160717225232103340052    
20160717225232103340091    
20160717225232103310031    
20160717225232103310202    
20160717225232103341033    
20160717225232103341042    
201607172252321033310320   
20160717225232103310182    
20160717225232103310262    
20160717225359103341061    
