20160620101156805810011    
201606201011568058100510   
20160620101156805810261    
20160620101156805810311    
20160620101156805810371    
20160620101156805810542    
20160620101156805810611    
20160620101156805810632    
20160620101156805810681    
20160620101156805810742    
20160620101156805810752    
20160620101156805816121    
20160620101156805816158    
20160620101156805820031    
20160620101156805820066    
20160620101156805820073    
20160620101156805820081    
20160620101156805820103    
20160620125414811010012    
20160620125414811010054    
20160620125414811010391    
20160620125414811010632    
20160620125414811010681    
20160620125414811010741    
20160620125414811016121    
20160620125414811016155    
20160620125414811020031    
20160620125414811020065    
20160620125414811020072    
20160620125414811020103    
20160620125414811040081    
20160620125414811050021    
20160620145344813210011    
20160620145344813220031    
20160620145344813220064    
20160620145344813220071    
20160620145344813220081    
20160620145344813250021    
20160620145344813210056    
20160620145344813210311    
20160620145344813210372    
20160620145344813210392    
20160620145344813216122    
20160620145344813216152    
20160620145344813210542    
20160620145344813210642    
20160620145344813220105    
20160620145344813220111    
20160620145344813211012    
20160620145414815410012    
20160620145414815410071    
20160620145414815420032    
20160620145414815420065    
20160620145414815420072    
20160620145414815450022    
20160620145414815410311    
20160620145414815410371    
20160620145414815410401    
20160620145414815416157    
20160620145414815420105    
20160620145414815420111    
20160620152634815210011    
20160620152634815210071    
20160620152634815210682    
20160620152634815216121    
20160620152634815216151    
20160620160952814610011    
20160620160952814610121    
20160620160952814620031    
20160620160952814620062    
20160620160952814620071    
20160620160952814650111    
20160620160952814610056    
20160620160952814610311    
20160620160952814610372    
20160620160952814616158    
20160620160952814620104    
20160620160952814620121    
20160620161515813910011    
20160620161515813910055    
20160620161515813910161    
20160620161515813910261    
20160620161515813911013    
20160620161515813916154    
20160620161515813920063    
20160620161515813920071    
20160620161515813920081    
20160620161515813920103    
20160620161515813950023    
20160620163935815310731    
20160620163935815316155    
20160620163935815320063    
20160620163935815320105    
20160620163935815320125    
20160620164714809610012    
20160620164714809610054    
20160620164714809610121    
20160620164714809610311    
20160620164714809610371    
20160620164714809610742    
20160620164714809616154    
20160620164714809620031    
20160620164714809620064    
20160620164714809620071    
20160620164714809620103    
20160620164714809620111    
20160620164714809620122    
20160620164714809630012    
20160620164714809650011    
20160620164714809650092    
20160620170158812810011    
20160620170158812820064    
20160620170158812820071    
20160620170158812820081    
20160620170158812816156    
20160620170158812810541    
20160620170832806510055    
20160620170832806510302    
20160620170832806510314    
20160620170832806510372    
20160620170832806510391    
20160620170832806510523    
201606201708328065161510   
201606201708328065200610   
20160620170832806520073    
20160620171053813810012    
20160620171053813810055    
20160620171053813810261    
20160620171053813810302    
20160620171053813810311    
20160620171053813810372    
20160620171053813810392    
20160620171053813810522    
20160620171053813810643    
201606201710538138161513   
20160620171053813820032    
20160620171053813820066    
20160620171053813820071    
20160620171053813820105    
20160620171053813830012    
20160620171053813850022    
20160620171053813850181    
20160620172058811710011    
20160620172058811710121    
20160620172058811710311    
20160620172058811710611    
20160620172058811716121    
20160620172058811716152    
20160620172058811720031    
20160620172058811720063    
20160620172058811720071    
20160620172058811720081    
20160620172058811720101    
20160620172654814110012    
20160620172654814110031    
201606201726548141100512   
20160620172654814110266    
20160620172654814110302    
20160620172654814110372    
20160620172654814110392    
20160620172654814110491    
20160620172654814110683    
20160620172654814110745    
20160620172654814110753    
20160620172654814116122    
201606201726548141161510   
20160620172654814120036    
20160620172654814120068    
20160620172654814120073    
20160620172654814120082    
201606201726548141201010   
20160620172654814120115    
20160620174213812110011    
20160620174213812110058    
20160620174213812110071    
20160620174213812110091    
20160620174213812110261    
20160620174213812110371    
20160620174213812110541    
20160620174213812110611    
20160620174213812110641    
201606201742138121161510   
20160620174213812120063    
20160620174213812120071    
20160620174533815110014    
20160620174533815110261    
20160620174533815120031    
20160620174533815120063    
20160620174533815120071    
20160620174533815110054    
20160620174533815110391    
20160620174533815116158    
20160620174533815120104    
20160620174533815120111    
20160620174533815111011    
20160620174533815111029    
20160620174802809010011    
20160620174802809010031    
201606201748028090100518   
20160620174802809010262    
20160620174802809010523    
20160620174802809010741    
20160620174802809010754    
20160620174802809016122    
201606201748028090161513   
20160620174802809020032    
20160620174802809020069    
20160620174802809020073    
20160620174802809020081    
20160620174802809020106    
20160620174802809020112    
20160620174802809040063    
20160620174802809040081    
20160620174802809050011    
20160620174802809050021    
20160620174802809050031    
20160620174802809050091    
20160620174802809050101    
20160620180116814310015    
20160620180116814310021    
20160620180116814310032    
20160620180116814320037    
20160620180116814320067    
20160620180116814350023    
20160620180116814316122    
201606201801168143161510   
20160620180116814310611    
20160620180116814320107    
20160620180116814320122    
20160620180116814311011    
201606201801168143110214   
20160620181049806910053    
20160620181049806916121    
20160620181049806916155    
20160620181049806920032    
20160620181049806920064    
20160620181049806920072    
20160620181049806920112    
20160620181647801020064    
20160620181647801020072    
20160620181647801010521    
20160620181647801016154    
20160620181807810110052    
20160620181807810110301    
20160620181807810110541    
20160620181807810110641    
20160620181807810111011    
20160620181807810111027    
20160620181807810116121    
20160620181807810116153    
20160620181807810120031    
20160620181807810120062    
20160620181807810120071    
20160620181807810120081    
20160620181807810120102    
20160620182020808110012    
20160620182020808110031    
20160620182020808120032    
20160620182020808120066    
20160620182020808120071    
20160620182020808110053    
20160620182020808110521    
20160620182020808116157    
20160620182020808110611    
20160620182020808120105    
20160620182020808120111    
20160620182428700190092    
20160620182428700190111    
20160620182428700190151    
20160620182428700190491    
20160620182428700190592    
20160620182430805210012    
20160620182430805210056    
20160620182430805210371    
20160620182430805210391    
20160620182430805216121    
20160620182430805216152    
20160620182430805220032    
20160620182430805220067    
20160620182430805220104    
20160620182430805220111    
20160620182430805250021    
20160620182734806410013    
20160620182734806410031    
20160620182734806410054    
20160620182734806410311    
20160620182734806410392    
20160620182734806410522    
20160620182734806410541    
20160620182734806410641    
20160620182734806410691    
20160620182734806410741    
20160620182734806410751    
20160620182734806416121    
20160620182734806416154    
20160620182734806420031    
20160620182734806420064    
20160620182734806420071    
20160620182734806420081    
20160620182734806420103    
20160620182734806420111    
20160620182734806450021    
20160620182734806450181    
20160620182955810150031    
20160620183457809710014    
20160620183457809710021    
20160620183457809710031    
20160620183457809710522    
20160620183457809716123    
201606201834578097161517   
20160620183457809720082    
20160620183457809720104    
20160620192400814910013    
201606201924008149100510   
20160620192400814910262    
20160620192400814910302    
20160620192400814910312    
20160620192400814910545    
20160620192400814910632    
20160620192400814910743    
20160620192400814910753    
201606201924008149110220   
20160620192400814916121    
20160620192400814916155    
20160620192400814920032    
20160620192400814920062    
20160620192400814920072    
20160620192400814920105    
20160620192400814920114    
20160620192400814920122    
20160620192533814710012    
20160620192533814720033    
20160620192533814720065    
20160620192533814720071    
20160620192533814720081    
20160620192533814740062    
20160620192533814710055    
20160620192533814716121    
20160620192533814716158    
20160620192533814710621    
20160620192533814710631    
20160620192533814710642    
20160620192533814720104    
20160620192533814720112    
20160620192533814711011    
20160620192533814711027    
201606201946418080100515   
20160620194641808010121    
20160620194641808010262    
20160620194641808010301    
20160620194641808010311    
20160620194641808010392    
20160620194641808010643    
20160620194641808010742    
20160620194641808010751    
20160620194641808016121    
20160620194641808016157    
20160620194641808020063    
20160620194641808020072    
20160620194641808020081    
20160620194641808020105    
20160620194641808020111    
20160620194641808050031    
20160620194641808050091    
20160620194641808050101    
20160620194721811810375    
20160620194721811816151    
20160620194721811810542    
20160620194721811810641    
20160620194721811820105    
20160620194721811810741    
20160620194907813920122    
20160620195614807510011    
20160620195614807510031    
20160620195614807510053    
20160620195614807510372    
20160620195614807510634    
20160620195614807516152    
20160620195614807520062    
20160620195752811410055    
20160620195752811416121    
20160620195752811420071    
20160620195752811420103    
20160620195752811450031    
20160620200205807910015    
20160620200205807910031    
201606202002058079100510   
20160620200205807910081    
20160620200205807910101    
20160620200205807910262    
20160620200205807910372    
20160620200205807910392    
20160620200205807910521    
20160620200205807910642    
20160620200205807916121    
20160620200205807916159    
20160620200205807920033    
20160620200205807920066    
20160620200205807920072    
20160620200205807920081    
20160620200205807920106    
20160620200205807920111    
20160620200205807920122    
20160620200205807930013    
20160620200205807940022    
20160620200205807950011    
20160620200205807950021    
20160620200205807950111    
20160620200410812410012    
20160620200410812410031    
201606202004108124100513   
20160620200410812410262    
20160620200410812410304    
20160620200410812410312    
20160620200410812410361    
20160620200410812410371    
20160620200410812410392    
20160620200410812410523    
20160620200410812416122    
201606202004108124161518   
20160620200410812420033    
20160620200410812420067    
20160620200410812420079    
20160620200410812420081    
20160620200410812420107    
20160620200410812420113    
20160620200410812420122    
20160620200410812430051    
20160620200813804610011    
20160620200813804610301    
20160620200813804610312    
20160620200813804610522    
20160620200813804610641    
20160620200813804616122    
201606202008138046161513   
20160620200813804620031    
201606202008138046200610   
20160620200813804620105    
20160620200813804640063    
20160620201050808310012    
20160620201050808310031    
20160620201050808310051    
20160620201050808310741    
20160620201050808316153    
20160620201050808320031    
20160620201050808320063    
20160620201050808320072    
20160620201050808320101    
20160620202140814010011    
20160620202140814010262    
20160620202140814020032    
20160620202140814020071    
20160620202140814040141    
20160620202140814010311    
20160620202140814010441    
20160620202140814016121    
20160620202140814016155    
20160620202140814020103    
20160620202140814020111    
