201607192250592066200140   
20160719225059206620061    
201607192250592066200714   
201607192301222024200120   
20160719230122202420061    
20160719230122202420201    
20160719230122202420931    
201607192332412091200160   
20160719233241209120072    
20160719233241209120321    
20160719233241209120551    
201607192332412091206510   
201607192343552230200160   
20160719234355223020062    
20160719234355223020072    
20160719234355223020081    
20160719234355223020201    
20160719234355223020321    
201607192343552230206510   
20160719234355223020931    
201607192349552026200140   
20160719234955202620061    
20160719234955202620655    
2016072000040821132001120  
20160720000408211320062    
20160720000408211320655    
201607200009012069200160   
20160720000901206920071    
20160720000901206920081    
20160720000901206920321    
201607200009012069206510   
20160720000901206920911    
20160720000901206921131    
201607200011442043200160   
20160720001144204320061    
20160720001144204320071    
20160720001144204320321    
20160720001144204320655    
2016072000135220322001100  
20160720001352203220061    
20160720001352203220071    
20160720001352203220081    
20160720001352203220321    
201607200013522032206510   
201607200019082109200160   
20160720001908210920062    
20160720001908210920082    
20160720001908210920091    
20160720001908210920321    
20160720001908210920655    
2016072000201620342001100  
20160720002016203420061    
20160720002016203420071    
20160720002016203420302    
201607200020162034206510   
201607200054002229200160   
201607200128472061200140   
20160720012847206120061    
20160720012847206120655    
201607200144122115200180   
20160720014412211520061    
20160720014412211520071    
20160720014412211520082    
20160720014412211520321    
20160720014412211520551    
201607200144122115206512   
20160720014412211520911    
20160720014412211520931    
20160720014412211521021    
2016072002254113812001120  
20160720022541138120062    
20160720022541138120321    
20160720022541138120071    
201607200225411381206510   
20160720022541138121041    
20160720022541138121051    
