20160720021333400210323    
20160720021333400210381    
20160720021333400210861    
20160720021333400210871    
20160720021333400215041    
20160720021333400215331    
20160720021333400215461    
20160720021333400217014    
20160720021333400220011    
20160720021333400220052    
20160720021333400220161    
20160720021333400230043    
20160720021333400230271    
20160720021333400230632    
20160720021333400230671    
20160720021333400230702    
20160720021333400230891    
20160720021333400230941    
