20160615183810106810271    
20160615183810106810303    
20160615183810106810681    
20160615183810106810861    
20160615183810106815071    
20160615183810106815181    
20160615183810106820011    
20160615183810106820311    
20160615183810106830015    
20160615183810106830053    
20160615183810106830111    
20160615183810106830241    
20160615183810106830251    
20160615183810106830271    
20160615192323110510271    
20160615192323110510632    
20160615192323110525241    
20160615192323110530382    
20160615192323110530921    
20160615203423109010272    
20160615203423109010651    
20160615203423109010681    
20160615203423109010861    
20160615203423109015041    
20160615203423109015351    
20160615203423109015421    
201606152034231090300115   
20160615203423109030055    
20160615203423109030081    
20160615203423109030252    
20160615203423109030403    
20160615204652106830015    
20160615222351100110253    
20160615222351100110633    
20160615222351100115061    
20160615222351100115401    
20160615222351100120021    
20160615231423108110023    
20160615231423108110142    
20160615231423108110423    
20160615231423108110881    
20160615231423108115042    
20160615231423108115062    
20160615231423108115251    
20160615231423108115402    
20160615231423108120011    
20160615231423108120061    
20160615231423108120071    
20160615231423108120281    
20160615231423108125092    
201606152314231081300110   
20160615231423108130112    
20160615231423108130175    
20160615231423108130301    
20160615232423102810211    
20160615232423102810221    
20160615232423102810257    
20160615232423102810271    
20160615232423102820331    
20160615232423102810625    
20160615232423102810652    
20160615232423102810681    
20160615232423102810173    
20160615232423102810305    
20160615232423102830015    
20160615232423102830081    
20160615232423102830193    
20160615232423102830203    
20160615232423102830461    
20160615232654106610173    
20160615232654106610343    
20160615232654106610871    
20160615232654106620011    
20160615232654106620021    
20160615232654106620051    
20160615232654106625161    
20160615232654106625201    
20160615232654106625251    
20160615232654106630053    
20160615234054100510252    
20160615234054100510322    
20160615234054100510381    
20160615234054100510421    
20160615234054100515071    
20160615234054100515161    
20160615234054100520052    
20160615234054100520101    
20160615234054100520201    
20160615234054100525021    
20160615234054100525081    
20160615234054100515211    
20160615234054100515251    
20160615234054100510581    
20160615234054100510625    
20160615234054100520401    
20160615234054100510652    
20160615234054100510661    
20160615234054100510682    
20160615234054100510123    
20160615234054100510303    
20160615234054100510791    
20160615234054100510801    
201606152340541005300115   
20160615234054100530061    
20160615234054100530112    
20160615234054100530271    
20160615234054100530301    
20160615234054100530321    
20160615234054100530361    
20160615234054100530431    
20160615234054100530671    
20160615234054100530891    
20160615234054100530922    
20160615234054100530961    
20160615234123100530033    
20160615234725108510101    
20160615234725108510174    
20160615234725108510271    
20160615234725108510302    
20160615234725108510345    
20160615234725108510351    
20160615234725108510635    
20160615234725108510792    
20160615234725108510861    
20160615234725108515171    
20160615234725108525251    
20160615234725108525261    
20160615234725108530015    
20160615234725108530112    
20160615234725108530722    
20160615234725108530921    
20160615234922104410345    
20160615234922104410491    
20160615234922104410581    
20160615234922104415041    
20160615234922104415181    
20160615234922104420021    
20160615234922104420181    
201606152349221044202012   
20160615234922104430032    
201606152349221044307210   
20160615234922104430891    
20160615234922104430941    
20160615234922104430961    
20160616000024110410071    
20160616000024110410125    
20160616000024110410172    
20160616000024110410303    
20160616000024110410321    
20160616000024110410624    
20160616000024110410651    
20160616000024110410861    
20160616000024110410881    
20160616000024110415351    
20160616000024110430052    
20160616000024110430081    
20160616000024110430111    
20160616000024110430251    
20160616000428105710123    
20160616000428105710258    
20160616000428105710272    
20160616000428105710303    
20160616000428105710323    
20160616000428105710382    
20160616000428105710471    
20160616000428105710632    
20160616000428105710651    
20160616000428105710661    
20160616000428105710681    
20160616000428105710861    
20160616000428105715061    
20160616000428105720011    
20160616000428105720022    
20160616000428105720051    
20160616000428105725081    
20160616000428105725091    
20160616000428105725111    
20160616000428105730018    
20160616000428105730034    
20160616000428105730053    
20160616000428105730541    
20160616000428105730691    
20160616001045104810102    
20160616001045104810111    
20160616001045104810175    
20160616001045104810271    
20160616001045104810307    
20160616001045104810345    
20160616001045104810611    
20160616001045104810652    
20160616001045104810872    
20160616001045104815371    
201606160010451048300110   
20160616001045104830061    
20160616001045104830395    
20160616001045104830432    
20160616001045104830562    
20160616001045104830701    
20160616001115104410255    
20160616001115104410271    
20160616001345103110255    
20160616001345103110302    
20160616001345103110322    
20160616001345103110431    
20160616001345103110651    
20160616001345103110841    
20160616001345103115041    
20160616001345103115073    
20160616001345103120113    
20160616001345103120401    
20160616001345103130015    
20160616001345103130031    
20160616002211107910101    
20160616002211107910125    
20160616002211107910173    
20160616002211107910303    
20160616002211107910345    
20160616002211107910411    
20160616002211107910431    
20160616002211107910611    
20160616002211107910623    
20160616002211107910651    
20160616002211107910662    
20160616002211107910841    
20160616002211107910861    
20160616002211107915241    
20160616002211107920011    
20160616002211107920021    
20160616002211107920052    
20160616002211107920083    
20160616002211107925101    
201606160022111079300115   
20160616002211107930173    
20160616002211107930271    
20160616002254101110121    
20160616002254101110625    
20160616002254101110652    
20160616002254101110662    
20160616002254101115071    
20160616002254101115291    
20160616002254101115331    
20160616002254101120201    
20160616002254101125072    
20160616002254101130018    
20160616002254101130081    
20160616002254101130271    
20160616002254101130561    
20160616002254101130901    
20160616003418108810651    
20160616003418108810681    
20160616003418108815171    
20160616003418108820052    
20160616003418108830032    
20160616004511107610271    
20160616004511107610661    
201606160045111076300110   
20160616004511107630891    
20160616004511107630901    
20160616004511107630911    
20160616004511107630921    
20160616004511107630931    
20160616004511107630941    
20160616004511107630961    
20160616005400108910271    
20160616005400108910622    
20160616005400108910681    
20160616005400108910302    
20160616005400108910821    
20160616005400108910861    
20160616005400108930018    
20160616005400108930202    
20160616005400108910071    
20160616005400108930381    
20160616005400108930691    
20160616005651108910323    
20160616005651108915071    
20160616005651108915351    
20160616005651108915361    
20160616005651108915421    
20160616005651108915261    
20160616005651108925261    
20160616010058104910172    
20160616010058104910253    
20160616010058104910303    
20160616010058104915161    
20160616010058104920206    
20160616010058104925071    
20160616010058104925081    
20160616010058104925091    
20160616010058104930052    
20160616010451107810141    
20160616010451107810272    
20160616010451107810305    
20160616010451107810345    
20160616010451107810581    
20160616010451107810625    
20160616010451107810651    
20160616010451107810841    
20160616010451107815111    
20160616010451107815291    
20160616010451107815351    
20160616010451107815371    
20160616010451107820011    
20160616010451107820021    
20160616010451107820262    
20160616010451107825082    
20160616010451107825141    
20160616010451107825251    
20160616010451107825261    
20160616010451107830015    
20160616010451107830032    
20160616010451107830042    
20160616010451107830055    
20160616010451107830111    
20160616010451107830121    
20160616010451107830193    
20160616010451107830203    
20160616010451107830461    
20160616010451107830672    
20160616011306110010141    
20160616011306110010344    
20160616011306110010651    
20160616011306110010861    
20160616011306110015041    
20160616011306110015402    
20160616011306110025231    
201606160113061100300510   
20160616011306110030081    
20160616011306110030381    
20160616011824102410101    
20160616011824102410111    
20160616011824102410255    
20160616011824102410271    
20160616011824102410652    
20160616011824102410661    
20160616011824102410881    
20160616011824102415041    
20160616011824102420012    
201606160118241024202012   
20160616011824102420271    
20160616011824102430071    
20160616011824102430193    
20160616011824102430203    
20160616011824102430321    
20160616012619100810303    
20160616012619100810432    
20160616012619100815351    
20160616012619100830057    
20160616012624109610022    
20160616012624109610071    
20160616012624109610123    
20160616012624109610141    
201606160126241096102510   
20160616012624109610271    
20160616012624109610381    
20160616012624109610422    
20160616012624109610635    
20160616012624109610682    
20160616012624109615071    
20160616012624109615401    
20160616012624109620011    
20160616012624109620052    
20160616012624109620101    
201606160126241096202012   
20160616012624109620262    
20160616012624109625093    
20160616012624109625241    
20160616012624109625261    
201606160126241096300110   
20160616012624109630033    
201606160126241096300510   
20160616012624109630301    
20160616012624109630331    
20160616012624109630392    
20160616012624109630432    
20160616012624109630461    
20160616012624109630671    
20160616012624109630892    
20160616012702109910255    
20160616012702109910343    
20160616012702109910381    
20160616012702109910432    
20160616012702109910471    
20160616012702109910625    
20160616012702109910651    
20160616012702109910661    
20160616012702109910681    
20160616012702109910792    
20160616012702109910791    
20160616012702109910861    
20160616012702109920011    
20160616012702109920101    
20160616012702109920271    
20160616012702109925151    
20160616012702109925261    
20160616012702109930015    
20160616012702109930032    
20160616012702109930053    
20160616012702109930081    
20160616012702109930191    
20160616012702109930251    
20160616012702109930271    
20160616012702109930392    
20160616012702109930461    
20160616012702109930521    
20160616012702109930531    
20160616012702109930561    
20160616014033104110174    
20160616014033104110184    
20160616014033104110233    
20160616014033104110305    
20160616014033104110422    
20160616014033104110471    
20160616014033104110662    
20160616014033104115031    
20160616014033104115131    
20160616014033104115261    
20160616014033104115351    
20160616014033104115401    
20160616014033104120011    
201606160140331041202012   
20160616014033104125072    
20160616014033104130061    
20160616014033104130183    
20160616014033104130195    
20160616014033104130205    
20160616014033104130381    
20160616014033104130402    
20160616014033104130431    
20160616014033104130451    
20160616015302108010384    
20160616015302108010635    
20160616015302108010862    
20160616015302108015211    
20160616015302108015211    
20160616015302108030015    
20160616015302108030382    
20160616015302108030691    
20160616015302108030892    
20160616015302108030962    
20160616021735106310381    
20160616021735106310431    
20160616021735106310841    
20160616021735106310861    
20160616021735106320082    
201606160217351063202012   
20160616021735106330033    
20160616022925103510255    
20160616022925103510272    
20160616022925103510305    
20160616022925103510325    
20160616022925103510383    
20160616022925103510623    
20160616022925103510633    
20160616022925103510652    
20160616022925103510661    
20160616022925103510681    
20160616022925103515161    
20160616022925103515262    
20160616022925103520161    
201606160229251035202012   
20160616022925103520212    
20160616022925103520331    
20160616022925103520404    
20160616022925103525031    
20160616022925103525151    
20160616022925103525251    
20160616022925103530015    
20160616022925103530033    
20160616022925103530043    
20160616022925103530053    
20160616022925103530081    
20160616022925103530321    
20160616022925103530361    
20160616022925103530381    
20160616022925103530431    
20160616022925103530691    
20160616023459105910622    
20160616023459105925151    
20160616023459105925161    
20160616023459105930271    
20160616023459105930701    
20160616030804108610123    
20160616030804108610141    
20160616030804108610211    
20160616030804108610221    
20160616030804108610232    
201606160308041086102510   
20160616030804108610273    
201606160308041086106210   
20160616030804108610635    
20160616030804108610651    
20160616030804108610661    
20160616030804108610682    
20160616030804108610862    
20160616030804108610871    
20160616030804108610881    
20160616030804108615041    
20160616030804108615261    
20160616030804108615291    
20160616030804108615351    
20160616030804108615371    
20160616030804108615401    
20160616030804108620011    
20160616030804108620022    
201606160308041086202012   
20160616030804108625261    
201606160308041086300110   
20160616030804108630081    
20160616030804108630111    
20160616030804108630331    
20160616030804108630895    
20160616030804108630901    
20160616030804108630963    
20160616030952102210171    
20160616030952102210252    
20160616030952102210272    
20160616030952102210304    
20160616030952102210321    
20160616030952102210342    
20160616030952102210471    
20160616030952102210631    
20160616030952102210652    
20160616030952102210791    
20160616030952102210801    
20160616030952102215111    
20160616030952102215191    
20160616030952102215261    
20160616030952102215371    
20160616030952102220021    
20160616030952102220051    
20160616030952102220102    
20160616030952102220111    
20160616030952102220212    
20160616030952102220241    
20160616030952102230016    
20160616030952102230031    
20160616030952102230052    
20160616030952102230061    
20160616030952102230261    
20160616030952102230361    
20160616030952102230391    
20160616030952102230652    
20160616030952102230671    
20160616030952102230911    
20160616031833110310141    
20160616031833110310212    
20160616031833110310221    
201606160318331103102510   
20160616031833110310271    
20160616031833110310308    
20160616031833110310421    
20160616031833110310492    
20160616031833110310651    
20160616031833110310684    
20160616031833110310862    
20160616031833110315041    
20160616031833110315061    
20160616031833110315161    
20160616031833110315261    
20160616031833110315291    
20160616031833110315401    
20160616031833110315421    
201606160318331103202012   
20160616031833110320311    
20160616031833110325093    
20160616031833110325271    
201606160318331103300110   
20160616031833110330033    
201606160318331103300510   
20160616031833110330192    
20160616031833110330202    
20160616031833110330271    
20160616031833110330321    
20160616031833110330381    
20160616031833110330521    
20160616031833110330726    
20160616031833110330892    
20160616031833110330941    
20160616031833110330962    
