20161125212205005700103    
20161125212205005700143    
20161125212205005700292    
201611252122050057005817   
20161125212205005700711    
20161125212205005700921    
20161125212205005701111    
20161125212205005702181    
20161125212205005706012    
201611252258030689001110   
20161125225803068901111    
20161126000912040000353    
201611260009120400005870   
20161126000912040000712    
20161126000912040000981    
201611260009120400010620   
20161126000912040001114    
20161126000912040001141    
20161126000912040001312    
20161126000912040002181    
201611260037371223001125   
20161126003737122300045    
20161126003737122300073    
20161126003737122306012    
20161126003737122301062    
20161126003737122300133    
20161126003737122300145    
20161126003737122300354    
20161126003737122300622    
20161126003737122301111    
20161126003737122302181    
201611260041321354001115   
201611260042010695001130   
20161126004201069500132    
20161126004201069500143    
20161126004201069500586    
20161126004201069500921    
20161126004201069501141    
20161126004201069502182    
201611260042010695060115   
20161126011436069506015    
201611260141400051000450   
20161126014140005102183    
201611260141400051060130   
201611260141400051007550   
201611260155060630000410   
20161126015506063000142    
20161126015506063000931    
20161126015506063001111    
20161126015506063000101    
201611260658120080000480   
20161126065812008000712    
20161126065812008001118    
20161126070131140100774    
201611260701311401008030   
2016112607013114010124170  
201611260702152001001115   
20161126070215200100585    
20161126070215200101112    
201611260702470024000410   
20161126070247002400761    
20161126070247002406015    
20161126070247002406221    
20161126070247002406242    
20161126070327200200141    
201611260703272002005835   
20161126070327200200712    
20161126070327200200981    
20161126070327200201065    
20161126070327200201112    
20161126070415001600186    
2016112607041500160079140  
201611260704150016008020   
20161126070415001601252    
20161126070415001603184    
201611260705261374000410   
20161126070526137400115    
20161126070526137400141    
