20160405001110105214012    
20160405001110105214081    
20160405001110105214091    
20160405001110105223654    
20160405001110105289352    
20160405002126106214081    
20160405002126106223701    
20160405002126106289371    
20160405002126106212051    
20160405002126106226272    
20160405002126106217033    
20160405011713109914012    
20160405011713109923651    
20160405011713109926272    
20160405011713109926551    
20160405011713109990153    
20160405031120109311033    
20160405031120109314011    
20160405031120109314081    
20160405031120109314141    
20160405031120109314181    
20160405031120109314191    
20160405031120109316141    
20160405031120109323632    
20160405031120109323661    
20160405031120109323773    
20160405031120109323831    
20160405031120109326271    
20160405031120109326541    
20160405031120109389354    
20160405031120109389362    
20160405031120109389461    
20160405031120109390042    
