201603200118281343000420   
20160320011828134301112    
20160320011828134300141    
20160320011828134306015    
20160320011828134300761    
20160320011828134300921    
201603200222550815000230   
20160320162453063001061    
20160320162453063000141    
201603201624530630000420   
20160320162453063001111    
20160320162453063001141    
201603202327040901006330   
20160320232704090100711    
20160320232704090100921    
20160320232704090101071    
20160320232704090101113    
20160320232704090101381    
201603202327040901031730   
201603202337461354001130   
201603202350440678001120   
20160321002036069500142    
20160321002036069501063    
20160321002036069501141    
201603210020360695060115   
201603210025340636000210   
20160321002534063600623    
20160321002534063606013    
20160321004656040000141    
201603210046560400005880   
20160321004656040000712    
20160321004656040000981    
201603210046560400010610   
20160321004656040001113    
20160321004656040002181    
201603210117520744000210   
20160321013727001801151    
20160321013727001800041    
20160321013727001806011    
20160321013727001800116    
201603210304330040001110   
201603210304330040005810   
20160321030433004001112    
20160321030433004006015    
201603210412180503010610   
201603210631041350000410   
20160321063104135000303    
20160321063104135000711    
201603210631041350010610   
20160321063104135001112    
201603210708320080000490   
20160321070832008001112    
20160321070916200200112    
20160321070916200200142    
20160321070916200200355    
201603210709162002005810   
20160321070916200201111    
20160321070939001201531    
201603210709390012031515   
201603210710040809000210   
20160321071004080900711    
20160321071004080901111    
20160321071004080906013    
20160321071021080901171    
201603210711070032004925   
20160321071107003201191    
20160321071134000500132    
20160321071134000500142    
20160321071134000500921    
201603210712001401007950   
20160321071200140100805    
20160321071222002500595    
201603210712401413031510   
20160321071240141303181    
201603210713190024000410   
20160321071319002400131    
20160321071319002400141    
201603210713561353000420   
20160321071356135300741    
20160321071356135301111    
20160321071356135306011    
20160321072226001100131    
20160321072226001100141    
201603210722260011003815   
201603210722260011005910   
20160321072226001106015    
201603210723411427004410   
20160321072341142701531    
201603210723411427031510   
20160321072341142703181    
