20160408190822123410584    
20160408190822123410044    
20160408190822123410792    
20160408190822123410531    
20160408190822123410921    
20160408190822123411061    
201604081908221234113310   
20160408190822123422521    
20160408190822123422971    
20160408190822123411995    
20160408190822123411301    
20160408190822123411615    
20160408190822123411621    
20160408190822123411836    
20160408190822123411841    
20160408190822123425095    
20160408190822123425081    
20160408190822123411403    
20160408190822123411276    
20160408190822123411142    
20160408190822123411352    
20160408190822123410272    
20160408190822123410283    
20160408190822123410311    
20160408190822123410861    
20160408193357339023011    
20160408193357339011992    
20160408193357339011422    
20160408193357339011611    
20160408193357339010421    
20160408193357339010031    
20160408193357339010741    
20160408193357339010323    
20160408193357339010333    
20160408193357339025071    
20160408193357339011162    
20160408193357339020701    
20160408193357339011331    
20160408200853528722183    
20160408200853528711612    
20160408200853528710171    
20160408200853528710291    
20160408200853528720711    
20160408200853528710041    
20160408200853528723015    
20160408200853528710151    
20160408200853528725091    
20160408200853528710326    
20160408200853528711427    
20160408200853528722991    
20160408200853528710333    
20160408201420395910071    
20160408201420395910081    
20160408201420395910171    
20160408201420395910272    
20160408201420395910281    
20160408201420395910291    
20160408201420395910311    
201604082014203959103210   
201604082014203959103310   
20160408201420395910391    
20160408201420395910411    
20160408201420395910425    
20160408201420395910431    
20160408201420395910461    
20160408201420395910742    
20160408201420395910871    
20160408201420395911121    
20160408201420395925072    
20160408201420395922991    
20160408201420395925011    
20160408201420395922361    
20160408201420395911332    
20160408201420395911425    
20160408201420395911642    
20160408201420395911611    
20160408201420395911833    
20160408201420395920132    
20160408201420395920141    
20160408202316528710311    
20160408202316528711301    
20160408202443528710494    
