20161025111720102110013    
201610251117201021100210   
20161025111720102110041    
20161025111720102110091    
20161025111720102110102    
20161025111720102111024    
20161025111720102111031    
20161025111720102111042    
20161025111720102111051    
20161025111720102111081    
20161025111720102112011    
20161025111720102112024    
20161025111720102112034    
201610251117201021130114   
20161025111720102113022    
20161025111720102115021    
20161025111720102115041    
201610251117201021160110   
20161025111720102116033    
20161025111720102117011    
20161025111720102117021    
20161025111720102120112    
20161025120243101410011    
201610251202431014100210   
20161025120243101411071    
20161025120243101413012    
20161025120243101415011    
20161025120243101415021    
20161025120243101415031    
20161025120243101416022    
20161025120243101418015    
20161025120243101418021    
20161025120243101420022    
20161025120243101430011    
