20160830092106330240001    
20160830092106330240011    
20160830092106330240022    
20160830092106330260322    
20160830092106330260331    
20160830092106330260591    
20160830092106330250102    
20160830092136830340011    
20160830092136830340021    
20160830092136830359991    
20160830092136830360381    
20160830092136830350151    
20160830095935010250121    
20160830095935010250151    
20160830095935010260001    
20160830095935010260321    
20160830100108570240011    
20160830100108570259991    
20160830100108570260111    
20160830100108570260391    
20160830100234300150041    
20160830100234300150111    
20160830100234300159981    
20160830100234300160101    
20160830100234300160331    
20160830100405510340002    
20160830100405510340021    
20160830100405510350041    
20160830100405510350101    
20160830100405510360396    
20160830100405510360461    
20160830100405510360591    
20160830100523571350041    
20160830100523571350101    
20160830100523571359991    
20160830100523571360321    
20160830100523571360601    
20160830100615132640001    
20160830100615132660002    
20160830100615132660391    
20160830100723811140001    
20160830100723811160001    
20160830100723811160061    
20160830100723811160091    
20160830100723811160111    
20160830100723811160301    
20160830100754061240002    
