20160527164323203410011    
20160527164323203410023    
20160527164323203410041    
20160527164323203410133    
20160527164323203410185    
20160527164323203410205    
20160527164323203410222    
20160527164323203420022    
20160527164323203420031    
20160527164323203420053    
20160527164323203420063    
20160527164323203420073    
20160527164323203420102    
20160527164323203431031    
20160527164323203440031    
20160527164323203440052    
20160527164323203440151    
20160527164323203440191    
20160527164323203441035    
20160527164323203441041    
20160527164323203441061    
20160527164323203460071    
20160527172052102010021    
20160527172052102010041    
20160527172052102010061    
20160527172052102010133    
20160527172052102010202    
20160527172052102020011    
20160527172052102020022    
20160527172052102020031    
20160527172052102020041    
20160527172052102020052    
20160527172052102020102    
20160527172052102030042    
201605271720521020310310   
20160527172052102041032    
20160527172052102041041    
201605271808402046100320   
20160527180840204610132    
20160527180840204610202    
20160527180840204610262    
20160527180840204620011    
20160527180840204620022    
20160527180840204620031    
20160527180840204620052    
20160527180840204620072    
20160527180840204630042    
201605271808402046310320   
20160527180840204640013    
20160527180840204640021    
20160527180840204640052    
20160527180840204640191    
20160527180840204641033    
20160527180840204650012    
20160527183211204310022    
201605271832112043100320   
20160527183211204310041    
20160527183211204310132    
20160527183211204310186    
20160527183211204310201    
20160527183211204310225    
20160527183211204310261    
20160527183211204320061    
20160527183211204340003    
20160527183211204340014    
20160527183211204340021    
20160527183211204340051    
20160527183211204341033    
20160527183211204341042    
20160527213343203810011    
20160527213343203810022    
201605272133432038100320   
20160527213343203810042    
20160527213343203810132    
20160527213343203810183    
20160527213343203810191    
20160527213343203810202    
20160527213343203810222    
20160527213343203810262    
20160527213343203820001    
20160527213343203820071    
201605272133432038310310   
20160527213343203840002    
20160527213343203840014    
20160527213343203840022    
20160527213343203840031    
20160527213343203840191    
20160527213343203841033    
20160527213343203841041    
20160527213343203841071    
20160527220647101310023    
20160527220647101310042    
20160527220647101310051    
20160527220647101310081    
201605272206471013101310   
20160527220647101310142    
20160527220647101310161    
20160527220647101310185    
20160527220647101310203    
20160527220647101310224    
20160527220647101310262    
20160527220647101320001    
20160527220647101320011    
20160527220647101320022    
20160527220647101320051    
20160527220647101320062    
20160527220647101320073    
20160527220647101340054    
20160527220647101340152    
20160527220647101341034    
20160527220647101341041    
20160527223310203820051    
20160527223310203840011    
20160527224224103310136    
20160527224224103320011    
20160527224224103320021    
20160527224224103320041    
20160527224224103320053    
20160527224224103320061    
20160527224224103320072    
20160527224224103320081    
20160527224224103330061    
20160527224224103330071    
20160527224224103340052    
20160527224224103320102    
20160527224224103310204    
201605272242241033310320   
20160527224224103310187    
20160527224224103310225    
20160527224224103310263    
20160527224224103350093    
20160527224224103341051    
20160527224224103341071    
20160527225259103310091    
20160528003149103210022    
201605280031491032100325   
20160528003149103210041    
20160528003149103210061    
20160528003149103210136    
20160528003149103210141    
20160528003149103210203    
20160528003149103210225    
20160528003149103220071    
201605280031491032400112   
20160528003149103240024    
20160528003149103240031    
20160528003149103240051    
20160528003149103240151    
20160528003149103241038    
20160528003149103250011    
