20160814003710300210012    
20160814003710300210322    
20160814003710300210821    
20160814003710300210861    
20160814003710300215041    
20160814003710300215071    
20160814003710300220083    
20160814003710300220462    
20160814003710300225093    
20160814003710300230014    
20160814003710300230121    
20160814003710300230271    
20160815022732301210255    
20160815022732301210305    
20160815022732301210471    
201608150227323012106210   
20160815022732301210635    
20160815022732301210681    
20160815022732301210822    
20160815022732301210862    
20160815022732301215181    
20160815022732301215261    
201608150227323012202012   
20160815022732301225085    
20160815022732301230112    
20160815022732301230271    
20160815022732301230331    
20160815022732301230361    
20160815022732301230431    
20160815022732301230461    
20160815022732301230471    
20160815022732301230521    
20160815022732301230531    
20160815022732301230892    
20160815022732301230921    
20160815030328300810101    
20160815030328300810111    
20160815030328300810211    
20160815030328300810253    
20160815030328300810271    
20160815030328300810307    
20160815030328300810345    
20160815030328300810361    
20160815030328300810471    
20160815030328300810624    
20160815030328300810652    
20160815030328300810661    
20160815030328300810682    
20160815030328300810793    
20160815030328300810822    
20160815030328300810863    
20160815030328300815041    
20160815030328300815181    
20160815030328300815261    
20160815030328300815351    
20160815030328300820011    
20160815030328300820101    
20160815030328300820201    
20160815030328300820311    
20160815030328300825161    
20160815030328300825271    
201608150303283008300115   
20160815030328300830033    
20160815030328300830043    
20160815030328300830081    
20160815030328300830111    
20160815030328300830193    
20160815030328300830203    
20160815030328300830272    
20160815030328300830331    
20160815030328300830392    
20160815030328300830531    
20160815030328300830541    
20160815045835300410125    
20160815045835300410141    
20160815045835300410172    
201608150458353004102515   
201608150458353004102712   
201608150458353004103010   
201608150458353004103412   
20160815045835300410421    
20160815045835300410471    
20160815045835300410627    
20160815045835300410653    
20160815045835300410661    
20160815045835300410681    
20160815045835300410791    
20160815045835300410801    
20160815045835300410821    
20160815045835300410863    
20160815045835300415041    
20160815045835300415162    
20160815045835300415261    
20160815045835300415291    
20160815045835300415352    
20160815045835300415372    
20160815045835300420011    
20160815045835300420051    
20160815045835300420101    
201608150458353004202012   
20160815045835300425082    
20160815045835300425092    
20160815045835300425251    
20160815045835300425261    
201608150458353004300120   
20160815045835300430114    
20160815045835300430192    
20160815045835300430251    
20160815045835300430273    
20160815045835300430351    
20160815045835300430451    
20160815045835300430461    
20160815045835300430481    
