20160815142125100810011    
20160815142125100810032    
20160815142125100810041    
20160815142125100810131    
20160815142125100810201    
20160815142125100810222    
201608151421251008200110   
20160815142125100820023    
20160815142125100820063    
20160815142125100820081    
20160815142125100820092    
20160815142125100840016    
20160815142125100840051    
20160815142125100840061    
20160815142125100840151    
20160815142125100841032    
20160815161359202810021    
20160815161359202810041    
20160815161359202810051    
20160815161359202810132    
201608151613592028101810   
20160815161359202810191    
20160815161359202810222    
20160815161359202820001    
20160815161359202820022    
20160815161359202820051    
20160815161359202820063    
20160815161359202840031    
20160815161359202840051    
20160815161359202841033    
20160815161359202841041    
20160815164211111120011    
20160815164211111120025    
20160815164211111120053    
20160815164211111177891    
20160815173724203410011    
20160815173724203410022    
20160815173724203410031    
20160815173724203410041    
20160815173724203410185    
20160815173724203410222    
20160815173724203420011    
20160815173724203420021    
20160815173724203420052    
20160815173724203420063    
20160815173724203420073    
20160815173724203420102    
20160815173724203431031    
20160815173724203440031    
20160815173724203440152    
20160815173724203441033    
20160815173724203441051    
20160815173724203441061    
20160815173724203460071    
20160815182905100820015    
20160815182905100820062    
20160815193331203460091    
20160815202840204310022    
201608152028402043100340   
20160815202840204310041    
20160815202840204310131    
20160815202840204310183    
20160815202840204310201    
20160815202840204310261    
20160815202840204320001    
20160815202840204320021    
20160815202840204320061    
20160815202840204320071    
20160815202840204320081    
20160815202840204330121    
201608152028402043310310   
20160815202840204340002    
20160815202840204340012    
20160815202840204341032    
20160815202840204341041    
20160815202840204377791    
201608152034582050100320   
20160815203458205010041    
20160815203458205010184    
20160815203458205010221    
20160815203458205020001    
20160815203458205020021    
20160815203458205020041    
20160815203458205041031    
20160815203458205041041    
20160815203458205077791    
20160815203458205077801    
20160815205556204610021    
201608152055562046100320   
20160815205556204610041    
20160815205556204610051    
20160815205556204610061    
20160815205556204610132    
20160815205556204620011    
20160815205556204620022    
20160815205556204620052    
20160815205556204620074    
20160815205556204630043    
201608152055562046310320   
20160815205556204640013    
20160815205556204640021    
20160815205556204640071    
20160815205556204640191    
20160815205556204641031    
20160815210326204210011    
201608152103262042100320   
20160815210326204210081    
20160815210326204210132    
20160815210326204210182    
20160815210326204210201    
20160815210326204210221    
20160815210326204210261    
20160815210326204220012    
20160815210326204220028    
20160815210326204220052    
20160815210326204220064    
20160815210326204220075    
20160815210326204230046    
201608152103262042310320   
20160815210326204240002    
20160815210326204240013    
20160815210326204240051    
20160815210326204240091    
20160815210326204240191    
20160815210326204241032    
20160815210326204241041    
20160815211218204410021    
201608152112182044100320   
20160815211218204410041    
20160815211218204410071    
20160815211218204410132    
20160815211218204410202    
20160815211218204410222    
20160815211218204410263    
20160815211218204420001    
20160815211218204420012    
20160815211218204420026    
20160815211218204420054    
20160815211218204420061    
20160815211218204420077    
20160815211218204420081    
20160815211218204420102    
201608152112182044300410   
20160815211218204430061    
20160815211218204430071    
201608152112182044310320   
20160815211218204440002    
20160815211218204440015    
20160815211218204440022    
20160815211218204440052    
20160815211218204440151    
20160815211218204441032    
20160815211218204441042    
20160815211218204441071    
20160815211218204450011    
20160815211218204477791    
20160815212031204810021    
201608152120312048100319   
20160815212031204810041    
20160815212031204810133    
20160815212031204810201    
20160815212031204820011    
20160815212031204820023    
20160815212031204820052    
20160815212031204820072    
201608152120312048310319   
20160815212031204840191    
20160815212031204841032    
20160815212031204841041    
20160815212031204877791    
20160815213050203810021    
201608152130502038100315   
20160815213050203810041    
20160815213050203810183    
20160815213050203810201    
20160815213050203810222    
20160815213050203820001    
20160815213050203820011    
20160815213050203820022    
20160815213050203820051    
20160815213050203820061    
20160815213050203820071    
20160815213050203830045    
20160815213050203840001    
20160815213050203840012    
20160815213050203840021    
20160815213050203840031    
20160815213050203840051    
20160815213050203840093    
20160815213050203841032    
20160815213050203841041    
20160815213050203877791    
20160815213824101510091    
20160815213824101520065    
20160815213824101520082    
20160815213824101520001    
20160815213824101541032    
20160815213824101520041    
20160815213824101520011    
20160815213824101520022    
20160815214757103810041    
20160815214757103810185    
20160815214757103810193    
20160815214757103810202    
20160815214757103840053    
20160815220139103210011    
20160815220139103210022    
201608152201391032100320   
20160815220139103210041    
20160815220139103210051    
20160815220139103210081    
20160815220139103210135    
20160815220139103210141    
20160815220139103210203    
20160815220139103210225    
20160815220139103220001    
20160815220139103240019    
20160815220139103240024    
20160815220139103240031    
20160815220139103240052    
20160815220139103240152    
20160815220139103241037    
20160815220139103250011    
201608152213462047100320   
20160815221346204710041    
20160815221346204710132    
20160815221346204710201    
20160815221346204710222    
20160815221346204720001    
20160815221346204720011    
20160815221346204720021    
20160815221346204720051    
20160815221346204720101    
20160815221346204730045    
201608152213462047310315   
20160815221346204740051    
20160815221346204741031    
20160815221346204741041    
20160815221346204777791    
20160815222358101310022    
20160815222358101310032    
20160815222358101310042    
20160815222358101310051    
20160815222358101310061    
20160815222358101310081    
20160815222358101310138    
20160815222358101310143    
20160815222358101310188    
20160815222358101310191    
20160815222358101310203    
20160815222358101310225    
20160815222358101310263    
20160815222358101320001    
201608152223581013200115   
20160815222358101320023    
20160815222358101320041    
20160815222358101320051    
20160815222358101320062    
20160815222358101320073    
20160815222358101330045    
20160815222358101331034    
20160815222358101340031    
20160815222358101340056    
20160815222358101340151    
20160815222358101341037    
20160815222358101341041    
