20160811101838801800102    
20160811101838801800031    
20160811101838801800041    
20160811101838801800061    
20160811101838801800071    
20160811101838801800211    
20160811101838801800751    
20160811101838801800451    
20160811101838801840525    
20160811101838801805031    
20160811101838801805041    
20160811101838801805075    
20160811101838801805121    
20160811101838801805131    
20160811101838801805164    
20160811101838801800301    
201608111026157994000730   
201608111026157994990130   
20160811104722802000103    
20160811104722802000031    
20160811104722802000042    
20160811104722802000571    
20160811104722802000201    
20160811104722802000211    
20160811104722802000222    
20160811104722802000241    
20160811104722802000301    
20160811104722802000731    
20160811104722802000751    
20160811104722802005035    
20160811104722802005043    
20160811104722802005075    
20160811104722802005122    
20160811104722802005131    
20160811104722802005151    
20160811104722802040113    
20160811105041801900106    
20160811105041801900033    
20160811105041801900043    
20160811105041801900571    
20160811105041801900061    
20160811105041801900203    
20160811105041801900242    
20160811105041801900401    
20160811105041801940201    
20160811105041801940212    
201608111050418019405520   
20160811105041801905034    
20160811105041801905044    
20160811105041801905123    
20160811105041801905152    
20160811105041801905174    
201608111101318013001050   
201608111101318013000317   
201608111101318013000415   
20160811110131801300062    
20160811110131801300022    
20160811110131801300401    
20160811111745802200105    
20160811111745802200032    
20160811111745802200042    
20160811111745802200571    
20160811111745802200061    
20160811111745802200071    
20160811111745802200201    
20160811111745802200221    
20160811111745802200301    
20160811111745802200721    
20160811111745802240211    
20160811111745802205021    
20160811111745802205031    
20160811111745802205041    
20160811111745802205075    
20160811111745802205131    
20160811111745802205141    
20160811111745802205163    
201608111147248010007510   
201608111147248010402150   
2016081111472480104055400  
20160811114724801080035    
201608111147248010990160   
20160811114946801700021    
20160811114946801700034    
20160811114946801700043    
20160811114946801700202    
20160811114946801700212    
20160811114946801700242    
20160811114946801700251    
20160811114946801700571    
20160811114946801700721    
20160811114946801700751    
20160811114946801700107    
20160811114946801705021    
20160811114946801705032    
20160811114946801705044    
201608111149468017050712   
20160811114946801705082    
20160811114946801705124    
20160811114946801705132    
20160811114946801705151    
20160811114946801705167    
20160811114946801740114    
20160811114946801780031    
20160811114946801780041    
20160811114946801700063    
20160811114946801700073    
201608111151208006402130   
201608111151208006000724   
201608111151208006990136   
201608111151208006990212   
20160811115245802600401    
201608111152458026000718   
201608111152458026990118   
201608111152458026990218   
20160811121216800300202    
20160811121216800300211    
20160811121216800305022    
20160811121216800340213    
20160811121216800380012    
20160811121216800300061    
20160811121216800300071    
20160811131252802500033    
20160811131252802500042    
20160811131252802500731    
20160811131252802500105    
20160811131252802505022    
20160811131252802505032    
20160811131252802505042    
20160811131252802540201    
20160811131252802500073    
20160811132547800305021    
20160811133732801400033    
20160811133732801400042    
20160811133732801400201    
20160811133732801400241    
20160811133732801400106    
20160811133732801405024    
20160811133732801405032    
20160811133732801405043    
20160811133732801405124    
20160811133732801405174    
20160811133732801405202    
20160811133732801440213    
20160811133732801400061    
20160811134953801600033    
20160811134953801600043    
20160811134953801600203    
20160811134953801600211    
20160811134953801600222    
20160811134953801600243    
20160811134953801600431    
20160811134953801600581    
20160811134953801600107    
20160811134953801600081    
20160811134953801605034    
20160811134953801605044    
20160811134953801605121    
20160811134953801605132    
20160811134953801605154    
20160811134953801605168    
201608111349538016405210   
20160811134953801600063    
20160811134953801600072    
20160811135220799800066    
20160811135220799800076    
201608111352207998007515   
20160811135220799899016    
20160811135628020700105    
20160811135628020700033    
20160811135628020700042    
20160811135628020700571    
20160811135628020700062    
20160811135628020700072    
20160811135628020700211    
20160811135628020700221    
20160811135628020740525    
20160811135628020740211    
20160811135628020780013    
20160811135628020780021    
20160811135628020705021    
20160811135628020705031    
20160811135628020705041    
201608111356280207050730   
20160811135628020705123    
20160811135628020705132    
20160811135628020705141    
20160811135628020740113    
20160811135859006200104    
20160811135859006200032    
20160811135859006200041    
20160811135859006205025    
20160811135859006280041    
20160811140618016900101    
20160811140618016900031    
20160811140618016900571    
20160811140618016900063    
20160811140618016900072    
20160811140618016900721    
20160811140618016900422    
20160811140618016940526    
20160811140618016940533    
20160811140618016940212    
20160811140618016940221    
201608111406180169405510   
201608111406180169050710   
20160811140618016905152    
20160811140825002700031    
20160811140825002700041    
20160811140825002700101    
20160811141540009500106    
20160811141540009500033    
20160811141540009500043    
20160811141540009500073    
20160811141540009500062    
201608111416158000000314   
20160811141615800000048    
201608111416158000000614   
20160811141615800000077    
20160811141615800000086    
201608111416158000001017   
20160811141615800000134    
20160811141615800000203    
201608111416158000002110   
20160811141615800000223    
20160811141615800000245    
20160811141615800000285    
20160811141615800000302    
20160811141615800000401    
20160811141615800000577    
20160811141615800000581    
20160811141615800000724    
20160811141615800000752    
20160811141615800005023    
20160811141615800005037    
20160811141615800005049    
201608111416158000050760   
20160811141615800005126    
201608111416158000051312   
20160811141615800005144    
201608111416158000051512   
201608111416158000051712   
20160811141615800040011    
20160811141615800040021    
201608111416158000401110   
20160811141615800040122    
20160811141615800040172    
20160811141615800040201    
201608111416158000402116   
20160811141615800040221    
20160811141615800040393    
201608111416158000405226   
201608111416158000405368   
201608111416158000405570   
20160811141615800080031    
201608111416158000850010   
201608111416158000990114   
20160811141615800099026    
20160811141759019805011    
201608111417590198000310   
20160811141759019800049    
201608111417590198001016   
20160811142359023700105    
20160811142359023700033    
20160811142359023700042    
20160811142359023700061    
20160811142359023700071    
20160811142359023700021    
20160811142359023700221    
20160811142359023700241    
20160811142359023700281    
20160811142359023700401    
20160811142359023740212    
201608111423590237405513   
20160811142359023780022    
20160811142359023705202    
20160811142359023705021    
20160811142359023705041    
20160811142359023705075    
20160811142359023705123    
20160811142359023705131    
20160811142359023705161    
20160811142448801500033    
20160811142448801500044    
20160811142448801500201    
20160811142448801500211    
20160811142448801500242    
20160811142448801500451    
20160811142448801500571    
20160811142448801500108    
20160811142448801505022    
20160811142448801505043    
20160811142448801505124    
20160811142448801505141    
20160811142448801505152    
20160811142448801505172    
20160811142448801540115    
20160811142448801505203    
20160811142448801500061    
20160811142448801500071    
20160811142506027600021    
20160811142506027600031    
20160811142506027600041    
20160811142506027600201    
20160811142506027600102    
20160811142506027605023    
20160811142506027605044    
20160811142506027605122    
20160811142506027640212    
20160811142506027680014    
20160811142506027680042    
20160811142506027600061    
20160811142730800340201    
20160811143146011405043    
201608111431460114405520   
201608111431460114050710   
20160811143146011400033    
20160811143146011400042    
20160811143146011400105    
20160811143217003200107    
20160811143217003200034    
20160811143217003200043    
20160811143217003200072    
20160811143217003200571    
20160811143217003200231    
20160811143217003205022    
20160811143217003205172    
20160811143224011440212    
20160811143643000300107    
20160811143643000300034    
20160811143643000300043    
20160811143643000300061    
20160811143643000300451    
20160811143643000340523    
20160811143643000305041    
20160811143643000305125    
201608111439190248001016   
20160811143919024800038    
20160811143919024800047    
20160811143919024800573    
20160811143919024800083    
20160811143919024800064    
20160811143919024800073    
20160811143919024800201    
20160811143919024800241    
20160811143919024800631    
20160811143919024800731    
201608111439190248007510   
201608111439190248050720   
20160811143919024805081    
20160811143919024805134    
20160811143919024805143    
20160811143919024805155    
20160811143919024805162    
20160811143919024840171    
20160811144034004800105    
20160811144034004800033    
20160811144034004800042    
20160811144034004800571    
20160811144034004805043    
20160811144034004805033    
20160811144034004805021    
20160811144034004805152    
20160811144145012500103    
20160811144145012500031    
20160811144145012500041    
20160811144145012500071    
20160811144145012500211    
20160811144145012500222    
20160811144145012540201    
20160811144145012540213    
20160811144145012505042    
20160811144145012505121    
20160811144145012505172    
20160811144505006600035    
20160811144505006600044    
20160811144505006600109    
20160811144505006600401    
20160811144505006600731    
20160811144528024000061    
20160811144528024000073    
20160811144528024005022    
20160811144528024005044    
201608111445280240050720   
20160811144528024005135    
20160811144528024005122    
20160811144528024005152    
20160811144528024005163    
20160811144528024040141    
20160811144528024040391    
20160811144528024080014    
201608111445280240405520   
20160811144528024040212    
20160811144528024080021    
20160811144528024000231    
20160811144528024000721    
20160811144528024000241    
20160811144528024000221    
20160811144528024000201    
20160811144528024000301    
20160811144613024700102    
20160811144613024700031    
20160811144613024700041    
20160811144613024700061    
20160811144613024700073    
20160811144613024700211    
20160811144613024700401    
20160811144613024780016    
20160811144613024705022    
20160811144613024705134    
20160811144613024705152    
20160811144827027400104    
20160811144827027400032    
20160811144827027400042    
20160811144827027400063    
20160811144827027400076    
20160811144827027400242    
20160811144827027400772    
201608111448270274405520   
20160811144827027480018    
20160811144827027405152    
201608111449550157850012   
20160811144955015700032    
20160811144955015700041    
20160811144955015700081    
20160811144955015700061    
20160811144955015700071    
20160811144955015700202    
20160811144955015700214    
20160811144955015700221    
20160811144955015700242    
20160811144955015700301    
20160811144955015700422    
20160811144955015740523    
20160811144955015740535    
20160811144955015740212    
20160811144955015740221    
201608111449550157405540   
20160811144955015780014    
20160811144955015705011    
20160811144955015705022    
20160811144955015705032    
20160811144955015705044    
201608111449550157050730   
20160811144955015705135    
20160811144955015705141    
20160811144955015705163    
20160811144955015740391    
20160811145109007200102    
20160811145109007200031    
20160811145109007200041    
20160811145109007200211    
20160811145456025500102    
20160811145456025500031    
20160811145456025500041    
20160811145456025540211    
20160811145456025580012    
20160811145456025580021    
20160811145456025505041    
20160811145456025505121    
20160811145456025505201    
20160811145456025540555    
20160811145603023200107    
20160811145603023200034    
20160811145603023200042    
20160811145603023200061    
20160811145603023200072    
20160811145603023200242    
20160811145603023200751    
20160811145603023280016    
20160811145603023240212    
20160811145603023205037    
20160811145603023205041    
20160811145603023205124    
20160811145603023205141    
20160811145603023205154    
20160811145603023205164    
20160811145603023205174    
20160811150052007700109    
20160811150052007700036    
20160811150052007700043    
20160811150052007700571    
20160811150052007700073    
20160811150052007700731    
201608111500520077050720   
20160811150052007700062    
20160811150132020000108    
20160811150132020000035    
20160811150132020000043    
20160811150132020000571    
20160811150132020000081    
20160811150132020000072    
20160811150132020000021    
20160811150132020000201    
20160811150132020000241    
20160811150132020000301    
20160811150132020000281    
20160811150132020000721    
20160811150132020040212    
201608111501320200405520   
20160811150132020005021    
20160811150132020005032    
20160811150132020005042    
201608111501320200050710   
20160811150132020005081    
20160811150132020005132    
20160811150132020005141    
20160811150132020005163    
20160811150226020000401    
20160811150259802300106    
20160811150259802300033    
20160811150259802300043    
20160811150259802300571    
20160811150259802300063    
20160811150259802300072    
20160811150259802300201    
20160811150259802300221    
20160811150259802300241    
201608111502598023405520   
20160811150259802305022    
20160811150259802305033    
20160811150259802305043    
20160811150259802305123    
20160811150259802305162    
20160811150259802340131    
20160811150259802340171    
20160811150259802300721    
20160811150313019600031    
20160811150313019600042    
20160811150313019600211    
20160811150313019600571    
20160811150313019600103    
20160811150313019600081    
20160811150313019605021    
20160811150313019605041    
20160811150313019605081    
20160811150313019640221    
20160811150313019640523    
20160811150313019640533    
20160811150313019600071    
20160811150653007900104    
20160811150653007900032    
20160811150653007900041    
20160811150653007905022    
20160811150653007905032    
20160811150653007905151    
20160811150653007900023    
20160811150716022300101    
20160811150716022300031    
20160811150716022300041    
20160811150716022305121    
20160811150716022300211    
20160811150716022300401    
20160811150716022300281    
20160811150716022340391    
20160811150716022340021    
20160811150716022340115    
20160811150716022305022    
20160811150716022340212    
201608111507160223405520   
201608111507160223050715   
20160811150716022305132    
20160811150716022305173    
20160811150716022305042    
20160811150922025100103    
20160811150922025100032    
20160811150922025100041    
20160811150922025100061    
20160811150922025100071    
20160811150922025100021    
20160811150922025100201    
20160811150922025100211    
20160811150922025100731    
20160811150922025140201    
20160811150922025140212    
20160811150922025140221    
20160811150922025180014    
201608111509220251405510   
20160811150922025105021    
20160811150922025105031    
20160811150922025105121    
20160811150922025105162    
20160811150922025140011    
20160811150922025140141    
20160811150922025105201    
20160811150934010900031    
20160811150934010900041    
20160811150934010900103    
20160811150934010905023    
20160811150934010900061    
20160811150934010900231    
20160811151156007600571    
20160811151156007600071    
20160811151156007600061    
20160811151156007680031    
20160811151156007680014    
20160811151156007680021    
20160811151156007605041    
20160811151156007605151    
20160811151156007600231    
20160811151156007640212    
20160811151156007600401    
20160811151158023000032    
20160811151158023000042    
20160811151158023000103    
20160811151158023080014    
20160811151158023000731    
20160811151158023000581    
20160811151158023000072    
20160811151158023005032    
20160811151158023005021    
20160811151158023000061    
20160811151158023040523    
20160811151158023040535    
20160811151158023040212    
20160811151158023005172    
20160811151158023005042    
20160811151158023000241    
20160811151158023005122    
20160811151357013000105    
20160811151357013000033    
20160811151357013000042    
20160811151357013000201    
20160811151357013000212    
20160811151357013000062    
20160811151357013005021    
20160811151357013005134    
201608111513570130050720   
20160811151357013040525    
20160811151357013000073    
20160811151357013005124    
20160811151417801540021    
20160811151417801540171    
20160811151417801540391    
20160811151529003300101    
20160811151529003300031    
20160811151529003340523    
20160811151529003305041    
20160811151529003300731    
20160811151657013900104    
20160811151657013900032    
20160811151657013900041    
20160811151657013940525    
20160811151657013940212    
20160811151657013905132    
20160811151657013980012    
20160811151657013900061    
20160811151657013905041    
20160811151724008900035    
20160811151724008900042    
20160811151724008900107    
20160811151724008900062    
20160811151724008900072    
20160811151724008900081    
20160811151724008905173    
20160811151724008905151    
20160811151724008905042    
20160811151724008905033    
20160811151724008905021    
20160811151724008900211    
20160811151724008905132    
201608111517240089050710   
20160811151810015600108    
20160811151810015600043    
20160811151810015600034    
20160811151810015600062    
20160811151810015600072    
20160811151810015600021    
20160811151810015600201    
20160811151810015600211    
20160811151810015600241    
20160811151810015600751    
20160811151810015600421    
20160811151810015600451    
20160811151810015640521    
20160811151810015640533    
20160811151810015640212    
201608111518100156405515   
20160811151810015605021    
20160811151810015605043    
20160811151810015605034    
201608111518100156050711   
20160811151810015605081    
20160811151810015605125    
20160811151810015605132    
20160811151810015605163    
20160811151810015605203    
20160811151850002040535    
20160811151850002040525    
20160811151850002000061    
20160811151850002000031    
20160811151850002000041    
20160811151850002000102    
20160811151850002080024    
20160811152452005700031    
20160811152452005700041    
20160811152452005700102    
20160811152452005705121    
20160811152452005705161    
20160811152452005780011    
20160811152452005700071    
20160811152452005705072    
20160811152452005740554    
20160811152605010700108    
20160811152605010700034    
20160811152605010700044    
20160811152605010700061    
20160811152605010700073    
20160811152605010700581    
20160811152605010700212    
20160811152605010700631    
20160811152746026500032    
20160811152746026500041    
20160811152746026500571    
20160811152746026500581    
20160811152746026500591    
20160811152746026500751    
20160811152746026500103    
20160811152746026500281    
20160811152746026505042    
20160811152746026505075    
20160811152746026505121    
20160811152746026505131    
20160811152746026505161    
20160811152746026540211    
20160811152746026580012    
20160811152746026500061    
20160811152751018900021    
20160811152751018900032    
20160811152751018900042    
20160811152751018900201    
20160811152751018900231    
20160811152751018900104    
20160811152751018905122    
20160811152751018940112    
20160811152751018905202    
20160811152850014400241    
20160811152850014400423    
20160811152850014400571    
20160811152850014405032    
20160811152850014405041    
20160811152850014405162    
20160811152850014400061    
20160811152957009300076    
20160811152957009300631    
20160811152957009300421    
20160811152957009340393    
2016081115295700934055100  
20160811152957009305152    
20160811153019004100104    
20160811153019004100032    
20160811153019004100042    
20160811153019004100571    
20160811153019004100061    
20160811153019004100071    
20160811153019004100211    
20160811153019004105021    
20160811153019004105161    
20160811153042024600105    
20160811153042024600202    
20160811153042024600241    
20160811153042024605031    
20160811153042024605042    
20160811153042024605124    
20160811153042024605151    
20160811153042024605172    
20160811153042024640532    
20160811153042024680012    
20160811153042024600031    
20160811153042024600041    
20160811153047027700104    
20160811153047027700032    
20160811153047027700042    
20160811153047027700571    
20160811153047027700062    
20160811153047027700211    
20160811153047027740523    
20160811153047027740533    
20160811153047027740212    
201608111530470277405520   
20160811153047027780012    
20160811153047027705011    
20160811153047027705075    
20160811153047027705131    
20160811153047027705162    
20160811153303009800032    
20160811153303009800042    
20160811153303009800071    
20160811153303009800105    
20160811153303009800201    
20160811153303009800212    
20160811153303009800241    
20160811153303009805031    
20160811153303009805122    
20160811153303009805153    
20160811153303009805164    
20160811153303009840171    
20160811153303009840533    
20160811153303009880012    
20160811153337013400105    
20160811153337013400033    
20160811153337013400041    
20160811153337013400061    
20160811153337013400751    
20160811153337013400072    
20160811153337013400201    
20160811153337013400301    
20160811153337013400721    
20160811153337013400421    
20160811153337013440213    
20160811153337013405022    
20160811153337013405042    
201608111533370134050710   
20160811153337013405081    
20160811153337013405142    
20160811153337013405162    
20160811153338021300021    
20160811153338021300202    
20160811153338021300212    
20160811153338021300241    
20160811153338021300401    
20160811153338021300571    
20160811153338021300751    
20160811153338021300081    
20160811153338021305021    
20160811153338021305032    
20160811153338021305042    
201608111533380213050720   
20160811153338021305124    
20160811153338021305151    
20160811153338021340112    
20160811153338021305204    
20160811153338021340212    
201608111533380213405510   
20160811153338021300062    
20160811153338021300076    
20160811153351006700031    
20160811153351006700041    
20160811153351006700102    
20160811153351006700071    
20160811153351006705042    
20160811153351006740211    
20160811153351006705152    
20160811153351006700241    
20160811153351006740021    
20160811153351006780014    
20160811153351006780024    
20160811153354015900103    
20160811153354015900031    
20160811153354015900041    
20160811153354015900571    
20160811153354015905042    
20160811153354015900061    
20160811153354015900071    
20160811153635020100103    
20160811153635020100031    
20160811153635020100042    
20160811153635020100571    
20160811153635020100241    
20160811153635020100301    
20160811153635020140525    
20160811153635020140535    
20160811153635020140212    
20160811153635020105042    
201608111536350201050710   
20160811153635020105122    
20160811153635020105132    
20160811153635020105152    
20160811153635020140121    
20160811153831001100108    
20160811153831001100034    
20160811153831001100044    
20160811153831001100571    
20160811153831001100074    
20160811153831001100731    
20160811153831001105042    
20160811153831001105152    
20160811153844027000061    
20160811153844027000071    
201608111538440270050710   
20160811153844027005132    
20160811153844027005041    
20160811153854026900102    
20160811153854026900032    
20160811153854026900042    
20160811153854026900072    
20160811153854026900211    
20160811153854026900221    
20160811153854026900751    
20160811153854026940523    
20160811153854026940533    
20160811153854026940556    
20160811153854026905041    
201608111538540269050712   
20160811153854026905132    
20160811153854026940112    
20160811153854026940171    
20160811153909013100103    
20160811153909013100031    
20160811153909013100042    
20160811153909013100572    
20160811153909013100081    
20160811153909013100072    
20160811153909013100212    
20160811153909013100281    
20160811153909013100731    
20160811153909013140535    
20160811153909013140211    
201608111539090131405520   
20160811153909013180014    
20160811153909013180024    
20160811153909013180031    
20160811153909013105021    
20160811153909013105031    
20160811153909013105041    
201608111539090131050720   
20160811153909013105134    
20160811153909013105161    
20160811153909013140111    
20160811154216021340141    
20160811154229802100202    
20160811154229802100242    
20160811154229802105042    
20160811154229802105161    
20160811154229802105201    
20160811154229802140212    
20160811154229802100061    
20160811154311802105021    
20160811154325027900101    
20160811154325027900031    
20160811154325027900041    
20160811154325027900061    
20160811154325027900071    
20160811154325027900201    
20160811154325027900211    
20160811154325027940523    
20160811154325027940533    
20160811154325027940201    
20160811154325027940221    
20160811154325027940211    
20160811154325027980014    
20160811154325027905022    
20160811154325027905032    
20160811154325027905132    
20160811154325027905121    
20160811154325027905161    
20160811154325027940111    
20160811154400027900101    
20160811154409023900103    
20160811154409023900032    
20160811154409023900041    
20160811154409023900061    
20160811154409023900071    
20160811154409023900201    
20160811154409023900211    
20160811154409023900221    
20160811154409023900241    
20160811154409023900441    
20160811154409023900581    
20160811154409023905042    
201608111544090239050710   
20160811154409023905123    
20160811154409023905132    
20160811154409023940212    
201608111544090239405520   
20160811154417013180042    
20160811154625022900105    
20160811154625022900033    
20160811154625022900042    
20160811154625022900061    
20160811154625022900401    
20160811154625022940213    
201608111546250229405530   
20160811154625022905043    
201608111546250229050730   
20160811154625022905136    
20160811154640026800104    
20160811154640026800032    
20160811154640026800042    
20160811154640026800072    
20160811154640026800571    
20160811154640026800401    
20160811154640026800752    
20160811154656006300021    
20160811154656006300036    
20160811154656006300042    
20160811154656006300068    
20160811154656006300078    
20160811154656006300081    
20160811154656006300104    
20160811154656006300202    
20160811154656006300213    
20160811154656006300221    
20160811154656006300242    
20160811154656006300301    
20160811154656006300401    
20160811154656006300573    
20160811154656006300581    
20160811154656006300631    
20160811154656006300721    
20160811154656006300751    
20160811154656006305023    
20160811154656006305038    
20160811154656006305044    
201608111546560063051210   
20160811154656006305135    
20160811154656006305152    
20160811154656006305164    
20160811154656006340021    
20160811154656006340116    
20160811154656006340201    
20160811154656006340392    
201608111546560063405210   
201608111546560063405310   
201608111546560063405520   
201608111546560063800116   
20160811154656006380028    
20160811154656006380041    
20160811154825027800063    
20160811154825027800072    
20160811154825027800731    
20160811154825027805162    
201608111549120278050730   
20160811155114019300105    
20160811155114019300033    
20160811155114019300042    
20160811155114019300061    
20160811155114019300071    
20160811155114019300212    
20160811155114019300221    
20160811155114019300241    
20160811155114019300401    
20160811155114019300581    
20160811155114019305011    
20160811155114019305021    
20160811155114019305032    
20160811155114019305042    
201608111551140193050710   
20160811155114019305132    
20160811155114019305151    
20160811155114019305162    
20160811155114019340111    
20160811155114019340535    
20160811155114019340211    
20160811155114019340221    
201608111551140193405510   
20160811155114019380014    
20160811155114019380021    
20160811155138008700034    
20160811155138008700042    
20160811155138008700201    
20160811155138008700211    
20160811155138008700571    
20160811155138008700631    
20160811155138008700301    
20160811155138008700106    
20160811155138008705021    
20160811155138008705031    
20160811155138008705041    
20160811155138008705122    
20160811155138008705133    
20160811155138008705141    
20160811155138008705162    
20160811155138008740021    
20160811155138008740201    
20160811155138008740212    
201608111551380087405520   
20160811155138008780014    
20160811155138008700061    
20160811155138008740391    
20160811155209016300102    
20160811155209016300031    
20160811155209016300041    
20160811155209016300571    
20160811155209016300071    
20160811155209016300241    
20160811155209016305021    
20160811155209016305041    
201608111552090163050710   
20160811155209016305121    
20160811155209016305131    
20160811155209016340021    
20160811155209016340201    
20160811155209016380013    
20160811155209016380021    
20160811155244022700771    
20160811155244022705033    
20160811155244022705042    
20160811155244022705075    
20160811155244022705131    
201608111552440227405320   
20160811155244022740211    
20160811155244022780031    
20160811155244022780041    
20160811155245026600102    
20160811155245026600031    
20160811155245026600041    
20160811155245026600201    
20160811155245026600211    
20160811155245026600221    
20160811155245026600241    
20160811155245026640211    
201608111552450266405510   
20160811155245026605021    
20160811155245026605031    
20160811155245026605041    
20160811155245026605075    
20160811155245026605132    
20160811155245026605161    
20160811155245026605202    
20160811155351022400102    
20160811155351022400031    
20160811155351022400041    
20160811155351022405022    
20160811155351022405032    
20160811155351022405162    
201608111553510224405520   
20160811155351022440212    
20160811155351022440391    
20160811155351022480014    
20160811155351022480042    
20160811155415801400032    
20160811155415801400042    
20160811155415801400105    
20160811155608026700101    
20160811155608026705031    
20160811155608026705121    
20160811155608026705161    
20160811155608026740211    
20160811155608026700071    
20160811155650025800201    
20160811155650025800221    
20160811155650025800571    
20160811155650025800281    
20160811155650025840021    
20160811155650025840113    
20160811155650025840201    
20160811155650025800062    
20160811155650025800073    
20160811155735013100731    
20160811155752019300101    
20160811155752019300041    
20160811155834013300104    
20160811155834013300033    
20160811155834013300042    
20160811155834013300571    
