20161224225224128610012    
20161224225224128610022    
20161224225224128610172    
20161224225224128620011    
20161224225224128620151    
20161224225224128640011    
20161224225224128620281    
20161224225224128610341    
20161224225224128620991    
20161225161452161810011    
20161225161452161810021    
20161225193423106710022    
20161225193423106710101    
20161225193423106750043    
20161225193423106740011    
20161225210256128650011    
20161225211559118610012    
20161225211559118610022    
20161225211559118620011    
20161225211559118620141    
20161225211559118620151    
20161225211559118640011    
20161225211559118610342    
20161225211811162810171    
20161225212448124010011    
20161225212448124010021    
20161225212448124010341    
20161225212836127110011    
20161225212836127110021    
20161225212836127110993    
20161225225751125010011    
20161225225751125010021    
20161225225751125010341    
20161225225751125010993    
20161225225751125020992    
20161225225751125010062    
20161225230126150610011    
20161225230126150610021    
20161225230126150610101    
20161225230126150620012    
20161225230126150620991    
20161225232554116510011    
20161225232554116510021    
20161225232554116510081    
20161225232554116510172    
20161225232554116510341    
20161225232554116510992    
20161225232554116520991    
20161225232634163810012    
20161225232634163810022    
20161225232634163810031    
20161225232634163820151    
20161225232634163810994    
20161225232634163820991    
20161225234406123110101    
20161225234406123120111    
20161225234652152610172    
20161226000519131410011    
20161226000519131410021    
20161226000519131420081    
20161226000542125510071    
20161226000542125510081    
20161226000542125520241    
20161226000542125520251    
20161226000542125530051    
20161226000542125530072    
20161226000542125530091    
20161226000656124710211    
20161226000656124710031    
20161226000809151110011    
20161226000809151110021    
20161226000809151110173    
20161226000809151120011    
20161226000809151120081    
20161226000809151140041    
20161226000815162610011    
20161226000815162610021    
20161226000815162610074    
20161226000815162610081    
20161226000815162610192    
20161226000815162610341    
20161226000815162620011    
20161226000815162620992    
20161226001234161510011    
20161226001234161510021    
20161226001234161520081    
20161226001234161510992    
20161226001544160310341    
20161226001544160320011    
20161226001544160320071    
20161226001544160320992    
20161226002226113210211    
20161226002423121710011    
20161226002423121710021    
20161226002423121710072    
20161226002423121720091    
20161226002512131310073    
20161226002512131310083    
20161226002545100910011    
20161226002545100910021    
20161226002545100910342    
20161226002545100910074    
20161226002924152410012    
20161226002924152410022    
20161226003245163310011    
20161226003245163310021    
20161226003245163310083    
20161226003245163320011    
20161226003249134510178    
20161226004107161710011    
20161226004107161710021    
20161226004107161710341    
20161226004107161710993    
20161226004608133610061    
20161226004608133620011    
20161226004608133610341    
20161226010552150110011    
20161226010552150110021    
20161226010552150130012    
20161226010912112910074    
20161226011212111710062    
20161226011212111710072    
20161226011255134010172    
20161226012755125310011    
20161226012755125310021    
20161226013116121110011    
20161226013116121110021    
20161226013116121120011    
20161226014611130410171    
20161226014611130410341    
20161226014611130420011    
20161226015448104410012    
20161226015448104410022    
20161226015448104410182    
20161226015448104420011    
20161226015448104420151    
20161226015448104430011    
20161226015448104410341    
20161226021036121010031    
20161226021036121010341    
20161226021636162510172    
20161226021722114410173    
20161226033814151810011    
20161226033814151810021    
20161226033814151820011    
20161226033814151810341    
20161226052653161210075    
20161226060912138610172    
