20160712165417104710013    
20160712194214112910011    
20160712194214112950131    
20160712194214112960553    
20160712194214112992122    
20160712204815110320023    
20160712210314112710131    
20160712210314112710292    
20160712210314112720051    
20160712210314112730105    
20160712210314112730221    
20160712210314112730492    
20160712210314112730511    
201607122103141127401310   
20160712210314112740211    
20160712210314112740271    
20160712214313110910014    
20160712214313110910131    
20160712214313110910292    
20160712214313110930102    
20160712214313110930271    
20160712214313110930286    
20160712214313110930291    
20160712214313110940152    
20160712214313110960031    
20160712222956110510014    
20160712222956110530221    
20160712222956110530231    
20160712222956110560141    
20160712224449108210142    
20160712224449108220025    
20160712224449108230261    
20160712224449108230271    
20160712224449108230281    
20160712224449108230641    
20160712224449108240125    
20160712224449108240321    
20160712224449108250041    
20160712224449108250051    
20160712224449108250081    
20160712224449108250101    
20160712224449108260031    
20160712224449108260051    
20160712224449108260102    
20160712224449108260151    
20160712224449108260232    
20160712224449108260362    
20160712224449108260371    
20160712224500109210015    
20160712224500109210133    
20160712224500109210171    
20160712224500109210292    
20160712224500109220026    
20160712224500109230082    
20160712224500109230105    
20160712224500109230122    
20160712224500109230222    
20160712224500109230263    
20160712224500109230273    
20160712224500109230283    
20160712224500109230512    
20160712224500109230641    
20160712224500109240211    
20160712224500109260042    
20160712224500109260111    
20160712224500109260121    
20160712224500109260252    
20160712224500109260261    
20160712225315111010013    
20160712225315111010131    
20160712225315111010171    
20160712225315111020014    
20160712225315111020023    
20160712225315111030042    
20160712225315111030105    
20160712225315111030222    
20160712225315111030231    
20160712225315111040231    
20160712225315111040262    
20160712225315111050011    
20160712225315111060011    
20160712225315111060121    
20160712225315111060181    
20160712225315111060261    
20160712225315111060371    
20160712232119110591935    
20160712234046100530202    
20160712234046100530231    
20160712234046100530242    
20160712234046100530251    
20160712234046100530641    
201607122340461005400410   
20160712234046100550081    
20160712234046100560062    
20160712234046100560121    
20160712234344110140181    
20160713003040107910013    
20160713003040107910174    
20160713003040107920022    
20160713003040107930221    
20160713003040107930231    
20160713003040107950071    
20160713003040107960261    
20160713003040107960271    
20160713003040107992122    
20160713003852113410367    
20160713003852113410391    
20160713003852113420025    
20160713003852113420053    
20160713003852113430641    
20160713003852113440091    
20160713003852113460261    
20160713003852113460271    
201607130038521134919320   
20160713003852113491984    
20160713003852113492012    
20160713040740112110012    
20160713040740112110131    
20160713040740112110174    
20160713040740112120022    
20160713040740112130132    
20160713040740112130223    
20160713040740112130232    
20160713040740112130291    
20160713040740112130312    
20160713040740112130641    
201607130407401121400110   
201607130407401121400210   
201607130407401121400410   
201607130407401121401110   
20160713040740112140263    
20160713040740112150042    
20160713040740112160262    
