20160827003336069500132    
20160827003336069500143    
20160827003336069500583    
20160827003336069500921    
20160827003336069501063    
20160827003336069502181    
201608270033360695032115   
201608270033360695060110   
20160827010151040000141    
20160827010151040000353    
201608270101510400005880   
20160827010151040000713    
20160827010151040000981    
201608270101510400010610   
20160827010151040001114    
20160827010151040001151    
20160827010151040002181    
201608270104541223001125   
20160827010454122300045    
20160827010454122300073    
20160827010454122306014    
20160827010454122301066    
20160827010454122300133    
20160827010454122300144    
20160827010454122300357    
20160827010454122301111    
20160827010454122302181    
201608270140020678000450   
20160827014002067802183    
201608270140020678060120   
201608270140020678007530   
201608270201581354001125   
20160827020158135401111    
201608270201581354006210   
20160827020158135400295    
201608270220050744000210   
201608270224411358031730   
201608270340250815000210   
201608270340250815060110   
201608270501180503000410   
20160827050118050300303    
20160827050118050300355    
201608270501180503010610   
20160827050118050301112    
20160827070626137400045    
20160827070626137400115    
20160827070814140100774    
201608270708141401008010   
2016082707081414010124180  
20160827070814140103184    
201608270708370024000415   
20160827070837002400761    
20160827070837002406013    
201608270710182001001110   
20160827071018200100142    
20160827071018200100741    
20160827071018200100931    
20160827071018200101071    
20160827071018200101092    
20160827071018200101111    
20160827071018200101313    
20160827071018200106012    
201608270710540011003815   
201608270710540011009910   
20160827071054001106015    
201608270711130809000210   
20160827071206200200353    
201608270712062002005840   
20160827071206200200712    
20160827071206200201065    
20160827071206200201111    
20160827071206200202181    
20160827071235001600185    
2016082707123500160079130  
201608270712350016008025   
201608270726050080000490   
20160827072605008000711    
20160827072605008001116    
