20160226225506106610323    
20160226225506106610625    
20160226225506106610681    
20160226225506106610861    
20160226225506106615331    
20160226225506106615401    
20160226225506106620402    
20160226225506106630035    
20160226225506106630411    
20160226225506106630431    
20160226225506106630441    
20160226225506106630451    
20160226230511102610794    
20160226230511102610804    
20160226230511102610814    
20160226230511102620161    
201602262305111026301710   
20160226230511102630301    
20160226230511102630322    
20160226230511102630411    
20160226230511102630481    
20160226230511102630671    
20160226230511102630681    
20160226235749100310421    
20160226235749100310632    
20160227003033106410023    
20160227003033106410211    
20160227003033106410221    
20160227003033106410305    
20160227003033106410633    
20160227003033106410651    
20160227003033106415162    
20160227003033106420112    
20160227003033106430401    
20160227003449106430462    
20160227010442107610021    
20160227010442107610271    
20160227010442107610303    
20160227010442107610322    
20160227010442107610381    
20160227010442107610791    
20160227010442107610801    
20160227010442107610871    
20160227010442107615041    
20160227010442107615111    
20160227010442107615262    
20160227010442107620101    
20160227010442107620401    
20160227010442107630015    
20160227010442107630271    
20160227010442107630393    
20160227010442107630561    
20160227010717108810022    
20160227010717108810071    
20160227010717108810173    
20160227010717108810303    
20160227010717108810342    
20160227010717108810632    
20160227010717108810652    
20160227010717108810681    
20160227010717108810791    
20160227010717108810801    
20160227010717108815401    
201602270107171088300110   
20160227010717108830053    
20160227010717108830271    
20160227010717108830351    
20160227011837102710323    
20160227011837102710351    
20160227011837102710661    
20160227011837102715041    
20160227011837102715071    
20160227011837102715461    
201602270118371027202012   
20160227011837102720241    
20160227011837102720331    
20160227011837102720401    
20160227011837102725112    
20160227011837102730491    
20160227011837102730671    
20160227011837102730691    
20160227011913100110421    
20160227011913100110633    
20160227011913100115161    
20160227011913100115331    
20160227011913100120021    
20160227011913100130052    
20160227012745101610121    
20160227012745101610302    
20160227012745101610431    
20160227012745101610611    
20160227012745101610861    
20160227012745101615061    
20160227012745101615401    
20160227012745101620151    
20160227012745101625251    
20160227012745101625261    
20160227012745101630013    
20160227012745101630031    
20160227012745101630052    
20160227012745101630121    
20160227012745101630192    
20160227012745101630271    
20160227012745101630321    
20160227012745101630492    
20160227013148103610301    
20160227013148103610321    
20160227013148103610421    
20160227013148103610661    
20160227013148103615071    
20160227013148103630011    
20160227013148103630111    
20160227013341101410172    
20160227013341101410323    
20160227013341101410631    
20160227013341101415161    
20160227013341101420085    
20160227013341101420111    
20160227013341101420401    
20160227013341101425011    
201602270133411014300110   
20160227013341101430051    
20160227013341101430061    
20160227013503104110071    
20160227013503104110141    
20160227013503104110661    
20160227013503104115041    
20160227013503104115262    
20160227013503104115291    
20160227013503104130081    
20160227013503104130261    
20160227013503104130521    
20160227013503104130531    
20160227015802105310471    
20160227015802105315162    
20160227015802105315251    
20160227015802105330241    
20160227022053100810304    
201602270220531008106210   
20160227022101110110141    
20160227022101110110271    
20160227022101110110371    
20160227022101110110381    
20160227022101110110581    
20160227022101110110633    
20160227022101110110651    
20160227022101110115161    
20160227022101110115261    
20160227022101110120011    
20160227022101110120052    
201602270221011101202012   
20160227022101110130015    
20160227022101110130032    
20160227022101110130043    
20160227022101110130052    
20160227022101110130081    
20160227022101110130195    
20160227022101110130301    
20160227022101110130393    
20160227022101110130402    
20160227022101110130451    
20160227022101110130521    
20160227022101110140381    
20160227023331109610341    
20160227023331109610625    
20160227023331109610662    
20160227023331109620263    
201602270233311096300110   
20160227023331109630671    
20160227023331109630691    
20160227024044109610341    
20160227024044109610625    
20160227024044109610662    
20160227024044109620263    
20160227024044109625021    
201602270240441096300110   
20160227024044109630671    
20160227024044109630691    
20160227032215106910141    
20160227032215106910871    
20160227032215106910881    
20160227032215106915191    
20160227032215106915401    
20160227032215106930121    
