20160405192216142300721    
20160405192440003101111    
201604051924400031031510   
20160405232930135800761    
20160405232930135801111    
20160405232930135803175    
201604052346030678000420   
20160405234603067801113    
201604052346030678060110   
201604052346030678007520   
201604052350340901006315   
20160405235034090100711    
20160405235034090101111    
201604052350340901031710   
20160405235034090106012    
20160406000052063600625    
20160406000052063606015    
201604060036090400005840   
20160406003609040000711    
20160406003609040000981    
20160406003609040001065    
20160406003609040001112    
20160406003609040002181    
201604060039211354001120   
20160406003921135400761    
20160406003921135400295    
201604060051451343000420   
20160406005145134301111    
20160406005145134300142    
20160406005145134306013    
20160406005145134300761    
20160406014431001800931    
20160406014431001800041    
20160406014431001806011    
20160406014431001800113    
20160406015611063001062    
201604060156110630000420   
20160406015611063001111    
201604060158060040001120   
20160406015806004000142    
201604060158060040005810   
20160406015806004001112    
20160406015806004006013    
20160406025852131000145    
201604060410470815000240   
201604060410470815060110   
20160406070647139900132    
20160406070647139900147    
20160406070647139902181    
20160406070647139906013    
201604060707250005001110   
20160406070725000500131    
20160406070725000500141    
20160406070725000501111    
201604060707430024000410   
20160406070810142701531    
201604060708101427031510   
20160406070832141303157    
201604060709010012004816   
20160406070901001201531    
201604060709352002005815   
20160406070935200201063    
20160406070935200201071    
20160406070935200201111    
20160406070935200202181    
201604060710260011003820   
20160406071101135300045    
20160406071101135300142    
20160406071101135301111    
20160406071101135306012    
201604060712091401007970   
20160406071209140100805    
201604060720030080000450   
20160406072003008001112    
