20160822204757203841403    
20160822204757203840931    
20160822204757203841101    
20160822204757203841191    
20160822204757203841051    
20160822223251203531071    
20160822223251203541171    
20160822223251203541121    
20160822223251203541131    
201608230121272058200220   
201608230121272058200320   
20160823012127205820041    
20160823012127205820051    
20160823012127205820278    
20160823012127205820288    
20160823012127205820142    
20160823014418204920112    
20160823014418204941101    
20160823014418204941161    
20160823014418204941171    
20160823014418204941463    
20160823014440204920141    
