20161115184041339023012    
20161115184041339011271    
20161115184041339011331    
20161115184041339011611    
20161115184041339011621    
20161115184041339011241    
20161115184041339010421    
20161115184041339010741    
20161115184041339010323    
20161115184041339025071    
20161115184041339011121    
20161115184041339011162    
20161115184041339011211    
20161115201511528710461    
20161115201511528711711    
20161115201511528710311    
20161115201511528711412    
20161115201511528711426    
20161115201511528722951    
20161115201511528710391    
20161115201511528710494    
20161115201511528710511    
20161115201511528710871    
20161115201511528710334    
20161115201511528710343    
20161115201511528711612    
20161115201511528710741    
20161115201511528710812    
20161115201511528711142    
20161115201511528720741    
20161115201511528723014    
20161115201511528710581    
20161115201511528710328    
20161115201837528722991    
20161115201837528710291    
20161115203618395910031    
20161115203618395910171    
20161115203618395910271    
20161115203618395910325    
201611152036183959103310   
20161115203618395910391    
20161115203618395910411    
20161115203618395910425    
20161115203618395910561    
20161115203618395910492    
20161115203618395910701    
20161115203618395910931    
20161115203618395911061    
20161115203618395925072    
20161115203618395911141    
20161115203618395911151    
20161115203618395925091    
20161115203618395911274    
20161115203618395911401    
20161115203618395911415    
20161115203618395911612    
20161115203618395911641    
20161115203618395912021    
