20160624011318301210125    
20160624011318301210255    
20160624011318301210275    
20160624011318301210305    
20160624011318301210323    
20160624011318301210471    
20160624011318301210491    
20160624011318301210581    
20160624011318301210651    
20160624011318301210661    
20160624011318301210682    
20160624011318301210791    
20160624011318301210801    
20160624011318301210861    
20160624011318301215061    
20160624011318301215131    
20160624011318301220021    
20160624011318301225095    
20160624011318301230032    
20160624011318301230042    
20160624011318301230081    
20160624011318301230112    
20160624011318301230131    
20160624011318301230251    
20160624011318301230303    
20160624011318301230471    
20160624011318301230481    
20160624011318301230723    
20160624011318301230892    
20160624011318301230941    
20160624013740300610125    
201606240137403006101810   
201606240137403006102530   
201606240137403006102712   
201606240137403006103010   
201606240137403006103210   
20160624013740300610471    
201606240137403006106310   
20160624013740300610653    
20160624013740300610681    
20160624013740300610862    
20160624013740300615332    
201606240137403006300130   
20160624013740300630035    
20160624013740300630045    
20160624013740300630082    
20160624013740300630273    
20160624013740300630325    
20160624013740300630382    
20160624013740300630432    
20160624013740300630571    
20160624013741300710015    
20160624013741300710123    
201606240137413007102520   
20160624013741300710305    
20160624013741300710622    
20160624013741300710651    
20160624013741300710681    
20160624013741300710802    
20160624013741300710861    
201606240137413007300110   
20160624013741300730053    
20160624013741300730195    
20160624013741300730205    
20160624013825300710322    
201606240138253007103410   
20160624013914300715041    
20160624013914300715061    
20160624013914300730071    
20160624014416301215231    
20160624014811300910172    
20160624014811300910255    
20160624014811300910305    
20160624014811300910471    
20160624014811300910681    
20160624014811300910861    
20160624014811300915161    
20160624014811300915421    
20160624014811300920021    
201606240148113009202012   
20160624014811300930015    
20160624014811300930032    
20160624014811300930055    
20160624014811300930081    
20160624014811300930271    
20160624014811300930331    
20160624014811300930461    
20160624014811300930691    
20160624014811300930703    
20160624014811300930891    
20160624014811300930941    
20160624014811300930961    
20160624030222300810012    
20160624030222300810122    
20160624030222300810141    
20160624030222300810174    
20160624030222300810258    
20160624030222300810276    
20160624030222300810304    
20160624030222300810324    
201606240302223008103415   
20160624030222300810351    
20160624030222300810471    
20160624030222300810625    
20160624030222300810633    
20160624030222300810662    
20160624030222300810822    
20160624030222300810881    
20160624030222300815042    
20160624030222300815061    
20160624030222300815161    
20160624030222300815262    
20160624030222300815372    
20160624030222300815401    
20160624030222300820101    
20160624030222300820201    
20160624030222300820403    
20160624030222300825261    
201606240302223008300110   
201606240302223008300510   
20160624030222300830081    
20160624030222300830111    
20160624030222300830131    
20160624030222300830193    
20160624030222300830203    
20160624030222300830241    
20160624030222300830271    
20160624030222300830331    
20160624044122300410141    
20160624044122300410172    
20160624044122300410257    
20160624044122300410276    
20160624044122300410323    
20160624044122300410344    
20160624044122300410634    
20160624044122300410681    
20160624044122300410862    
20160624044122300410881    
20160624044122300415061    
20160624044122300415181    
20160624044122300415261    
20160624044122300415351    
20160624044122300420011    
201606240441223004202012   
20160624044122300430015    
20160624044122300430031    
20160624044122300430043    
20160624044122300430081    
20160624044122300430202    
20160624044122300430272    
20160624044122300430326    
20160624044122300430332    
20160624044122300430392    
20160624044122300430452    
20160624044122300430461    
20160624044122300430541    
20160624044122300430703    
