20161206205438105810302    
20161206205438105810861    
20161206205438105820311    
201612062054381058300110   
20161206205438105830034    
20161206205438105830251    
20161206205438105830351    
20161206205438105830892    
20161206220056102710021    
20161206220056102710101    
20161206220056102710302    
20161206220056102710322    
20161206220056102710345    
20161206220056102710421    
20161206220056102710651    
20161206220056102710681    
20161206220056102710821    
20161206220056102710861    
20161206220056102715041    
20161206220056102715421    
20161206220056102720011    
20161206220056102720261    
20161206220056102720331    
20161206220056102720461    
20161206220056102730038    
20161206220056102730061    
20161206220056102730491    
20161206220056102730521    
20161206220056102730891    
20161206220056102730961    
20161206222145104010141    
20161206222145104010623    
20161206222145104010652    
20161206222145104010941    
20161206222145104015171    
20161206222145104015211    
20161206222145104015331    
20161206222145104015461    
201612062221451040300110   
20161206222145104030035    
20161206222145104030043    
20161206222145104030121    
20161206223353100310183    
20161206223353100310255    
20161206223353100310633    
20161206223353100310671    
20161206223353100310812    
20161206223353100310821    
20161206223353100330015    
20161206225524105410793    
20161206225524105410811    
20161206225524105410901    
20161206225524105415161    
20161206225524105415251    
20161206225524105430271    
20161206230453101210122    
20161206230453101210172    
20161206230453101210271    
20161206230453101210681    
20161206230453101230202    
20161206230453101230431    
20161206230453101230701    
20161206230621101610252    
20161206230621101610651    
20161206230621101610701    
20161206230621101630012    
20161206230621101630171    
20161206230621101630271    
20161206230621101630481    
20161206232359106410071    
20161206232359106410303    
20161206232359106410343    
20161206232359106410635    
20161206232359106415071    
20161206232359106415261    
20161206232359106415401    
20161206232359106420402    
20161206232359106430053    
20161206232359106430461    
20161206232359106430492    
20161206232825106430241    
20161206234526110210123    
20161206234526110210253    
20161206234526110210303    
20161206234526110210322    
20161206234526110210421    
20161206234526110210431    
20161206234526110210623    
20161206234526110210632    
20161206234526110210821    
20161206234526110210901    
20161206234526110230192    
20161206234526110230202    
20161206234526110230251    
20161206234526110230321    
20161206234526110230351    
20161206234526110230521    
20161206234900107610141    
20161206234900107610253    
20161206234900107610321    
20161206234900107610381    
20161206234900107610651    
20161206234900107610681    
20161206234900107610861    
20161206234900107610871    
20161206234900107615211    
20161206234900107625082    
20161206234900107630031    
20161206234900107630041    
20161206234900107630191    
20161206234900107630201    
20161206234900107630541    
20161206234900107630921    
20161207000022106910175    
201612070000221069103015   
20161207000022106910343    
20161207000022106910611    
201612070000221069106310   
20161207000022106910671    
20161207000022106910682    
20161207000022106910862    
20161207000022106915042    
20161207000022106915192    
20161207000022106915331    
20161207000022106915402    
201612070000221069300110   
20161207000022106930033    
20161207000022106930272    
20161207000022106930321    
20161207000022106930541    
20161207003434106610323    
20161207003434106610861    
20161207003434106620011    
20161207003434106620052    
20161207003434106625091    
20161207003434106625113    
20161207003434106630033    
20161207003434106630195    
20161207003434106630961    
20161207005859110110172    
20161207005859110110255    
20161207005859110110302    
20161207005859110110471    
20161207005859110110491    
20161207005859110110625    
20161207005859110110632    
20161207005859110110681    
20161207005859110110931    
20161207005859110115041    
20161207005859110130015    
20161207005859110130043    
20161207005859110130891    
20161207005859110130901    
20161207005859110130961    
