201602032338071223001115   
20160203233807122301065    
20160203233807122300131    
20160203233807122300142    
20160203233807122300355    
20160203233807122302181    
20160203233807122300711    
20160203233807122300921    
201602040015290678000410   
20160204001529067801111    
201602040015290678060110   
201602040015290678001110   
201602040021080695001130   
20160204002108069500132    
20160204002108069500143    
20160204002108069500586    
20160204002108069501062    
20160204002108069501141    
20160204002108069502182    
201602040021080695060120   
201602040110591343000415   
20160204011059134300144    
20160204011059134300181    
20160204011059134300292    
20160204011059134300351    
20160204011059134300921    
20160204011059134301112    
20160204011059134306019    
201602040207210400005850   
20160204020721040000711    
20160204020721040000981    
20160204020721040001065    
20160204020721040001112    
20160204020721040002181    
201602040328280815000220   
201602040328280815060115   
201602040413140744000210   
201602040721250080000450   
20160204072125008000921    
20160204072125008001112    
20160204072225200200105    
20160204072225200200112    
201602040722252002005820   
20160204072225200200741    
20160204072225200201067    
20160204072225200201071    
20160204072225200201111    
20160204072225200202181    
201602040722510028031510   
201602040722510028031930   
201602040723362001001110   
20160204072336200100712    
20160204072336200100931    
201602040723362001010910   
20160204072336200101141    
201602040723362001060115   
20160204072637069506313    
201602040729090024000420   
20160204072909002400103    
20160204072909002406013    
20160204072909002406222    
201602040729291401007950   
20160204072929140100805    
