201612041053331014100210   
20161204105333101410081    
20161204105333101411011    
20161204105333101412025    
20161204105333101412031    
20161204105333101413013    
20161204105333101413021    
20161204105333101415011    
20161204105333101415021    
20161204105333101415031    
20161204105333101416012    
20161204111343102110014    
201612041113431021100226   
20161204111343102110031    
20161204111343102110041    
20161204111343102110081    
20161204111343102110093    
20161204111343102110103    
20161204111343102111022    
20161204111343102111031    
20161204111343102111042    
20161204111343102112011    
20161204111343102112028    
20161204111343102112031    
20161204111343102113016    
20161204111343102113021    
20161204111343102115021    
20161204111343102117011    
20161204111343102118012    
20161204111343102120051    
201612041138331022100216   
20161204113833102210041    
20161204113833102210081    
20161204113833102210091    
20161204113833102211011    
20161204113833102211026    
20161204113833102211043    
20161204113833102211051    
20161204113833102211081    
20161204113833102212011    
20161204113833102212027    
201612041138331022130112   
20161204113833102213021    
20161204113833102214011    
20161204113833102215011    
20161204113833102215022    
20161204113833102215041    
20161204113833102217011    
20161204113833102218012    
20161204113833102218031    
20161204113833102220021    
20161204113833102220111    
20161204113833102220121    
20161204113833102230021    
