20160415115944204610021    
201604151159442046100320   
20160415115944204610041    
20160415115944204610133    
20160415115944204610202    
20160415115944204610222    
20160415115944204610263    
20160415115944204620073    
20160415115944204630042    
20160415115944204640012    
20160415115944204640022    
20160415115944204640031    
20160415115944204640052    
20160415115944204641033    
20160415115944204641041    
20160415115944204641061    
20160415115944204641071    
20160415133918201410021    
201604151339182014100320   
20160415133918201410041    
20160415133918201410132    
20160415133918201410161    
20160415133918201410185    
20160415133918201410191    
20160415133918201410202    
20160415133918201410222    
20160415133918201410262    
20160415133918201420062    
20160415133918201420073    
20160415133918201430042    
20160415133918201430071    
201604151339182014310320   
20160415133918201440013    
20160415133918201440021    
20160415133918201440151    
20160415133918201440191    
20160415133918201441033    
20160415133918201441051    
20160415133918201441061    
20160415133918201441071    
20160415133918201477791    
20160415152931100141051    
20160415171342203410022    
20160415171342203410185    
20160415171342203410202    
20160415171342203410222    
20160415171342203431031    
20160415171342203440052    
20160415171342203440071    
20160415171342203440191    
20160415171342203441033    
20160415171342203441041    
20160415171342203477792    
20160415171427203410031    
20160415172231102010011    
20160415172231102010022    
20160415172231102010031    
20160415172231102010041    
20160415172231102010133    
201604151722311020101810   
20160415172231102010202    
20160415172231102010224    
20160415172231102020001    
20160415172231102020072    
20160415172231102030042    
20160415172231102030071    
201604151722311020310310   
20160415172231102040191    
20160415172231102041032    
20160415172231102041041    
20160415185058204310011    
20160415185058204310021    
201604151850582043100340   
20160415185058204310042    
20160415185058204310188    
20160415185058204310203    
20160415185058204310224    
20160415185058204310261    
20160415185058204320001    
20160415185058204320061    
20160415185058204340002    
20160415185058204340013    
20160415185058204340021    
20160415185058204341033    
20160415185058204341041    
20160415185058204341061    
20160415185058204341071    
20160415185058204377791    
20160415201740204340051    
20160415215308203810021    
201604152153082038100320   
20160415215308203810042    
20160415215308203810081    
20160415215308203810133    
20160415215308203810185    
20160415215308203810202    
20160415215308203810223    
20160415215308203810262    
20160415215308203830045    
20160415215308203840001    
20160415215308203840015    
20160415215308203840022    
20160415215308203841034    
20160415215308203841041    
20160415215308203841061    
20160415215308203841071    
20160415215736203810191    
20160415220642101310011    
20160415220642101310023    
20160415220642101310032    
20160415220642101310043    
20160415220642101310051    
20160415220642101310061    
20160415220642101310071    
20160415220642101310081    
20160415220642101310137    
20160415220642101310143    
20160415220642101310188    
20160415220642101310191    
20160415220642101310205    
20160415220642101310227    
20160415220642101310251    
20160415220642101310265    
20160415220642101320001    
20160415220642101320015    
20160415220642101320021    
20160415220642101320062    
20160415220642101320071    
20160415220642101320081    
20160415220642101331031    
20160415220642101340056    
20160415220642101340152    
20160415220642101341034    
20160415220642101341042    
20160415220642101341065    
20160415220642101350031    
20160415220642101377791    
20160415220642101377801    
20160415221932103210011    
20160415221932103210022    
201604152219321032100325   
20160415221932103210041    
20160415221932103210051    
20160415221932103210061    
20160415221932103210135    
20160415221932103210141    
20160415221932103210203    
20160415221932103210224    
20160415221932103220001    
201604152219321032400112   
20160415221932103240024    
20160415221932103240051    
20160415221932103241038    
201604152301091033101310   
20160415230109103320061    
20160415230109103330061    
20160415230109103340022    
20160415230109103340053    
20160415230109103320001    
20160415230109103310204    
20160415230109103310186    
20160415230109103310225    
20160415230109103310262    
20160415230109103341051    
20160415230109103341072    
