20160601220444109110013    
20160601220444109110131    
20160601220444109110143    
20160601220444109110292    
20160601220444109120023    
20160601220444109130082    
20160601220444109130102    
20160601220444109150011    
20160601220444109150061    
20160601220444109160073    
20160601220444109160201    
20160601220444109160261    
20160601220444109160561    
20160601221346104310012    
20160601221346104310171    
20160601221346104330122    
20160601221346104330221    
20160601221346104330512    
20160601221346104330641    
20160601221346104350101    
20160601221346104360171    
20160601221802109410014    
20160601221802109410132    
20160601221802109430221    
20160601221802109430261    
20160601221802109430271    
20160601221802109430281    
20160601221802109430292    
20160601221802109430312    
20160601221802109430641    
20160601221802109440252    
20160601221802109450011    
20160601221802109460221    
20160601224917110510015    
20160601224917110510292    
20160601224917110520021    
20160601224917110530121    
20160601224917110530221    
20160601224917110540321    
20160601224917110550011    
20160601224917110550061    
20160601224917110560043    
20160601224917110560252    
20160601224917110560261    
20160601224917110560554    
201606012249171105608710   
20160601224917110591051    
20160601224917110591072    
201606012249171105919315   
20160601225406110610011    
20160601225406110610131    
20160601225406110610143    
20160601225406110610171    
20160601225406110610291    
20160601225406110620012    
20160601225406110620022    
20160601225406110620061    
20160601225406110630041    
20160601225406110630101    
20160601225406110630261    
20160601225406110630271    
20160601225406110630281    
20160601225406110630492    
20160601225406110640251    
20160601225406110650061    
20160601225406110660031    
20160601225406110660201    
20160601225406110660281    
20160601225406110660292    
20160601225736112410015    
20160601225736112410281    
20160601225736112420022    
20160601225736112430102    
20160601225736112430222    
20160601225736112430312    
20160601225736112430641    
20160601225736112440172    
20160601225736112440271    
20160601225736112450011    
20160601225736112450071    
201606012257361124608712   
20160601225736112491115    
20160601232303102610012    
20160601232303102610172    
20160601232303102620012    
20160601232303102630221    
20160601232303102640271    
20160601232303102650011    
20160601232303102660371    
20160601232801102710171    
20160601232801102720012    
20160601232801102720024    
20160601232801102730122    
20160601232801102730221    
20160601232801102740231    
20160601232801102750041    
20160601232801102750051    
20160601232801102760021    
201606012328011027607810   
201606012328011027608715   
201606012328011027919315   
201606012329111005919310   
20160601233432106510011    
20160601233432106530103    
20160601233432106540261    
20160601233432106560202    
201606012335411135103610   
201606012335411135200225   
201606012335411135200510   
201606012335411135302310   
201606012335411135400110   
201606012335411135400210   
201606012335411135400310   
201606012335411135400410   
20160601233541113540052    
20160601233541113540062    
20160601233541113540081    
20160601233541113540092    
201606012335411135401120   
201606012335411135401210   
20160601233541113540175    
20160601233541113540182    
20160601233541113540232    
20160601233541113540242    
20160601233541113540301    
20160601233541113550084    
20160601233541113560081    
20160601233541113560121    
20160601233541113560171    
20160601233541113560491    
201606012335411135608760   
20160601233541113591872    
20160601233541113591902    
201606012335411135919340   
201606012335411135919835   
2016060123354111359199100  
201606012335411135920140   
20160601234949110110131    
20160601234949110130641    
20160601234949110160261    
20160601234949110191051    
20160601234949110191072    
20160601235347108710014    
20160601235347108710132    
20160601235347108710143    
20160601235347108710174    
20160601235347108710293    
20160601235347108720014    
20160601235347108730083    
20160601235347108730131    
20160601235347108730223    
20160601235347108730233    
20160601235347108730292    
20160601235347108730312    
20160601235347108730331    
20160601235347108730641    
20160601235347108740081    
20160601235347108740251    
20160601235347108740271    
20160601235347108750012    
20160601235347108750061    
20160601235347108760093    
20160601235347108760121    
20160601235347108760171    
20160601235347108760201    
20160601235347108760222    
20160601235347108760241    
20160601235347108760251    
20160601235347108760281    
