20161118200501502210051    
20161118200501502230031    
20161118200501502230281    
20161118200501502240111    
20161118200501502250031    
20161118200501502260021    
20161118200501502260031    
20161118200501502260051    
20161118213914603210051    
20161118213914603210071    
20161118213914603230011    
20161118213914603230351    
20161118213914603250081    
20161118221028603050022    
20161118221028603060021    
20161118221028603060052    
20161118222609100230012    
20161118222609100230161    
20161118222609100230353    
20161118222609100230402    
20161118222609100260052    
20161118222609100270163    
20161118222609100270183    
20161118223948609970132    
20161119004153607030426    
20161119004153607020041    
20161119004153607050011    
20161119004153607070011    
20161119004153607060051    
20161119004153607030061    
20161119013319302010012    
20161119013319302010052    
20161119013319302030033    
20161119013319302030045    
20161119013319302030281    
20161119013319302030352    
20161119013319302030402    
20161119013319302040041    
20161119013319302040072    
20161119013319302050022    
20161119013319302060092    
20161119014242606010041    
20161119014242606010051    
20161119014242606030011    
20161119014242606030181    
20161119014242606030282    
20161119014242606040061    
20161119014242606040081    
20161119015238300110012    
20161119015238300120041    
20161119015238300140131    
20161119015238300140173    
20161119015238300150011    
20161119015531505210011    
20161119015531505210041    
20161119015531505210051    
20161119015531505240111    
20161119015916600210011    
20161119015916600210061    
20161119015916600210071    
20161119015916600230031    
20161119015916600260221    
20161119020618606910051    
20161119024514601910041    
20161119024514601910051    
20161119024514601930031    
20161119024514601930141    
20161119024514601930281    
20161119024514601930351    
20161119024514601940041    
20161119024514601940082    
20161119024514601940111    
20161119024514601950031    
20161119024514601960031    
20161119034837607510051    
20161119034837607510062    
20161119034837607510072    
20161119034837607560141    
