201603041914061241010120   
20160304191406124101041    
20160304191406124101051    
20160304191406124103063    
20160304191406124102115    
20160304191406124101255    
20160304191406124113115    
20160304191406124102525    
201603042008221212010110   
20160304200822121201051    
20160304200822121201061    
20160304200822121201081    
20160304200822121203061    
20160304200822121213111    
201603042008221212031710   
20160304200822121201443    
201603042008221212025210   
20160304200822121201475    
201603050028221305010115   
20160305002822130501473    
20160305002822130501485    
201603050111221205010120   
20160305011122120501131    
20160305011122120501191    
20160305011122120502132    
20160305011122120502522    
20160305011122120503011    
20160305011122120513081    
201603050138431296010120   
20160305013843129601043    
20160305013843129601081    
20160305013843129601121    
20160305013843129601354    
20160305013843129602115    
20160305013843129602341    
20160305013843129602351    
20160305013843129602831    
20160305013843129603011    
20160305013843129603081    
201603050344081237010120   
20160305034408123701041    
20160305034408123701071    
20160305034408123701131    
20160305034408123703071    
20160305034408123703081    
20160305034408123713081    
20160305034408123760011    
20160305034408123701342    
20160305034408123702341    
20160305034408123701444    
