201612282202310186100120   
20161228220231018610111    
201612282204420170100140   
20161228220442017010132    
201612282224060141100140   
20161228222406014110061    
20161228222406014110141    
201612282237220884100140   
20161228223722088410131    
20161228223722088410171    
20161228223722088410111    
201612282254130216100140   
20161228225413021610061    
20161228225413021610132    
20161228225413021610275    
20161228225413021610285    
20161229000942088410295    
201612290030310201100160   
20161229003031020110134    
20161229003031020110141    
20161229003031020110221    
201612290030310201105220   
201612290030310201105320   
201612290030310201196920   
201612290042381354100120   
20161229004238135410131    
20161229004238135410141    
20161229004238135410302    
20161229004238135410312    
20161229004238135413395    
201612290042381354105410   
201612290043000167100180   
20161229004300016710133    
20161229004300016710071    
20161229004300016710141    
201612290100491734100140   
20161229010049173410131    
201612290108440704100140   
20161229010844070410133    
20161229010844070410141    
20161229013521171410303    
20161229013521171410313    
20161229013521171413395    
20161229013521171410295    
201612290135211714100140   
20161229013521171410111    
20161229013521171410101    
20161229013521171410181    
201612290145470156100120   
20161229014547015610131    
201612290146040594100160   
201612290146481654100140   
20161229014648165410141    
20161229014648165413392    
201612290148561364100120   
20161229014856136410131    
20161229014856136410285    
20161229014856136410293    
20161229014856136411101    
20161229014856136413392    
20161229014856136415991    
201612290150500211100140   
20161229015050021110101    
20161229015050021110132    
20161229015050021110293    
201612290210000249100180   
20161229021000024910061    
20161229021000024910132    
20161229021000024910222    
20161229021000024915991    
201612290212120244100120   
20161229021212024410171    
201612290227370914100160   
20161229022737091410063    
20161229022737091410401    
20161229022737091410111    
20161229022737091415993    
20161229022737091410221    
201612290241391324100160   
20161229024139132410132    
20161229024139132410283    
20161229024139132410631    
2016122902413913241869100  
20161229024249132410121    
201612290244550190100160   
20161229024455019010132    
20161229024455019013395    
201612290247051554100140   
20161229024705155410132    
20161229024705155410294    
20161229024705155413393    
201612290300351854100120   
20161229030035185410131    
20161229030035185410301    
20161229030035185410311    
20161229030035185410321    
20161229030035185410445    
2016122903003518541052100  
2016122903003518541053100  
20161229030035185416991    
201612290333520584100120   
20161229033352058410132    
20161229033352058410221    
20161229033352058410631    
201612290410290223100160   
20161229041029022310061    
20161229041029022310281    
