201609250117531114200140   
20160925011753111420275    
20160925011753111420285    
20160925011753111420141    
201609250117531114201110   
20160925011753111431051    
20160925011753111430052    
20160925021155204920113    
20160925021155204941255    
20160925021155204941265    
20160925021155204941401    
20160925191243202640792    
20160925191243202641101    
20160925210114118520025    
20160925210114118520035    
20160925210114118520043    
20160925210114118520053    
20160925210114118520124    
20160925210114118531011    
20160925210114118530121    
201609260020031096200120   
20160926002003109620072    
20160926002003109620122    
20160926002003109620141    
20160926002003109620275    
20160926002003109620285    
20160926002003109631021    
20160926002003109631041    
20160926002003109630051    
20160926002003109630091    
20160926002003109640052    
20160926004418201341503    
201609260044182013409210   
20160926004418201341103    
20160926004418201340841    
20160926004418201341043    
20160926011838200931071    
20160926011838200940793    
20160926011838200940881    
20160926011838200941001    
20160926015743115820025    
20160926015743115820035    
20160926015743115820121    
20160926041136204220112    
20160926041136204231072    
20160926041136204240921    
20160926041136204241001    
20160926041136204241081    
20160926041136204241101    
20160926043815203940793    
20160926043815203941402    
20160926043815203941051    
20160926043815203941101    
20160926043815203920115    
20160926043815203941454    
20160926043815203941462    
20160926043815203920141    
20160926043815203930121    
20160926043815203941081    
20160926043815203940881    
20160926060615105220015    
201609260606151052200230   
201609260606151052200330   
20160926060615105220042    
20160926060615105220052    
20160926060615105231042    
20160926060615105230052    
20160926060615105240011    
