20160408131950009500106    
20160408131950009500034    
20160408131950009500044    
20160408131950009500062    
20160408131950009500073    
20160408131950009505081    
20160408132619025500101    
20160408132619025500031    
20160408132619025500061    
20160408132619025500071    
20160408132619025500021    
20160408132619025500221    
20160408132619025500751    
20160408132619025505021    
20160408132619025505031    
20160408132619025505042    
20160408132619025505075    
20160408132619025505081    
20160408132619025505121    
20160408132619025505131    
20160408132619025505201    
201604081338430066000313   
201604081338430066000411   
201604081338430066001024   
20160408134942003800033    
20160408134942003800043    
20160408134942003800107    
20160408134942003800581    
20160408134942003805164    
20160408134942003805043    
20160408134942003800062    
20160408134942003800071    
20160408134942003800571    
20160408134942003840535    
20160408134942003840522    
20160408134942003840555    
20160408135105016900105    
20160408135105016900032    
20160408135105016900042    
20160408135105016900061    
20160408135105016900073    
20160408135105016900422    
20160408135105016940111    
20160408135916011405043    
20160408135916011400063    
20160408135916011405033    
20160408135916011405011    
20160408135916011405141    
201604081359160114405510   
20160408135916011440211    
20160408135916011400031    
20160408135916011400102    
201604081400260198000314   
201604081400260198000413   
201604081400260198001026   
20160408142302014400032    
20160408142302014400042    
20160408142302014400241    
20160408142302014400401    
20160408142302014400571    
20160408142302014400581    
20160408142302014400731    
20160408142302014400105    
20160408142302014400772    
20160408142302014405021    
20160408142302014405041    
20160408142302014405162    
20160408142302014400062    
20160408142449020200036    
20160408142449020200044    
20160408142449020200103    
20160408142449020200301    
20160408142449020200072    
20160408142449020200061    
20160408142524027400108    
20160408142524027400035    
20160408142524027400043    
20160408142524027400081    
20160408142524027400062    
20160408142524027400076    
20160408142524027400721    
20160408142524027440212    
20160408142524027480018    
20160408142524027405042    
20160408142524027405141    
20160408142524027405152    
201604081426070248001014   
20160408142607024800037    
20160408142607024800047    
20160408142607024800573    
20160408142607024800082    
20160408142607024800067    
20160408142607024800076    
20160408142607024800202    
20160408142607024800242    
20160408142607024800721    
20160408142607024800731    
201604081426070248007510   
20160408142607024800772    
20160408142607024805042    
20160408142607024805081    
20160408142607024805142    
201604081426070248051510   
20160408142607024805162    
20160408142607024840172    
201604081426070248405210   
20160408142613008900034    
20160408142613008900043    
20160408142613008900107    
20160408142613008900061    
20160408142613008900072    
20160408142613008900571    
20160408142613008900211    
20160408142613008900221    
20160408142613008905021    
20160408142613008905033    
20160408142613008905046    
201604081426130089050710   
20160408142613008905132    
20160408142613008905153    
20160408142613008905174    
20160408142613008940112    
20160408142639002700571    
20160408142639002700072    
20160408142639002700033    
20160408142639002700043    
20160408142639002700106    
20160408143045004800108    
20160408143045004800034    
20160408143045004800043    
20160408143045004805045    
20160408143045004805152    
20160408143045004805022    
20160408143045004800571    
20160408143045004800081    
20160408143045004805031    
20160408143045004805132    
201604081430450048050710   
20160408143111013900102    
20160408143111013900031    
20160408143111013900041    
20160408143111013905042    
20160408143111013900061    
20160408143111013900071    
20160408143111013900281    
20160408143111013940535    
20160408143111013940525    
20160408143215015900106    
20160408143215015900033    
20160408143215015900043    
20160408143215015905041    
20160408143215015900571    
20160408143223025800033    
20160408143223025800042    
20160408143223025800221    
20160408143223025800105    
20160408143223025800081    
201604081432230258050710   
20160408143223025840021    
20160408143223025840113    
20160408143223025800072    
20160408143435024700101    
20160408143435024700031    
20160408143435024700081    
20160408143435024700072    
20160408143435024700201    
20160408143435024700211    
20160408143435024700241    
20160408143435024700771    
20160408143435024700401    
20160408143435024740522    
20160408143435024740533    
20160408143435024740211    
20160408143435024740555    
20160408143435024705022    
20160408143435024705031    
20160408143435024705043    
20160408143435024705121    
20160408143435024705163    
20160408143435024705201    
20160408143517027600031    
20160408143517027600041    
20160408143517027600631    
20160408143517027600103    
20160408143517027605022    
20160408143517027605033    
20160408143517027605042    
20160408143517027640113    
20160408143517027640184    
20160408144315020100107    
20160408144315020100033    
20160408144315020100044    
20160408144315020100062    
20160408144315020100071    
20160408144315020100201    
20160408144315020100242    
20160408144315020100632    
20160408144315020105201    
20160408144315020105021    
20160408144315020105032    
20160408144315020105044    
20160408144315020105124    
20160408144315020140112    
201604081444140003001010   
20160408144414000300035    
20160408144414000300045    
20160408144414000300071    
20160408144414000300202    
20160408144414000300211    
20160408144414000300242    
20160408144414000300251    
20160408144414000300401    
20160408144414000340213    
20160408144414000305031    
20160408144414000305044    
201604081444140003051211   
20160408144414000305162    
20160408144414007600035    
20160408144414007600043    
20160408144414007600108    
20160408144414007600071    
20160408144414007605021    
20160408144414007605042    
20160408144414007605161    
20160408144414007605151    
20160408144414007640211    
20160408144414007605141    
20160408144414007605031    
20160408144414007600301    
20160408145016003200109    
20160408145016003200035    
20160408145016003200044    
20160408145016003200063    
20160408145016003200071    
20160408145016003200752    
20160408145016003205022    
20160408145016003205032    
20160408145016003205152    
20160408145016003205172    
20160408145134027000102    
20160408145134027000031    
20160408145134027000041    
20160408145134027040533    
20160408145134027040522    
20160408145134027080012    
201604081451340270050710   
20160408145134027005132    
20160408145134027005041    
20160408145134027040211    
20160408145134027000281    
201604081451380079001010   
20160408145138007900035    
20160408145138007900045    
20160408145138007900571    
20160408145138007900082    
20160408145138007900061    
20160408145138007900073    
20160408145138007900722    
20160408145138007900401    
20160408145138007905029    
20160408145138007905038    
20160408145138007905151    
20160408145138007940391    
20160408145236027700106    
20160408145236027700033    
20160408145236027700042    
20160408145236027700571    
20160408145236027700131    
20160408145236027700062    
20160408145236027700074    
20160408145236027700211    
20160408145236027700241    
20160408145236027700721    
20160408145236027700772    
20160408145236027740522    
20160408145236027740535    
20160408145236027740212    
201604081452360277405520   
20160408145236027780014    
20160408145236027780022    
20160408145236027705022    
20160408145236027705075    
20160408145236027705122    
20160408145236027705152    
20160408145236027705163    
20160408145239027800103    
20160408145239027800032    
20160408145239027800041    
20160408145239027800571    
20160408145239027800202    
20160408145239027800242    
20160408145239027840525    
20160408145239027840555    
20160408145239027805075    
20160408145239027805131    
20160408145239027805162    
20160408145239027840112    
20160408145302020700108    
20160408145302020700034    
20160408145302020700043    
20160408145302020700062    
20160408145302020700072    
20160408145302020700211    
20160408145302020700241    
20160408145302020700631    
20160408145302020700721    
20160408145302020700751    
20160408145302020740525    
20160408145302020740533    
20160408145302020740211    
20160408145302020740555    
20160408145302020780014    
20160408145302020780022    
20160408145302020705032    
20160408145302020705042    
201604081453020207050720   
20160408145302020705123    
20160408145302020705134    
20160408145302020705143    
20160408145302020740113    
20160408145303019500102    
20160408145303019500031    
20160408145303019500041    
20160408145303019500571    
20160408145303019500073    
20160408145303019500221    
20160408145303019500301    
20160408145303019500281    
20160408145303019500771    
20160408145303019540213    
201604081453030195405515   
20160408145303019505021    
20160408145303019505043    
201604081453030195050715   
20160408145303019505133    
20160408145303019505141    
20160408145303019505153    
20160408145303019505163    
20160408145303019540141    
20160408145333027805033    
20160408145929002000035    
20160408145929002000043    
20160408145929002000108    
20160408145929002000072    
20160408145929002080024    
20160408145929002040533    
20160408145929002040523    
20160408145929002005164    
20160408145929002005042    
20160408145929002005011    
20160408145929002000211    
20160408150304023200109    
20160408150304023200036    
20160408150304023200043    
20160408150304023200571    
20160408150304023200062    
20160408150304023200072    
20160408150304023200021    
20160408150304023200201    
20160408150304023200242    
20160408150304023200281    
20160408150304023200721    
20160408150304023200752    
20160408150304023200771    
20160408150304023205204    
20160408150304023240212    
20160408150304023280014    
20160408150304023280031    
20160408150304023205034    
20160408150304023205041    
20160408150304023205124    
20160408150304023205142    
20160408150304023205166    
20160408150304023205176    
20160408150315021300033    
20160408150315021300044    
20160408150315021300202    
20160408150315021300212    
20160408150315021300221    
20160408150315021300242    
20160408150315021300572    
20160408150315021300731    
20160408150315021300104    
20160408150315021300081    
20160408150315021300131    
20160408150315021305011    
20160408150315021305022    
20160408150315021305032    
20160408150315021305042    
20160408150315021305075    
20160408150315021305122    
20160408150315021305131    
20160408150315021305152    
20160408150315021340021    
20160408150315021340212    
20160408150315021340523    
20160408150315021340533    
201604081503150213405510   
20160408150315021300066    
201604081503150213000710   
20160408150315021340391    
20160408150324004100108    
20160408150324004100034    
20160408150324004100044    
20160408150324004100571    
20160408150324004100061    
20160408150324004100071    
20160408150324004100401    
20160408150324004105021    
20160408150324004105031    
20160408150324004105161    
20160408150333009800108    
20160408150333009800034    
20160408150333009800044    
20160408150333009800061    
20160408150333009800073    
20160408150333009800202    
20160408150333009840532    
20160408150333009840212    
20160408150333009840221    
201604081503330098405515   
20160408150333009880015    
20160408150333009805021    
20160408150333009805034    
201604081503330098050710   
20160408150333009805123    
20160408150333009805132    
20160408150333009840112    
20160408150333009840171    
20160408150333009840391    
20160408150618013400103    
20160408150618013400031    
20160408150618013400041    
20160408150618013400751    
20160408150618013400211    
20160408150618013405041    
20160408150618013405152    
20160408150618013405162    
20160408150702022400108    
20160408150702022400034    
20160408150702022400044    
20160408150702022400061    
20160408150702022400731    
20160408150702022405011    
20160408150702022405022    
20160408150702022405042    
20160408150702022405162    
201604081507020224405520   
20160408150702022440525    
20160408150746023000062    
20160408150746023040211    
201604081507460230405510   
20160408150746023000772    
20160408150746023005151    
20160408150746023005141    
20160408150746023000241    
20160408150746023000631    
20160408150746023005041    
20160408150746023000106    
20160408150746023000033    
20160408150746023000043    
20160408150746023000571    
20160408150746023080014    
20160408150746023080024    
20160408150746023005122    
20160408150904020000108    
20160408150904020000034    
20160408150904020000044    
20160408150904020000571    
20160408150904020000072    
20160408150904020000021    
20160408150904020000201    
20160408150904020000211    
20160408150904020000241    
20160408150904020000721    
20160408150904020000731    
20160408150904020005021    
20160408150904020005042    
201604081509040200050710   
20160408150904020005123    
20160408150904020005132    
20160408150904020005141    
20160408150904020005151    
20160408150904020005162    
20160408151047026500033    
20160408151047026500043    
20160408151047026500221    
20160408151047026500721    
20160408151047026500105    
20160408151047026500282    
20160408151047026505031    
20160408151047026505042    
20160408151047026505075    
20160408151047026505122    
20160408151047026505131    
20160408151047026505163    
20160408151047026505202    
20160408151047026540531    
20160408151047026580015    
20160408151047026580021    
20160408151047026500061    
20160408151047026500071    
20160408151054016300071    
20160408151054016300241    
20160408151054016305041    
201604081510540163050710   
20160408151054016305122    
20160408151054016305132    
20160408151054016305141    
20160408151054016305162    
20160408151054016340211    
201604081510540163405510   
20160408151054016380031    
20160408151133005700034    
20160408151133005700042    
20160408151133005700107    
20160408151133005705041    
20160408151133005700581    
20160408151133005700591    
20160408151133005705123    
20160408151133005705161    
20160408151133005780012    
20160408151133005700061    
20160408151133005700072    
20160408151133005740521    
201604081512030077001016   
20160408151203007700038    
20160408151203007700047    
20160408151203007700572    
20160408151203007700063    
20160408151203007700073    
20160408151203007705036    
20160408151203007700203    
20160408151203007700213    
20160408151203007705011    
20160408151203007740525    
20160408151231009300076    
20160408151231009305122    
20160408151231009340213    
201604081512310093405580   
201604081512310093050412   
20160408151231009305155    
20160408151231009305163    
20160408151600008700108    
20160408151600008700035    
20160408151600008700043    
20160408151600008700571    
20160408151600008700063    
20160408151600008700078    
20160408151600008700021    
20160408151600008700212    
20160408151600008700241    
20160408151600008700751    
20160408151600008700401    
20160408151600008740532    
20160408151600008740212    
201604081516000087405520   
20160408151600008780018    
20160408151600008780021    
20160408151600008705021    
20160408151600008705033    
20160408151600008705043    
20160408151600008705123    
20160408151600008705141    
20160408151600008705163    
20160408151600008705153    
20160408151600008740021    
20160408151600008740112    
20160408151600008740171    
20160408151600008740391    
20160408151709007200037    
20160408151709007200046    
201604081517090072001012   
20160408151709007200212    
20160408151848023700105    
20160408151848023700032    
20160408151848023700042    
20160408151848023700022    
20160408151848023700281    
20160408151848023740523    
20160408151848023740536    
20160408151848023740212    
201604081518480237405510   
20160408151848023780025    
20160408151848023705204    
20160408151848023705021    
20160408151848023705031    
20160408151848023705041    
20160408151848023705126    
20160408151848023705141    
20160408151848023705163    
20160408151848023740171    
20160408151848023740391    
20160408151857012500571    
20160408151857012500072    
20160408151857012500211    
20160408151857012580014    
20160408151857012580024    
20160408151857012505022    
201604081518570125050710   
20160408151857012505122    
20160408151857012505173    
20160408152222026900104    
20160408152222026900033    
20160408152222026900042    
20160408152222026900571    
20160408152222026900061    
20160408152222026900074    
20160408152222026900201    
20160408152222026900211    
20160408152222026900241    
20160408152222026900401    
20160408152222026940523    
20160408152222026940201    
20160408152222026940552    
20160408152222026980016    
20160408152222026980022    
20160408152222026905021    
20160408152222026905041    
201604081522220269050710   
20160408152222026905132    
20160408152222026905172    
20160408152222026940112    
20160408152505025100107    
20160408152505025100034    
20160408152505025100043    
20160408152505025100064    
20160408152505025100073    
20160408152505025100201    
20160408152505025100211    
20160408152505025100241    
20160408152505025100751    
20160408152505025140522    
20160408152505025140532    
20160408152505025140211    
20160408152505025140555    
20160408152505025180016    
20160408152505025105021    
20160408152505025105032    
20160408152505025105042    
20160408152505025105122    
20160408152505025105164    
20160408152505025140391    
20160408152505025105201    
201604081525090229001015   
20160408152509022900037    
20160408152509022900047    
20160408152509022900571    
20160408152509022900081    
20160408152509022900062    
20160408152509022900073    
20160408152509022900212    
20160408152509022900221    
20160408152509022900721    
20160408152509022940525    
20160408152509022940212    
20160408152509022905024    
20160408152509022905045    
201604081525090229050715   
20160408152509022905133    
20160408152509022905142    
20160408152509022905153    
20160408152509022940113    
20160408152509022940391    
20160408152544019600031    
20160408152544019600041    
20160408152544019600211    
20160408152544019600241    
20160408152544019600102    
20160408152544019605021    
20160408152544019605041    
20160408152544019640021    
20160408152544019640171    
20160408152544019640525    
20160408152544019640535    
20160408152544019600062    
20160408152544019600072    
20160408152706022100104    
20160408152706022100032    
20160408152706022100042    
20160408152706022100071    
20160408152706022100401    
20160408152706022105032    
20160408152706022100241    
20160408152706022100061    
20160408152706022140211    
20160408152706022100021    
20160408152928006700033    
20160408152928006700042    
20160408152928006700105    
20160408152928006700071    
20160408152928006705151    
20160408152928006700021    
20160408152928006700721    
20160408152928006740021    
20160408152928006700771    
20160408153002027100106    
20160408153002027100033    
20160408153002027100042    
20160408153002027100062    
20160408153002027100077    
20160408153039013100104    
20160408153039013100032    
20160408153039013100042    
20160408153039013100571    
20160408153039013100061    
20160408153039013100072    
20160408153039013100202    
20160408153039013100211    
20160408153039013100242    
20160408153039013100451    
20160408153039013140525    
20160408153039013140535    
20160408153039013180014    
20160408153039013180031    
20160408153039013105021    
20160408153039013105031    
20160408153039013105042    
20160408153039013105141    
20160408153039013105161    
20160408153039013140111    
20160408153039013140392    
20160408153055014800214    
20160408153055014800231    
20160408153055014800302    
20160408153055014800221    
20160408153055014800081    
201604081530550148405210   
20160408153055014800631    
20160408153055014800062    
20160408153055014800073    
20160408153055014800572    
20160408153055014800036    
20160408153055014800043    
201604081530550148001014   
20160408153100022700104    
20160408153100022700031    
20160408153100022700043    
20160408153100022700072    
20160408153100022700211    
20160408153100022705011    
20160408153100022705031    
20160408153100022705141    
20160408153100022740523    
20160408153100022740211    
20160408153100022740555    
20160408153100022780018    
20160408153126026600101    
20160408153126026600041    
20160408153126026600061    
20160408153126026600071    
20160408153126026600021    
20160408153126026600211    
20160408153126026680012    
20160408153126026680022    
20160408153126026605021    
20160408153126026605031    
20160408153126026605041    
20160408153126026605075    
20160408153126026605131    
20160408153126026605141    
20160408153126026605151    
20160408153126026605161    
20160408153126026605202    
20160408153433006300023    
201604081534330063000312   
20160408153433006300049    
201604081534330063000612   
201604081534330063000712   
201604081534330063001016   
20160408153433006300204    
20160408153433006300214    
20160408153433006300221    
20160408153433006300242    
20160408153433006300282    
20160408153433006300421    
20160408153433006300451    
20160408153433006300574    
20160408153433006300581    
20160408153433006300631    
20160408153433006300722    
20160408153433006300752    
20160408153433006300773    
20160408153433006305024    
20160408153433006305035    
20160408153433006305046    
201604081534330063051215   
20160408153433006305143    
20160408153433006305154    
20160408153433006305169    
20160408153433006340011    
201604081534330063401112   
20160408153433006340141    
20160408153433006340171    
20160408153433006340212    
20160408153433006340221    
20160408153433006340393    
201604081534330063405210   
201604081534330063405310   
201604081534330063405510   
201604081534330063800128   
201604081534330063800212   
20160408153456019700401    
20160408153456019700581    
20160408153456019700074    
20160408153456019700063    
20160408153456019700753    
20160408153456019780022    
20160408153528024100104    
20160408153528024100032    
20160408153528024100042    
20160408153528024100211    
20160408153528024100221    
20160408153528024100721    
201604081535280241405510   
20160408153528024180014    
20160408153528024180021    
20160408153528024105021    
20160408153528024105042    
201604081535280241050710   
20160408153528024105122    
201604081535410156001020   
201604081535410156000310   
20160408153541015600048    
20160408153541015600572    
20160408153541015600081    
20160408153541015600063    
20160408153541015600073    
20160408153541015600021    
20160408153541015600202    
20160408153541015600211    
20160408153541015600221    
20160408153541015600242    
20160408153541015600751    
20160408153541015600771    
20160408153541015600401    
20160408153541015600421    
20160408153541015640526    
20160408153541015640536    
20160408153541015640211    
201604081535410156405512   
20160408153541015680031    
20160408153541015605022    
20160408153541015605035    
20160408153541015605044    
20160408153541015605075    
20160408153541015605082    
201604081535410156051210   
20160408153541015605131    
20160408153541015605142    
20160408153541015605153    
20160408153541015605168    
20160408153541015605208    
20160408153636022300107    
20160408153636022300034    
20160408153636022300042    
20160408153636022300061    
20160408153636022300073    
20160408153636022300221    
20160408153636022300721    
20160408153636022305021    
20160408153636022305032    
20160408153636022305124    
20160408153636022305151    
20160408153636022305172    
20160408153636022340111    
20160408153636022380014    
20160408153636022380021    
20160408153636022305131    
20160408153636022305075    
20160408153636022340391    
20160408153719021300251    
20160408153809026705041    
20160408153809026705121    
20160408153809026740212    
201604081538090267405210   
20160408153809026740535    
20160408153809026740555    
20160408153809026780012    
20160408153926010800106    
20160408153926010800034    
20160408153926010800043    
20160408153926010800571    
20160408153926010800073    
20160408153926010840525    
201604081539260108405310   
201604081539460011001022   
201604081539460011000311   
201604081539460011000411   
20160408153946001100572    
20160408153946001100061    
20160408153946001100075    
20160408153946001100731    
20160408153946001100772    
20160408153946001100401    
20160408153946001100421    
20160408153946001105043    
20160408153946001105151    
20160408153946001140535    
201604081540380033001012   
20160408154038003300037    
20160408154038003300045    
20160408154038003300073    
20160408154038003300401    
20160408154038003340525    
20160408154038003305021    
20160408154038003305043    
20160408154038003305173    
20160408154141022305041    
20160408154149018900031    
20160408154149018900041    
20160408154149018900102    
20160408154149018900081    
20160408154149018905021    
20160408154149018905122    
20160408154149018940113    
20160408154149018940121    
20160408154149018940171    
20160408154149018940533    
20160408154149018940555    
20160408154149018940391    
20160408154248019300101    
20160408154248019300031    
20160408154248019300041    
20160408154248019300571    
20160408154248019300061    
20160408154248019300211    
20160408154248019300221    
20160408154248019300241    
20160408154248019300721    
20160408154248019300751    
20160408154248019340211    
20160408154248019340555    
20160408154248019380014    
20160408154248019305022    
20160408154248019305032    
20160408154248019305042    
20160408154248019305075    
20160408154248019305131    
20160408154248019305162    
20160408154248019340112    
20160408154359026100032    
20160408154359026100041    
20160408154359026100103    
20160408154359026100072    
20160408154359026100062    
20160408154359026105163    
20160408154359026100281    
20160408154359026140533    
20160408154359026180013    
20160408154359026180023    
20160408154359026140555    
20160408154525010900033    
20160408154525010900043    
20160408154525010900106    
20160408154525010900061    
20160408154525010905152    
20160408154525010940212    
20160408154525010940555    
20160408154525010900241    
20160408154615013300108    
20160408154615013300035    
20160408154615013300044    
20160408154615013300571    
20160408154615013300072    
20160408154615013305081    
201604081546150133405210   
20160408154615013300731    
201604081546150133050710   
20160408154617006200108    
20160408154617006200034    
20160408154617006200042    
20160408154617006205027    
20160408154617006200631    
20160408154617006280041    
20160408154659024600109    
20160408154659024600034    
20160408154659024600043    
20160408154659024600571    
20160408154659024600062    
20160408154659024600072    
20160408154659024600204    
20160408154659024600242    
20160408154659024600771    
20160408154659024605034    
20160408154659024605046    
20160408154659024605021    
20160408154659024605075    
20160408154659024605081    
20160408154659024605128    
20160408154659024605176    
20160408154659024640391    
20160408154659024680012    
20160408154659024680027    
20160408154659024605131    
20160408154831023900106    
20160408154831023900034    
20160408154831023900043    
20160408154831023900061    
20160408154831023900202    
20160408154831023900581    
20160408154831023905042    
20160408154831023905081    
20160408154831023905128    
20160408154831023905141    
20160408154831023905163    
20160408154831023940211    
20160408154831023940555    
20160408154831023980042    
20160408154856024000107    
20160408154856024000033    
20160408154856024000044    
20160408154856024000072    
20160408154856024000771    
20160408154856024080023    
20160408154856024080031    
20160408154856024005021    
20160408154856024005031    
20160408154856024005123    
20160408154856024005075    
20160408154856024005131    
20160408154856024005141    
20160408154856024005151    
20160408154856024005162    
20160408154953013000109    
20160408154953013000036    
20160408154953013000043    
20160408154953013000571    
20160408154953013000203    
20160408154953013000212    
20160408154953013000773    
20160408154953013000063    
20160408154953013000281    
20160408154953013000301    
20160408154953013005023    
20160408154953013005134    
201604081549530130050720   
20160408154953013000073    
201604081549530130051215   
201604081554440107000312   
20160408155444010700047    
201604081554440107001019   
20160408155444010700401    
20160408155444010700591    
20160408155444010700212    
20160408155444010700062    
20160408155444010700072    
20160408155444010700572    
20160408155510026800105    
20160408155510026800033    
20160408155510026800042    
20160408155510026800075    
20160408155510026800571    
