20160425150614600010026    
20160425150614600010046    
201604251506146000101310   
20160425150614600010205    
20160425150614600010266    
20160425150614600030121    
20160425150614600040013    
20160425150614600040032    
20160425150614600040056    
20160425150614600040155    
201604251506146000410310   
20160425150614600041042    
20160425150614600041051    
20160425150614600041071    
20160425150614600050023    
20160425150614600050031    
20160425150614600050041    
20160425150614600060073    
20160425152407100810011    
20160425152407100810032    
20160425152407100810081    
20160425152407100810131    
20160425152407100810201    
20160425152407100820015    
20160425152407100820022    
20160425152407100820051    
20160425152407100820062    
20160425152407100820081    
20160425152407100840016    
20160425152407100840022    
20160425152407100840151    
20160425152407100810261    
20160425152407100810222    
20160425152407100841033    
20160425152407100841041    
20160425171551203410021    
20160425171551203410031    
20160425171551203410202    
20160425171551203420015    
20160425171551203420022    
20160425171551203420101    
20160425171551203430045    
20160425171551203430062    
20160425171551203440052    
20160425171551203440151    
20160425171551203441033    
20160425171551203460071    
20160425171653204210011    
20160425171653204210021    
201604251716532042100320   
20160425171653204210042    
20160425171653204210131    
20160425171653204210201    
20160425171653204210221    
20160425171653204210261    
20160425171653204220001    
20160425171653204220051    
20160425171653204230061    
20160425171653204230071    
201604251716532042310320   
20160425171653204240001    
20160425171653204240013    
20160425171653204240051    
20160425171653204240191    
20160425171653204241031    
20160425171653204241051    
20160425171653204241071    
20160425172106202810021    
20160425172106202810041    
20160425172106202810051    
20160425172106202810132    
20160425172106202810223    
20160425172106202810262    
20160425172106202820021    
20160425172106202820031    
20160425172106202830061    
201604251721062028310320   
20160425172106202840191    
20160425172106202841033    
20160425174704204410011    
201604251747042044100330   
20160425174704204410042    
20160425174704204410135    
20160425174704204410191    
20160425174704204410203    
20160425174704204410223    
20160425174704204410264    
20160425174704204420021    
20160425174704204420041    
20160425174704204420061    
20160425174704204420101    
20160425174704204430061    
20160425174704204440003    
20160425174704204440015    
20160425174704204440022    
20160425174704204440052    
20160425174704204440151    
20160425174704204440191    
20160425174704204441032    
20160425174704204441042    
20160425174704204441051    
20160425174704204441071    
20160425174704204450011    
20160425174704204477791    
20160425174704204477801    
20160425191554204310011    
20160425191554204310021    
201604251915542043100320   
20160425191554204310131    
20160425191554204310183    
20160425191554204310201    
20160425191554204330045    
20160425191554204340001    
20160425191554204340012    
20160425191554204340021    
20160425191554204340031    
20160425191554204340051    
20160425191554204341061    
20160425191554204377791    
20160425200553101510051    
20160425200553101510081    
20160425200553101520067    
20160425200553101520021    
20160425200553101541034    
20160425200713101520067    
20160425202116203810022    
201604252021162038100320   
20160425202116203810042    
20160425202116203810051    
20160425202116203810091    
20160425202116203810131    
20160425202116203810185    
20160425202116203810201    
20160425202116203810222    
20160425202116203810265    
20160425202116203840001    
20160425202116203840012    
20160425202116203841032    
20160425202116203841041    
201604252103452014100340   
20160425210345201410041    
20160425210345201410051    
20160425210345201410081    
20160425210345201410091    
20160425210345201410133    
20160425210345201410202    
20160425210345201410223    
20160425210345201410262    
20160425210345201420011    
20160425210345201420022    
20160425210345201420041    
20160425210345201420052    
20160425210345201420073    
20160425210345201420101    
20160425210345201430042    
20160425210345201440012    
20160425210345201440021    
20160425210345201441032    
20160425210345201441041    
20160425210345201441051    
20160425210345201441061    
20160425210504103810031    
20160425210504103810051    
20160425210504103810061    
20160425210504103810091    
20160425210504103810202    
20160425210504103820051    
20160425210504103840053    
20160425210504103840151    
201604252105041038401610   
20160425210504103841032    
20160425210504103841042    
201604252105041038500710   
20160425210641103210021    
201604252106411032100340   
20160425210641103210061    
20160425210641103210081    
20160425210641103210134    
20160425210641103210161    
20160425210641103210202    
20160425210641103210223    
20160425210641103220091    
20160425210641103240016    
20160425210641103240023    
20160425210641103240051    
20160425210641103240151    
20160425210641103241034    
20160425210641103250011    
20160425210718204610021    
20160425210718204610041    
20160425210718204610061    
20160425210718204610081    
20160425210718204610091    
20160425210718204610133    
20160425210718204630043    
20160425210718204640011    
20160425210718204640021    
20160425210718204640031    
20160425210718204640071    
20160425213014204810011    
20160425213014204810021    
201604252130142048100318   
20160425213014204810042    
20160425213014204810061    
20160425213014204810134    
20160425213014204810182    
20160425213014204810191    
20160425213014204810201    
20160425213014204810222    
20160425213014204810262    
20160425213014204820001    
20160425213014204820011    
20160425213014204820022    
20160425213014204820051    
20160425213014204820071    
201604252130142048310320   
20160425213014204840051    
20160425213014204841033    
20160425213014204841041    
20160425213847205010021    
20160425213847205010042    
20160425213847205010051    
20160425213847205010184    
20160425213847205030043    
20160425213847205040152    
20160425213847205041032    
20160425213847205041041    
20160425213847205050014    
20160425213847205050026    
20160425214628203877771    
20160425215225204710021    
201604252152252047100320   
20160425215225204710041    
20160425215225204710132    
20160425215225204710186    
20160425215225204710202    
20160425215225204710221    
20160425215225204720001    
201604252152252047300410   
20160425215225204730071    
201604252152252047310315   
20160425215225204740052    
20160425215225204741032    
20160425215225204741041    
20160425215225204741051    
20160425215225204741061    
20160425215225204741071    
20160425215225204777791    
20160425215225204777801    
20160425215225204777811    
20160425225754101310022    
20160425225754101320001    
20160425225754101310202    
20160425225754101340054    
20160425225754101341034    
20160425225754101341041    
20160425225754101310041    
20160425225754101310031    
20160425225754101310161    
20160425225754101310061    
20160425225754101310142    
20160425225754101310191    
20160425225754101310222    
20160425225754101310186    
20160425225754101310262    
20160425225754101310138    
20160425225754101340151    
20160425225754101320091    
