20161104172709339023011    
20161104172709339011271    
20161104172709339011331    
20161104172709339011611    
20161104172709339010091    
20161104172709339010101    
20161104172709339010422    
20161104172709339010061    
20161104172709339010461    
20161104172709339010741    
20161104172709339010281    
20161104172709339010323    
20161104172709339010332    
20161104172709339010391    
20161104172709339025071    
20161104172709339011121    
20161104172709339011031    
20161104172709339011162    
20161104192326528711423    
20161104192326528710572    
20161104192326528710541    
20161104192326528710391    
20161104192326528710493    
20161104192326528722991    
20161104192326528710511    
20161104192326528711751    
20161104192326528710332    
20161104192326528722971    
20161104192326528711612    
20161104192326528710291    
20161104192326528710742    
20161104192326528711621    
20161104192326528723014    
20161104192326528710582    
20161104192326528710151    
20161104192326528710441    
20161104192326528711651    
20161104192326528711642    
20161104192326528710325    
20161104194351395911272    
20161104194351395911301    
20161104194351395911333    
20161104194351395911341    
20161104194351395911425    
20161104194351395911641    
20161104194351395920141    
20161104194351395922041    
20161104194351395922971    
20161104194351395922992    
20161104194351395925073    
20161104194351395910101    
20161104194351395910161    
20161104194351395910271    
20161104194351395910291    
20161104194351395910301    
20161104194351395910311    
201611041943513959103210   
201611041943513959103310   
20161104194351395910391    
20161104194351395910471    
20161104194351395910541    
20161104194351395910583    
20161104194351395910871    
20161104194351395925091    
20161104194351395910971    
20161104194351395911152    
20161104201615395910422    
