20161110125041007200106    
20161110125041007200033    
20161110125041007200043    
20161110125041007200211    
20161110125041007200731    
20161110132149023700104    
20161110132149023700032    
20161110132149023700042    
20161110132149023700071    
20161110132149023700021    
20161110132149023700211    
20161110132149023700221    
20161110132149023700401    
20161110132149023700591    
20161110132149023780022    
20161110132149023705201    
20161110132149023705031    
20161110132149023705122    
20161110132149023705152    
20161110132149023705161    
20161110132149023705041    
20161110134345020000108    
20161110134345020000035    
20161110134345020000043    
20161110134345020000571    
20161110134345020000061    
20161110134345020000071    
20161110134345020000021    
20161110134345020000201    
20161110134345020000221    
20161110134345020000241    
20161110134345020000401    
20161110134345020000451    
20161110134345020040211    
20161110134345020005032    
20161110134345020005123    
20161110134345020005141    
20161110134345020005152    
20161110134345020005162    
20161110134917007200101    
20161110134917007200031    
20161110140039019800531    
20161110140039019800401    
201611101400390198000312   
201611101400390198000410   
201611101400390198001018   
20161110140211027100032    
20161110140211027100042    
20161110140211027100104    
20161110140211027100081    
20161110140211027100571    
20161110140211027100775    
20161110140211027100401    
20161110140211027180014    
201611101402110271051410   
20161110140211027140171    
20161110140449025800571    
20161110140449025800301    
20161110140449025800281    
20161110140449025805011    
20161110140449025840141    
20161110140449025840171    
20161110140904002700032    
20161110140904002700042    
20161110140904002700104    
20161110140904002700072    
20161110140904002705202    
20161110140936008700033    
20161110140936008700041    
20161110140936008700201    
20161110140936008700211    
20161110140936008700571    
20161110140936008700721    
20161110140936008700301    
20161110140936008700104    
20161110140936008705021    
20161110140936008705031    
20161110140936008705041    
20161110140936008705123    
20161110140936008705152    
20161110140936008705161    
20161110140936008740121    
20161110140936008740522    
201611101409360087405310   
20161110140936008780014    
20161110140936008700061    
20161110140936008700074    
20161110140936008740391    
20161110141237020700104    
20161110141237020700032    
20161110141237020700041    
20161110141237020700063    
20161110141237020700073    
20161110141237020700211    
20161110141237020700721    
20161110141237020700751    
20161110141237020700451    
201611101412370207405310   
20161110141237020780013    
20161110141237020780021    
20161110141237020705021    
20161110141237020705032    
20161110141237020705041    
20161110141237020705123    
20161110141237020705141    
20161110141237020740115    
20161110141421024700104    
20161110141421024700032    
20161110141421024700042    
20161110141421024780016    
20161110141421024705141    
20161110141421024705164    
20161110141651020100041    
20161110141651020100072    
201611101416510201405310   
20161110141651020180018    
20161110141651020105021    
20161110141651020105032    
20161110141651020105042    
20161110141651020105122    
20161110142257027200104    
20161110142257027200032    
20161110142257027200041    
20161110142257027200061    
20161110142257027200072    
20161110142257027200021    
20161110142257027200771    
20161110142257027280016    
20161110142257027280031    
20161110142257027205031    
20161110142257027205041    
20161110142257027205124    
20161110142257027205141    
20161110142257027205161    
20161110142636013400106    
20161110142636013400033    
20161110142636013400042    
20161110142636013400571    
20161110142636013400062    
20161110142636013400073    
20161110142636013400751    
20161110142636013400021    
20161110142636013400202    
20161110142636013400211    
20161110142636013400251    
20161110142636013400721    
20161110142636013440212    
20161110142636013405022    
20161110142636013405126    
20161110142636013405152    
20161110142646016900031    
20161110142646016900062    
20161110142646016900071    
20161110142646016940525    
20161110142646016905011    
20161110142646016905152    
20161110142707027900103    
20161110142707027900031    
20161110142707027900041    
20161110142707027900061    
20161110142707027900071    
20161110142707027940525    
20161110142707027940535    
20161110142707027980014    
20161110142707027905021    
20161110142707027905031    
20161110142707027905041    
20161110142707027905121    
20161110142707027905162    
20161110142707027940111    
20161110142845027700104    
20161110142845027700032    
20161110142845027700042    
20161110142845027700072    
20161110142845027700211    
20161110142845027700241    
20161110142845027700451    
20161110142845027700731    
20161110142845027780012    
20161110142845027705032    
20161110142845027705122    
20161110142845027705151    
20161110142845027705162    
20161110142845027740021    
20161110142845027740391    
20161110143008015600106    
20161110143008015600034    
20161110143008015600043    
20161110143008015600062    
20161110143008015600072    
20161110143008015600201    
20161110143008015600211    
20161110143008015600241    
20161110143008015640522    
20161110143008015640532    
20161110143008015605021    
20161110143008015605031    
20161110143008015605041    
20161110143008015605081    
20161110143008015605124    
20161110143008015605142    
20161110143008015605153    
20161110143008015605163    
20161110143008015605203    
20161110143320006600034    
20161110143320006600043    
20161110143320006600107    
20161110143320006600451    
20161110143505027800103    
20161110143505027800031    
20161110143505027800041    
20161110143505027800202    
20161110143505027840525    
20161110143505027840555    
20161110143505027805022    
20161110143505027805032    
20161110143505027805141    
20161110143505027805164    
20161110143505027840171    
20161110143728019600032    
20161110143728019600042    
20161110143728019600102    
20161110143728019605081    
20161110143728019605141    
20161110143728019640141    
20161110143728019600061    
20161110143728019600071    
20161110144243016300103    
20161110144243016300032    
20161110144243016300041    
20161110144243016300072    
20161110144243016305031    
20161110144243016305121    
20161110144243016305151    
20161110144243016305161    
20161110144243016380012    
20161110144648011400061    
20161110144648011400031    
20161110144648011400041    
20161110144648011400102    
20161110144648011400071    
20161110144827004800102    
20161110144827004800031    
20161110144827004800041    
20161110144827004840525    
20161110144827004805022    
20161110144827004800571    
20161110144827004805081    
20161110144827004805032    
20161110144829005700033    
20161110144829005700042    
20161110144829005700105    
20161110144829005705122    
20161110144829005780012    
20161110144829005700061    
20161110144829005700072    
20161110145306021300221    
20161110145306021300571    
20161110145306021300301    
20161110145306021305021    
20161110145306021305032    
20161110145306021305042    
20161110145306021305121    
20161110145306021305152    
20161110145306021340112    
20161110145306021340141    
20161110145306021305202    
20161110145306021340524    
20161110145306021340532    
20161110145306021300076    
20161110145639000300102    
20161110145639000300031    
20161110145639000300041    
20161110145639000300571    
20161110145639000300062    
20161110145639000300073    
20161110145639000300021    
20161110145639000300201    
20161110145639000305124    
20161110145639000305162    
20161110145639000340528    
20161110150040006300021    
20161110150040006300037    
20161110150040006300043    
20161110150040006300066    
20161110150040006300076    
20161110150040006300081    
20161110150040006300109    
20161110150040006300203    
20161110150040006300213    
20161110150040006300221    
20161110150040006300242    
20161110150040006300301    
20161110150040006300401    
20161110150040006300421    
20161110150040006300581    
20161110150040006300721    
20161110150040006300751    
20161110150040006305011    
20161110150040006305023    
20161110150040006305038    
20161110150040006305042    
20161110150040006305081    
201611101500400063051210   
20161110150040006305143    
20161110150040006305154    
20161110150040006305164    
20161110150040006340114    
20161110150040006340171    
20161110150040006340391    
201611101500400063405310   
201611101500400063800112   
20161110150040006380026    
20161110150109003800032    
20161110150109003800042    
20161110150109003800104    
20161110150109003800631    
20161110150109003800202    
20161110150211025500102    
20161110150211025500031    
20161110150211025500041    
20161110150211025500221    
20161110150211025580012    
20161110150211025505031    
20161110150211025540021    
20161110150319027400102    
20161110150319027400031    
20161110150319027400041    
20161110150319027400081    
20161110150319027400076    
20161110150319027400401    
20161110150319027405045    
20161110150319027405081    
20161110150319027405152    
20161110150452003200105    
20161110150452003200033    
20161110150452003200042    
20161110150452003200571    
20161110150452003200401    
20161110150452003200221    
20161110150452003205172    
20161110150452003240112    
20161110150452003205023    
20161110150824008900033    
20161110150824008900042    
20161110150824008900105    
20161110150824008900081    
20161110150824008900073    
20161110150824008900063    
20161110150824008905042    
20161110150824008905033    
20161110150824008905021    
20161110150853026600102    
20161110150853026600031    
20161110150853026600041    
20161110150853026600201    
20161110150853026600211    
20161110150853026600591    
20161110150853026640523    
20161110150853026640534    
20161110150853026680012    
20161110150853026605021    
20161110150853026605141    
20161110150853026605151    
20161110150853026605161    
20161110151212015900102    
20161110151212015900031    
20161110151212015900041    
20161110151547014400036    
20161110151547014400044    
20161110151547014400571    
20161110151547014405021    
20161110151547014405151    
20161110151547014405162    
20161110151547014440021    
20161110151547014400061    
20161110151547014400071    
20161110151725026100031    
20161110151725026100041    
20161110151725026100103    
20161110151725026100072    
20161110151725026100062    
20161110151725026100771    
20161110151725026180011    
20161110151725026180021    
20161110151731027600032    
20161110151731027600042    
20161110151731027600571    
20161110151731027600105    
20161110151731027605142    
20161110151731027640525    
20161110151731027680014    
20161110151731027600062    
20161110151739002000031    
20161110151739002000041    
20161110151739002000102    
20161110151739002000401    
20161110151739002000571    
20161110151739002040533    
20161110151739002080024    
201611101518190077001013   
20161110151819007700037    
20161110151819007700045    
20161110151819007700571    
20161110151819007700064    
20161110151819007700072    
20161110151819007705204    
20161110151819007705011    
20161110151819007700212    
20161110151819007705083    
20161110152237025100101    
20161110152237025100041    
20161110152237025100062    
20161110152237025100073    
20161110152237025100021    
20161110152237025100201    
20161110152237025100731    
20161110152237025100581    
20161110152237025100441    
20161110152237025180014    
20161110152237025180024    
20161110152237025105021    
20161110152237025105032    
20161110152237025105121    
20161110152237025140391    
20161110152237025105201    
20161110152428007600031    
20161110152428007600041    
20161110152428007600102    
20161110152428007600061    
20161110152428007600071    
20161110152428007600571    
20161110152428007605032    
20161110152428007680014    
20161110152505022400104    
20161110152505022400032    
20161110152505022400042    
20161110152505022400062    
20161110152505022480014    
20161110152505022480024    
20161110152505022480032    
20161110152505022405162    
20161110152505022405152    
20161110152505022405042    
20161110152529004100104    
20161110152529004100032    
20161110152529004100042    
20161110152529004100081    
20161110152529004100061    
20161110152529004100071    
20161110152529004100231    
20161110152529004105021    
20161110152529004105031    
20161110152620026900103    
20161110152620026900032    
20161110152620026900041    
20161110152620026900061    
20161110152620026900072    
20161110152620026900021    
20161110152620026940533    
20161110152620026980014    
20161110152620026980022    
20161110152620026905152    
20161110152620026940131    
20161110152636013100102    
20161110152636013100031    
20161110152636013100042    
20161110152636013100072    
20161110152636013100301    
20161110152636013140523    
20161110152636013140535    
20161110152636013180014    
20161110152636013180041    
20161110152636013105211    
20161110152636013105031    
20161110152636013105142    
20161110152636013105152    
20161110152706023200109    
20161110152706023200035    
20161110152706023200043    
20161110152706023200062    
20161110152706023200074    
20161110152706023280018    
20161110152706023205032    
20161110152706023205123    
201611101527060232051510   
20161110152706023205162    
20161110152706023205172    
20161110152710007900106    
20161110152710007900032    
20161110152710007900042    
20161110152710007900061    
20161110152710007900072    
20161110152710007900021    
20161110152710007905032    
20161110152710007905152    
20161110152739022100108    
20161110152739022100035    
20161110152739022100043    
20161110152739022100401    
20161110152739022100072    
20161110152739022100571    
20161110152739022100061    
20161110152739022100241    
20161110152739022100301    
20161110152739022100221    
20161110152739022105032    
20161110152826018900031    
20161110152826018900041    
20161110152826018900211    
20161110152826018900221    
20161110152826018900301    
20161110152826018900102    
20161110152826018900081    
20161110152826018905021    
20161110152826018905122    
20161110152826018905141    
20161110152826018940112    
20161110152826018940523    
20161110152826018940533    
20161110152826018980024    
20161110152826018940391    
20161110152950023900103    
20161110152950023900032    
20161110152950023900041    
20161110152950023900072    
20161110152950023900211    
20161110152950023900401    
20161110152950023900581    
20161110152950023900591    
20161110152950023905123    
20161110153011022300102    
20161110153011022300031    
20161110153011022300041    
20161110153011022305121    
20161110153011022300571    
20161110153011022300071    
20161110153011022300061    
20161110153011022305202    
20161110153011022380014    
20161110153011022305081    
20161110153011022305021    
20161110153011022340525    
20161110153011022305172    
20161110153011022340391    
20161110153014010800105    
20161110153014010800033    
20161110153014010800042    
20161110153014010800071    
20161110153014010805011    
20161110153014010800061    
201611101530140108405310   
20161110153014010880014    
20161110153014010880021    
20161110153100028100105    
20161110153100028100032    
20161110153100028100042    
20161110153100028105202    
20161110153100028180024    
20161110153100028180014    
20161110153100028100571    
20161110153100028105021    
20161110153242022700104    
20161110153242022700032    
20161110153242022700042    
20161110153242022700221    
20161110153242022700771    
20161110153242022740535    
20161110153242022705141    
20161110153242022705171    
20161110153338009500104    
20161110153338009500033    
20161110153338009500042    
20161110153338009500401    
20161110153338009500072    
20161110153444026500031    
20161110153444026500041    
20161110153444026500721    
20161110153444026500751    
20161110153444026500102    
20161110153444026500281    
20161110153444026505161    
20161110153444026580012    
20161110153444026580021    
20161110153444026500061    
20161110153444026500071    
20161110153540023600081    
20161110153540023600062    
20161110153540023600072    
20161110153540023600571    
20161110153540023605081    
20161110153548016100081    
20161110153548016100072    
20161110153548016100021    
20161110153548016100201    
20161110153548016100211    
20161110153548016100231    
20161110153548016100281    
20161110153548016100752    
20161110153548016180022    
20161110153548016105081    
20161110153548016105122    
20161110153548016105152    
20161110153548016105162    
20161110153548016105173    
20161110153548016140171    
201611101535530157850018   
20161110153553015700102    
20161110153553015700035    
20161110153553015700044    
20161110153553015700571    
20161110153553015700061    
20161110153553015700073    
20161110153553015700212    
20161110153553015700221    
20161110153553015700771    
20161110153553015700421    
201611101535530157405310   
20161110153553015780018    
20161110153553015705022    
20161110153553015705033    
20161110153553015705042    
20161110153553015705146    
20161110153553015705152    
20161110153704022900104    
20161110153704022900032    
20161110153704022900042    
20161110153704022900062    
20161110153704022900211    
20161110153704022905021    
20161110153704022905042    
20161110153704022905081    
20161110153704022905142    
20161110153750025400081    
20161110153750025400061    
20161110153750025400072    
20161110153750025400201    
20161110153750025400211    
20161110153750025400221    
20161110153750025400241    
20161110153750025400751    
20161110153750025400771    
20161110153750025400401    
20161110153750025405031    
20161110153750025405042    
20161110153750025405121    
20161110153750025405141    
20161110153750025405153    
20161110153750025405174    
20161110153803019300104    
20161110153803019300032    
20161110153803019300042    
20161110153803019300571    
20161110153803019300081    
20161110153803019300061    
20161110153803019300071    
20161110153803019300201    
20161110153803019300211    
20161110153803019300221    
20161110153803019300301    
20161110153803019300721    
20161110153803019300772    
20161110153803019305021    
20161110153803019305032    
20161110153803019305042    
20161110153803019305152    
20161110153803019305161    
20161110153803019340111    
20161110153803019340535    
20161110153803019380013    
20161110153803019380022    
20161110153827003300104    
20161110153827003300032    
20161110153827003300041    
20161110153827003300071    
20161110153827003305011    
20161110153827003305021    
20161110153827003305031    
20161110153827003305172    
20161110154218001100108    
20161110154218001100034    
20161110154218001100044    
20161110154218001100072    
20161110154218001100243    
20161110154218001100771    
20161110154218001105152    
20161110154218001140525    
20161110154219009300571    
20161110154219009300076    
20161110154219009300202    
20161110154219009305026    
20161110154219009340392    
201611101542190093405540   
201611101542190093050410   
20161110154219009305152    
20161110154219009305164    
20161110154225023000731    
20161110154225023000033    
20161110154225023000042    
20161110154225023000106    
20161110154225023005122    
20161110154225023080014    
20161110154225023080024    
20161110154225023005032    
20161110154225023000061    
201611101542250230405510   
20161110154225023040211    
20161110154225023005141    
20161110154225023005151    
20161110154225023005172    
20161110154225023005081    
20161110154225023000631    
20161110154225023000072    
20161110154225023000581    
20161110154225023000441    
20161110154600013000107    
20161110154600013000034    
20161110154600013000043    
20161110154600013000571    
20161110154600013000212    
20161110154600013005021    
20161110154600013005125    
20161110154711021305152    
20161110154721009800032    
20161110154721009800042    
20161110154721009800061    
20161110154721009800072    
20161110154721009800105    
20161110154721009800201    
20161110154721009800211    
20161110154721009800231    
20161110154721009800401    
20161110154721009800571    
20161110154721009805021    
20161110154721009805032    
20161110154721009805122    
20161110154721009805153    
20161110154721009805163    
20161110154721009840522    
20161110154721009880012    
20161110154810010700033    
20161110154810010700043    
20161110154810010700106    
20161110154810010700731    
20161110154810010700571    
20161110154810010700072    
20161110154810010700062    
20161110154951024600106    
20161110154951024600041    
20161110154951024600081    
20161110154951024600071    
20161110154951024605123    
20161110154951024605151    
20161110154951024605172    
20161110154951024680012    
20161110155323012500102    
20161110155323012500031    
20161110155323012500041    
20161110155323012500071    
20161110155323012500221    
20161110155323012500771    
20161110155323012540525    
20161110155323012580014    
20161110155323012505021    
20161110155323012505043    
20161110155323012505121    
20161110155335026800104    
20161110155335026800032    
20161110155335026800042    
20161110155335026800571    
20161110155335026800073    
20161110155335026800751    
20161110155402026105161    
20161110155402026100571    
20161110155444006200102    
20161110155444006200032    
20161110155444006205024    
20161110155444006200631    
20161110155608013300106    
20161110155608013300033    
20161110155608013300043    
20161110155608013300401    
