20160320235043114816012    
20160320235043114816142    
20160320235043114820043    
20160320235043114823181    
20160320235043114823592    
20160320235043114823656    
20160320235043114823772    
20160320235043114823782    
20160320235043114823821    
20160320235043114824511    
201603202350431148265610   
20160320235043114826661    
20160320235043114828215    
20160320235043114840132    
20160320235043114850033    
20160320235043114862355    
20160320235043114868491    
20160320235043114888972    
20160320235043114888991    
20160320235043114889061    
20160320235043114889101    
20160320235043114889193    
20160320235043114889222    
20160320235043114889462    
20160320235043114889482    
20160320235043114889512    
20160320235043114889705    
20160320235043114889753    
20160320235043114889841    
20160320235043114890025    
201603202350431148900410   
20160320235043114890083    
20160320235043114890152    
20160320235043114890286    
20160320235043114890393    
20160320235043114890441    
