201605080105080207100160   
20160508010508020710181    
201605082031370186100120   
20160508203137018610061    
201605082146011614100160   
20160508214601161410062    
20160508214601161410132    
20160508214601161410283    
20160508220410017010141    
20160508220410017010181    
20160508220410017010134    
201605082204100170100140   
201605082250080240100160   
20160508225008024010134    
20160508225008024010061    
20160508225008024010571    
20160508225008024010101    
20160508225008024013691    
201605082312311444100140   
20160508231231144410243    
20160508231231144410283    
20160508234220144410131    
201605090011070244100140   
20160509001107024410071    
20160509001107024410121    
20160509001107024410132    
201605090019490584100160   
20160509001949058410071    
20160509001949058410134    
20160509001949058410221    
20160509001949058410631    
201605090046560564100140   
20160509004656056410132    
201605090051081394100120   
20160509005108139410292    
20160509005108139410301    
20160509005108139410311    
20160509005108139410141    
20160509005108139410431    
201605090051330156100120   
20160509005133015610061    
20160509005133015610141    
201605090109311334100160   
20160509010931133410132    
20160509010931133410302    
20160509010931133410312    
20160509010931133413691    
20160509012540026110062    
20160509012540026110182    
20160509012540026110221    
20160509012540026110401    
201605090136260884100160   
20160509013626088410061    
20160509013626088410131    
20160509013626088415991    
20160509013626088410401    
20160509013626088410111    
201605090143221824100180   
20160509014322182410062    
20160509014322182410132    
20160509014322182415992    
20160509014322182418291    
201605090157330230100180   
20160509015733023010061    
20160509015733023010101    
20160509015733023010134    
20160509015733023010295    
20160509015733023010261    
20160509015733023010571    
201605090201441554100160   
20160509020144155410132    
20160509020144155410295    
201605090207230914100180   
20160509020723091410062    
20160509020723091410132    
20160509020723091415992    
20160509020723091410221    
201605090219521094100160   
20160509021952109410101    
20160509021952109410111    
20160509021952109410133    
20160509021952109410181    
20160509021952109410221    
2016050902434802451001100  
20160509024348024510054    
20160509024348024510135    
20160509024348024510181    
20160509024348024510221    
20160509024348024510321    
20160509024348024510582    
201605090311591304100160   
20160509031159130410121    
20160509031159130410134    
20160509031159130410292    
201605090311591304105220   
201605090311591304105420   
20160509031159130413393    
201605090311591304186930   
201605090322520594100180   
201605090323151214100160   
20160509032315121410062    
20160509032315121410133    
20160509032315121410445    
20160509032315121413393    
20160509032315121418291    
201605090348500190100160   
20160509034850019010132    
20160509034850019013395    
