20161229212559032811053    
20161229212559032811071    
20161229212559032813011    
20161229212559032817351    
20161229212559032817421    
20161229212559032812134    
201612292315310123110110   
20161229231531012311052    
20161229231531012321011    
20161229231531012321031    
20161229231531012317641    
20161229235027033111025    
20161229235027033111052    
20161229235027033113084    
20161229235027033115042    
20161229235027033115051    
20161229235027033119091    
20161229235027033119131    
201612300037230156110220   
20161230003723015613011    
20161230003723015611054    
20161230003723015611062    
20161230003723015611081    
201612300043460001110110   
20161230004346000121011    
20161230004346000117642    
201612300043520088110120   
20161230004352008813011    
20161230004352008811051    
20161230004352008819221    
20161230004352008817281    
201612300044500303110210   
20161230004450030313011    
20161230004450030317421    
20161230004450030311165    
20161230004550030322041    
201612300052520210110220   
20161230005252021011054    
20161230005252021011065    
20161230005252021013012    
20161230005252021016021    
20161230005252021017351    
20161230005252021015135    
20161230005252021015143    
20161230005252021017451    
20161230005252021017471    
20161230005252021016101    
201612300059220069110210   
201612300059220069110310   
20161230005922006913011    
201612300100080197110210   
20161230010008019711061    
20161230010008019712134    
201612300104330343110210   
20161230010433034311053    
20161230010433034311261    
20161230010433034315061    
20161230010433034317252    
20161230010433034322041    
201612300105360242110210   
20161230010536024211055    
20161230010536024213012    
20161230010536024219201    
201612300107370011110110   
20161230010737001113011    
20161230010737001121011    
20161230010737001112122    
201612300107370011121316   
201612300109570190110120   
20161230010957019013012    
20161230010957019021061    
201612300118420041110510   
20161230011842004115063    
201612300125370237110310   
20161230012537023721061    
20161230012537023711073    
201612300134300247110210   
20161230013430024711063    
20161230013430024721031    
20161230013430024717451    
20161230013430024717131    
201612300139200284110210   
20161230013920028411052    
20161230013920028411061    
20161230013920028412142    
20161230013920028415061    
20161230013920028417421    
20161230013920028417451    
20161230014255008711052    
20161230014255008717031    
20161230014255008717041    
201612300146300071110210   
20161230014630007111063    
20161230014630007113011    
20161230014630007117291    
201612300146300071110310   
20161230014630007115061    
201612300147520065110110   
201612300154120345110210   
20161230015412034511051    
201612300154120345110310   
201612300157450055110110   
20161230015745005511052    
20161230015745005513011    
20161230015745005517031    
20161230020146006917031    
20161230023017008711061    
201612300235500185110210   
20161230023550018511063    
20161230023550018511051    
20161230023550018512136    
20161230023550018511081    
20161230023550018513011    
20161230023550018517011    
20161230023550018515061    
201612300244150076110210   
201612300248010279110310   
20161230024801027911053    
20161230024801027911062    
20161230024801027913011    
20161230024801027917451    
201612300253510115110310   
20161230025351011513011    
20161230025351011519231    
201612300256490029110210   
20161230025649002913011    
20161230025649002915061    
20161230025649002917041    
201612300302160116110110   
201612300330070264110220   
20161230033007026411053    
20161230033007026411061    
20161230033007026413011    
20161230033007026417301    
20161230033007026417351    
20161230033007026417421    
20161230034031022211025    
20161230034031022213011    
20161230034031022211035    
20161230034031022212136    
20161230034031022219231    
20161230034031022217281    
201612300347550073110210   
20161230034755007311065    
20161230034755007317031    
201612300356250327110210   
201612300356250327110310   
20161230035625032711054    
20161230035625032711061    
20161230035625032713011    
20161230035625032713083    
