20160514195728135410173    
20160514210400102710011    
20160514210400102710021    
20160514210400102720011    
20160515165641138510012    
20160515165641138510031    
20160515170214137210074    
20160515170214137210082    
20160515170214137230011    
20160515194358114810011    
20160515194358114820011    
20160515194358114830011    
20160515194415108610012    
20160515194415108610022    
20160515194415108620151    
20160515195442104910012    
20160515195442104910022    
20160515195442104910042    
20160515195442104920011    
20160515195442104920081    
20160515195442104920091    
20160515195442104920111    
20160515200336118410011    
20160515200336118410021    
20160515200336118420251    
20160515201807136610172    
20160515213401138610011    
20160515213401138620011    
20160515213401138610171    
20160515215304136410012    
20160515215304136410022    
20160515215304136420011    
20160515215304136410173    
20160515221452138310011    
20160515221452138310022    
20160515221452138310041    
20160515221535113210011    
20160515221535113210021    
20160515221535113220081    
20160515221535113230071    
20160515224839133610011    
20160515224839133610021    
20160515224839133610031    
20160515224839133610341    
20160515230356109410064    
20160515230803137610171    
20160515233417134310022    
20160515233417134310341    
20160515233417134310502    
20160515233417134320071    
20160515233417134320091    
20160515233817111210011    
20160515233817111210021    
20160515233817111220011    
20160515233817111230011    
20160515234523130810012    
20160515234523130810022    
20160515234523130820011    
20160515235445133810501    
20160515235445133810021    
20160515235445133810341    
20160515235445133820011    
20160515235445133820141    
20160515235547102010012    
20160515235547102010022    
20160515235547102010102    
20160515235547102010173    
20160515235547102020011    
20160515235906109110011    
20160515235906109110021    
20160515235906109110341    
20160515235906109120251    
20160515235906109120012    
20160516000120134710012    
20160516000120134710022    
20160516000120134720012    
20160516000120134710173    
20160516000120134710342    
20160516000328128110012    
20160516000328128110022    
20160516000328128110101    
20160516001432134110012    
20160516001432134110342    
20160516001432134150031    
20160516002018100210011    
20160516002018100210032    
20160516002251117210012    
20160516002251117210101    
20160516003915134210072    
20160516003915134210081    
20160516003915134210172    
20160516004939135410011    
20160516004939135410021    
20160516004939135410182    
20160516010255131510012    
20160516010255131510031    
20160516010255131510174    
20160516010255131510341    
20160516010255131520091    
20160516010255131520111    
20160516010255131550031    
20160516010327111410012    
20160516010327111410022    
201605160103271114101710   
20160516010327111410182    
20160516010327111410341    
20160516010327111420071    
20160516010327111420081    
20160516010327111430011    
20160516010327111430131    
20160516010327111450015    
20160516010327111450031    
20160516010327111450043    
20160516011503131510012    
20160516011503131510031    
20160516011503131510174    
20160516011503131510341    
20160516011503131550031    
20160516013607103310503    
20160516013607103310023    
20160516013607103310033    
20160516013607103320071    
20160516013947137510011    
20160516013947137510021    
20160516013947137510341    
20160516014022124510012    
20160516014022124510022    
20160516014022124510341    
20160516014022124520011    
20160516014022124520151    
20160516014022124530011    
20160516014346134010012    
20160516014346134010022    
20160516014346134010173    
20160516014346134030011    
20160516022845139310013    
20160516022845139310023    
20160516022845139310031    
20160516022845139310341    
20160516022845139320051    
20160516022845139320261    
20160516022845139330011    
