20161018053101141540002    
20161018053101141560002    
20161018053101141560101    
20161018053101141560381    
20161018053101141560411    
20161018053101141560601    
20161018084741510660321    
20161018084741510660331    
20161018102335021340011    
20161018102335021350101    
20161018102335021360001    
20161018102335021360331    
20161018102504531340001    
20161018102504531340011    
20161018102504531360321    
20161018102504531360341    
20161018103414320340021    
20161018103414320360331    
20161018103414320360381    
20161018103414320360461    
20161018103608012959961    
20161018103608012960011    
20161018103608012960111    
20161018103608012960331    
20161018103608012960381    
20161018103608012960392    
20161018110128500140021    
20161018110128500140031    
20161018110128500159991    
20161018110128500160061    
20161018110128500160091    
20161018110128500160111    
20161018110128500160301    
20161018110128500160311    
20161018110128500160331    
20161018110128500160392    
20161018110128500160601    
20161018110446811140001    
20161018110446811160001    
20161018110446811160091    
20161018110446811160381    
20161018110446811160461    
