201606202342260689001115   
20160621001818135400041    
20160621001818135401111    
201606210018181354001110   
20160621001818135401191    
201606210018200695001120   
20160621001820069500132    
20160621001820069500142    
20160621001820069500701    
20160621001820069502181    
201606210018200695060112   
201606210030221223001120   
20160621003022122300042    
20160621003022122300073    
20160621003022122306015    
20160621003022122301065    
20160621003022122300145    
20160621003022122300622    
20160621003022122300353    
20160621003022122301111    
20160621003022122302181    
20160621003022122300741    
20160621003022122300921    
201606210035210678000420   
20160621003521067801071    
20160621003521067801111    
20160621003521067802182    
201606210035210678060110   
201606210035210678007515   
20160621003553040000353    
201606210035530400005840   
20160621003553040000711    
20160621003553040001065    
20160621003553040001112    
201606210110321343000420   
20160621011032134301112    
20160621011032134300144    
20160621011032134306016    
20160621011032134300761    
20160621021714063001065    
201606210217140630000420   
20160621021714063000931    
20160621021714063001112    
201606210305360815000220   
20160621030536081506015    
201606210319180744000210   
20160621070846137400045    
20160621070846137400115    
20160621070846137400931    
201606210709270028008810   
201606210710022002003010   
20160621071002200200401    
201606210710022002005810   
20160621071002200200981    
20160621071002200201063    
201606210711102001001120   
20160621071110200100293    
20160621071110200100303    
20160621071110200100712    
20160621071110200100921    
20160621071110200100931    
20160621071110200101097    
20160621071110200101112    
20160621071110200102181    
201606210711102001060110   
20160621071219001600185    
201606210712190016007920   
201606210712441401007960   
201606210712441401008010   
201606210713520080000460   
20160621071352008000711    
20160621071352008001112    
20160621072607004401063    
20160621072607004403201    
