20160911210012605610072    
20160911210012605630043    
20160911210012605660052    
20160911210012605660082    
20160911211559603930034    
20160911211559603960091    
20160911211559603960052    
20160911211559603930252    
20160911211559603910041    
20160911211559603910053    
20160911211559603950021    
20160911211559603950031    
20160911211559603970131    
20160911211559603930282    
20160911211559603910061    
20160911211559603910071    
20160911211559603940112    
20160911211559603940011    
20160911215532506110041    
20160911215532506110054    
20160911215532506130031    
20160911215532506130043    
20160911215532506130282    
20160911215532506150031    
20160911215640603210011    
20160911215640603210051    
20160911215640603210061    
20160911215640603250031    
20160911223103508310012    
20160911223103508310041    
20160911223103508310051    
20160911223103508310071    
20160911223103508330032    
20160911223103508330043    
20160911223103508330061    
20160911223103508330122    
20160911223103508330281    
20160911223103508340113    
20160911223103508350021    
20160911233039605512571    
20160911233039605530032    
20160911233039605550021    
20160911233039605550031    
20160911233039605560051    
20160911234450508110031    
20160911234450508130031    
20160911234450508130261    
20160911234450508130331    
20160911234450508130351    
20160911234450508140051    
20160911234450508150021    
20160911234450508170021    
20160911234450508170131    
20160912001827509210051    
20160912001827509230031    
20160912001827509230141    
20160912001827509230281    
20160912001827509230351    
20160912001827509230422    
20160912001827509240051    
20160912001827509250021    
20160912001827509250031    
20160912001827509260031    
20160912014022509610051    
20160912014022509630031    
20160912014022509630281    
20160912014022509640081    
20160912014022509650021    
20160912014022509650031    
20160912014022509660121    
20160912014022509660221    
20160912014022509670021    
20160912021742500610052    
20160912021742500610061    
20160912021742500610072    
20160912021742500630031    
20160912021742500630043    
20160912021742500630122    
20160912030509609410051    
20160912030509609430031    
20160912030509609430261    
20160912035011301710041    
20160912035011301710052    
20160912035011301730033    
20160912035011301730141    
20160912035011301750021    
20160912035011301760031    
