20161219203248502220015    
201612192052196062200110   
20161219205219606220151    
20161219210053100220014    
20161219210053100220621    
20161219222644609920013    
20161219222644609920065    
20161219222644609920072    
20161219222644609920412    
20161219223332603020011    
20161219223332603020061    
20161219223332603020301    
20161219231327606920012    
20161219231327606920681    
20161220010619505220061    
20161220010619505240251    
20161220010651607020012    
20161220010651607020072    
20161220010651607020061    
20161220015116606020015    
20161220015116606020073    
20161220015116606020701    
20161220015116606020811    
20161220015116606040191    
20161220033920604220012    
20161220033920604220061    
