20160622143441700560854    
20160622143441700570642    
20160622143441700580022    
20160622143441700580031    
20160622143441700580044    
20160622143441700580054    
20160622143441700580082    
20160622143441700580231    
20160622143441700580262    
201606222020521241010140   
20160622202052124101081    
20160622202052124103011    
20160622202052124103082    
20160622202052124101445    
201606222020521241025210   
20160622202222124102222    
20160622202222124102282    
20160622205319504860015    
20160622205319504860031    
20160622205319504860041    
20160622205319504860411    
20160622205319504861007    
201606222135591305010113   
20160622213559130502114    
20160622213559130501211    
20160622213559130501355    
201606222323101306010110   
20160622232310130613051    
20160622232310130602825    
201606222338311251010115   
201606222338311251014410   
20160622233831125102071    
20160622233831125102175    
20160622233831125103081    
201606222353281205010125   
20160622235328120501061    
20160622235328120501191    
20160622235328120502115    
20160622235328120502221    
20160622235328120502522    
20160622235328120503081    
20160622235328120560981    
201606230034491212010120   
20160623003449121201041    
20160623003449121201051    
20160623003449121201131    
20160623003449121202072    
20160623003449121202115    
20160623003449121202281    
20160623003449121201445    
201606230034491212025210   
20160623004046130201015    
20160623004046130201041    
20160623004046130202112    
20160623004046130201211    
20160623004046130201473    
20160623004046130202822    
20160623004240126201142    
20160623004240126201191    
20160623004240126201442    
20160623004240126202072    
20160623004240126202222    
20160623004240126202281    
20160623004240126202521    
20160623004240126203011    
20160623004240126203051    
20160623004240126203071    
201606230042401262031710   
20160623004240126260012    
20160623004240126260981    
20160623004835129601391    
20160623004835129602173    
20160623004835129602203    
20160623004835129602831    
20160623004835129660271    
20160623005142126301052    
20160623005142126301071    
20160623005142126303082    
20160623005142126302282    
20160623005142126302293    
20160623005142126301445    
201606230051421263014710   
201606230224151290010130   
20160623022415129001051    
20160623022415129001141    
20160623022415129002071    
20160623022415129003071    
20160623022415129003081    
20160623022415129002117    
20160623022415129002203    
20160623022415129002173    
20160623022415129013111    
20160623022415129001475    
20160623022415129001483    
201606230225041300010130   
20160623022504130001131    
20160623022504130013031    
20160623022504130003072    
20160623022504130001201    
20160623022504130002221    
20160623022504130060011    
20160623022504130060331    
20160623022504130002581    
20160623022504130002611    
20160623022504130002781    
20160623022504130002845    
20160623022538129001391    
20160623022653129003071    
20160623022653129003081    
201606230346311310010120   
20160623034631131001051    
20160623034631131001062    
20160623034631131001081    
20160623034631131002071    
20160623034631131003011    
20160623034631131023141    
20160623034631131003082    
20160623034631131001203    
20160623034631131002281    
201606230346311310014410   
20160623034631131001475    
20160623034631131002771    
201606230413111309010150   
20160623041311130901041    
20160623041311130901131    
20160623041311130901142    
20160623041311130903011    
20160623041311130903082    
20160623041311130913081    
20160623041311130902165    
20160623041311130902241    
20160623041311130902281    
20160623041311130901355    
20160623041311130901443    
20160623041311130902771    
20160623041311130902845    
201606230509121237010160   
20160623050912123701071    
20160623050912123701131    
20160623050912123701142    
20160623050912123702071    
20160623050912123703011    
20160623050912123703062    
20160623050912123703071    
20160623050912123703081    
20160623050912123713081    
20160623050912123701201    
201606230509121237021117   
20160623050912123702221    
20160623050912123703176    
20160623050912123701342    
20160623050912123701391    
20160623050912123702341    
20160623050912123701448    
20160623050912123702524    
20160623050912123701473    
20160623050912123701482    
