20161226211516600114043    
20161226211516600114211    
20161226211516600114225    
20161226211516600115172    
20161226211516600115301    
20161226211516600115314    
20161226211516600150122    
20161226211516600152252    
201612262117121128100010   
20161226211712112813041    
20161226211712112813051    
201612262128191017100040   
201612262133427001120030   
201612262133427001120950   
20161226213342700113031    
20161226213342700113054    
201612262133427001133024   
201612262133427001140110   
20161226213342700114044    
20161226213342700114062    
20161226213342700114102    
20161226213342700114204    
201612262133427001160210   
20161226213342700116052    
20161226213342700130052    
20161226213342700130085    
20161226213342700150018    
20161226213342700150125    
20161226213342700151002    
20161226213342700151012    
20161226213342700151021    
201612262133427001510520   
201612262133427001600110   
201612262159541143100010   
201612262254044004100010   
20161227080912700115175    
20161227085355400213052    
201612270925121047100010   
20161227093422350013304    
201612270934223500133112   
20161227093422350014173    
20161227093422350014181    
20161227093422350052002    
201612270935521069100040   
201612271003331043100015   
20161227100333104313021    
20161227101544117213022    
20161227101544117213082    
20161227101544117214003    
20161227101544117214024    
20161227101544117216033    
20161227102406114717011    
201612271024581063100030   
20161227102458106312075    
201612271024581063120910   
20161227102458106314003    
20161227102458106316022    
20161227102458106316031    
20161227103915700451052    
201612271039171027100030   
201612271047341141100010   
201612271047341141100110   
20161227104758116712083    
201612271047581167120920   
20161227104758116713091    
20161227104758116714022    
201612271100441165100020   
20161227110044116512073    
20161227110044116512134    
20161227110044116514004    
20161227110044116516011    
20161227110139112012063    
20161227110139112013071    
20161227110139112013081    
20161227110139112013311    
20161227110139112014023    
20161227110139112014032    
20161227110139112014091    
201612271102251005100030   
20161227110225100513011    
20161227110508112015053    
201612271115041045100010   
20161227112315103713031    
20161227112315103717061    
20161227112315103717071    
201612271314221169100010   
20161227131422116913021    
20161227131422116913074    
201612271321351034100010   
20161227132135103413021    
20161227133058700251052    
201612271331063001151710   
201612271343401130100020   
20161227134340113013031    
20161227134340113017041    
20161227134712700431001    
20161227134723111713092    
20161227134723111714026    
20161227134723111714041    
20161227134723111715053    
20161227134723111716031    
201612271348051110100010   
20161227134921110313052    
20161227134931400413051    
20161227134931400413091    
