20160512085345141540001    
20160512085345141540021    
20160512085345141540031    
20160512085345141560091    
20160512085345141560351    
20160512085345141560382    
20160512085345141560411    
20160512091949141560591    
20160512092025042440011    
20160512092025042449971    
20160512092025042450011    
20160512092025042450121    
20160512092025042450291    
20160512092025042460001    
20160512092025042460111    
20160512092025042460392    
20160512092320042240021    
20160512092320042250151    
20160512092320042250291    
20160512092320042260321    
20160512092320042260591    
20160512092518570240001    
20160512092518570240011    
20160512092518570259991    
20160512092518570260391    
