201608290947487997000724   
20160829094748799700401    
201608290947487997990148   
201608290947487997990236   
20160829095049800000402    
20160829095049800000452    
20160829095049800000732    
201608290950498000990166   
201608290950498000990218   
201608290958207995000730   
201608290958207995990142   
201608290958207995990242   
20160829105559802000107    
20160829105559802000034    
20160829105559802000043    
20160829105559802000201    
20160829105559802000221    
20160829105559802000751    
20160829105559802005022    
201608291055598020050710   
20160829105559802005124    
20160829105559802005132    
20160829105559802005151    
20160829105559802040391    
20160829111545802600402    
20160829111545802600731    
201608291115458026000730   
201608291115458026990148   
201608291115458026990248   
20160829111551024700103    
20160829111551024700032    
20160829111551024700041    
20160829111551024700201    
20160829111551024700212    
20160829111551024700301    
20160829111551024740533    
20160829111551024705121    
20160829111551024705151    
20160829111551024705163    
20160829111551024705201    
20160829111932800200246    
20160829111932800200755    
201608291119328002002818   
201608291119328002050316   
201608291119328002050410   
201608291119328002051510   
20160829111932800240145    
20160829111932800200066    
20160829111932800200076    
201608291119328002990130   
201608291119328002990212   
20160829112359801900104    
20160829112359801900032    
20160829112359801900042    
20160829112359801900571    
20160829112359801900061    
20160829112359801900203    
20160829112359801900401    
20160829112359801905032    
20160829112359801905123    
20160829112359801905152    
20160829112359801905176    
20160829112359801900591    
20160829112359801900441    
20160829112430802200103    
20160829112430802200032    
20160829112430802200041    
20160829112430802200061    
20160829112430802200071    
20160829112430802200241    
20160829112430802200721    
20160829112430802205021    
20160829112430802205031    
20160829112430802205041    
20160829112430802205141    
20160829112430802205151    
20160829112430802205162    
20160829114844023700103    
20160829114844023700032    
20160829114844023700041    
20160829114844023700061    
20160829114844023700071    
20160829114844023700241    
20160829114844023700281    
20160829114844023740525    
20160829114844023740534    
20160829114844023705031    
20160829114844023705123    
20160829114844023705151    
20160829114844023705161    
20160829114844023705201    
20160829130231801400033    
20160829130231801400042    
20160829130231801400202    
20160829130231801400401    
20160829130231801400581    
20160829130231801400105    
20160829130231801405021    
20160829130231801405032    
20160829130231801405041    
20160829130231801405123    
20160829130231801405152    
20160829130231801405172    
20160829130231801405201    
20160829130231801440211    
20160829130231801480031    
20160829130231801400061    
20160829130231801400072    
20160829132607802500033    
20160829132607802500042    
20160829132607802500251    
20160829132607802500571    
20160829132607802500108    
20160829132607802505122    
20160829132607802505152    
20160829132607802500062    
20160829132607802500073    
20160829132607802540391    
20160829133642027700104    
20160829133642027700032    
20160829133642027700042    
20160829133642027700571    
20160829133642027700081    
20160829133642027700131    
20160829133642027700071    
20160829133642027700212    
20160829133642027700221    
201608291336420277405310   
20160829133642027740212    
201608291336420277405510   
20160829133642027780014    
20160829133642027705021    
20160829133642027705032    
20160829133642027705042    
20160829133642027705123    
20160829133642027705151    
20160829133642027705162    
20160829133642027705201    
20160829133642027740121    
20160829133708801700037    
20160829133708801700045    
20160829133708801700202    
20160829133708801700211    
20160829133708801700221    
20160829133708801700231    
20160829133708801700241    
20160829133708801700401    
20160829133708801700441    
20160829133708801700451    
20160829133708801700571    
20160829133708801700631    
20160829133708801700721    
20160829133708801700731    
20160829133708801700751    
20160829133708801700301    
201608291337088017001012   
20160829133708801705011    
20160829133708801705022    
20160829133708801705034    
20160829133708801705043    
20160829133708801705082    
20160829133708801705124    
20160829133708801705141    
20160829133708801705151    
20160829133708801705162    
20160829133708801740112    
20160829133708801740171    
20160829133708801705204    
20160829133708801780041    
20160829133708801700062    
20160829133708801700073    
20160829134606801500036    
20160829134606801500046    
20160829134606801500201    
20160829134606801500241    
201608291346068015001013   
20160829134606801505021    
20160829134606801505032    
20160829134606801505045    
20160829134606801505081    
20160829134606801505125    
20160829134606801505151    
20160829134606801505173    
20160829134606801540113    
20160829134606801540131    
20160829134606801505203    
20160829134606801540213    
201608291346068015405310   
20160829134606801500072    
20160829135433003200032    
20160829135433003200041    
20160829135433003200074    
20160829135433003200221    
20160829135433003205033    
20160829135433003205152    
20160829135433003205173    
20160829135433003200103    
20160829140206015900105    
20160829140206015900032    
20160829140206015900042    
20160829140720019800038    
20160829140720019800049    
201608291407200198001015   
20160829140720019800571    
20160829141210020700105    
20160829141210020700033    
20160829141210020700042    
20160829141210020700571    
20160829141210020700061    
20160829141210020700072    
20160829141210020700201    
20160829141210020700211    
20160829141210020700431    
20160829141210020700441    
20160829141210020740527    
20160829141210020740537    
20160829141210020780012    
20160829141210020780021    
20160829141210020705141    
20160829141210020740112    
20160829141210020740121    
20160829142551006600035    
20160829142551006600045    
201608291425510066001011   
20160829142647799800076    
20160829142647799800726    
20160829142647799800771    
20160829142647799899016    
20160829142647799899026    
20160829142702015600106    
20160829142702015600033    
20160829142702015600041    
20160829142702015600063    
20160829142702015600071    
20160829142702015600202    
20160829142702015600221    
20160829142702015600241    
20160829142702015600771    
20160829142702015600491    
20160829142702015640523    
20160829142702015640532    
20160829142702015605021    
20160829142702015605034    
20160829142702015605042    
20160829142702015605081    
20160829142702015605123    
20160829142702015605141    
20160829142702015605153    
20160829142702015605164    
20160829142702015605202    
20160829142818027600031    
20160829142818027600571    
20160829142818027600101    
20160829142818027605075    
20160829142818027640131    
20160829142818027680014    
20160829142818027640391    
20160829142847007600032    
20160829142847007600041    
20160829142847007600103    
20160829142847007600061    
20160829142847007605041    
20160829142847007640211    
20160829142847007600241    
20160829142936801300062    
20160829142936801300401    
20160829142936801300581    
20160829142941007900105    
20160829142941007900033    
20160829142941007900042    
20160829142941007900081    
20160829142941007900061    
20160829142941007900073    
20160829142941007900731    
20160829142941007905032    
20160829142941007905151    
201608291430597996000748   
20160829143059799600401    
20160829143059799600731    
20160829143637002700201    
20160829143637002700032    
20160829143637002700042    
20160829143637002700104    
20160829143936012500101    
20160829143936012500031    
20160829143936012505121    
20160829143936012505203    
20160829144111800000021    
20160829144111800000037    
20160829144111800000045    
201608291441118000000613   
201608291441118000000718   
20160829144111800000082    
201608291441118000001013   
20160829144111800000206    
20160829144111800000215    
20160829144111800000221    
20160829144111800000232    
20160829144111800000241    
20160829144111800000283    
20160829144111800000301    
20160829144111800000402    
20160829144111800000572    
20160829144111800000581    
20160829144111800000592    
20160829144111800000725    
20160829144111800000751    
20160829144111800000772    
20160829144111800005022    
20160829144111800005031    
20160829144111800005046    
201608291441118000050710   
20160829144111800005146    
201608291441118000051514   
20160829144111800005179    
20160829144111800040117    
20160829144111800040121    
20160829144111800040172    
201608291441118000405225   
201608291441118000405365   
20160829144111800080031    
201608291441118000850017   
201608291441118000990112   
20160829144111800099026    
20160829144605802800033    
20160829144605802800043    
20160829144605802800203    
20160829144605802800573    
20160829144605802800106    
20160829144605802800771    
20160829144605802805122    
20160829144605802880022    
20160829144605802880041    
20160829144605802800075    
20160829144852801800103    
20160829144852801800032    
20160829144852801800041    
20160829144852801800572    
20160829144852801800201    
20160829144852801800211    
20160829144852801800241    
20160829144852801840525    
20160829144852801840537    
20160829144852801805021    
20160829144852801805031    
20160829144852801805041    
20160829144852801805121    
20160829144852801805141    
20160829144852801805151    
20160829144852801805161    
20160829144852801800071    
20160829145006802805083    
201608291450540248001016   
20160829145054024800038    
20160829145054024800047    
20160829145054024800572    
20160829145054024800082    
20160829145054024800066    
20160829145054024800072    
20160829145054024800202    
20160829145054024800631    
20160829145054024805041    
20160829145054024805143    
201608291450540248051510   
20160829145054024805163    
20160829145119021300021    
20160829145119021300202    
20160829145119021300211    
20160829145119021300221    
20160829145119021300241    
20160829145119021300251    
20160829145119021305021    
20160829145119021305032    
20160829145119021305042    
20160829145119021305081    
20160829145119021305123    
20160829145119021305152    
20160829145119021340143    
20160829145119021305202    
201608291451190213405315   
20160829145119021300062    
20160829145119021300076    
20160829145119021340391    
20160829145147000300108    
20160829145147000300035    
20160829145147000300043    
20160829145147000300062    
20160829145147000300073    
20160829145147000300201    
20160829145147000300731    
20160829145147000305041    
201608291451470003050710   
20160829145147000305124    
20160829145147000305132    
20160829145147000305161    
20160829145350801600035    
20160829145350801600044    
20160829145350801600202    
20160829145350801600211    
20160829145350801600242    
20160829145350801600401    
20160829145350801600571    
20160829145350801600581    
20160829145350801600591    
20160829145350801600731    
201608291453508016001010   
20160829145350801600081    
20160829145350801600771    
20160829145350801605011    
20160829145350801605034    
20160829145350801605042    
20160829145350801605122    
20160829145350801605152    
20160829145350801605162    
20160829145350801640021    
20160829145350801640112    
20160829145350801640171    
201608291453508016405210   
20160829145350801600062    
20160829145350801600071    
20160829145350801640391    
20160829145516003800631    
20160829145516003800033    
20160829145516003800042    
20160829145516003800106    
20160829145516003800062    
20160829145516003805041    
20160829145516003805163    
20160829145516003805075    
20160829145516003800241    
201608291456300077001011   
20160829145630007700036    
20160829145630007700043    
20160829145630007700571    
20160829145630007700072    
20160829145630007740525    
20160829145630007700211    
20160829145631019600031    
20160829145631019600041    
20160829145631019600201    
20160829145631019600211    
20160829145631019600571    
20160829145631019600102    
20160829145631019605041    
20160829145631019640121    
201608291456310196405210   
201608291456310196405310   
201608291456310196405510   
20160829145631019600072    
20160829145828802100031    
20160829145828802100042    
20160829145828802100202    
20160829145828802100104    
20160829145828802105123    
20160829145828802105163    
20160829145828802140113    
20160829145828802140391    
20160829145838026500021    
20160829145838026500031    
20160829145838026500041    
20160829145838026500571    
20160829145838026500102    
20160829145838026500281    
20160829145838026505041    
20160829145838026505121    
20160829145838026505162    
20160829145838026540531    
20160829145838026580012    
20160829145838026500061    
20160829145917007200105    
20160829145917007200033    
20160829145917007200042    
20160829145917007200401    
201608291501070144001010   
20160829150107014400035    
20160829150107014400044    
20160829150107014400571    
20160829150107014400071    
20160829150107014400241    
20160829150107014400211    
20160829150107014405021    
20160829150107014405151    
20160829150107014400021    
20160829150107014405162    
20160829150121018900021    
20160829150121018900032    
20160829150121018900041    
20160829150121018900591    
20160829150121018900103    
20160829150121018900081    
20160829150121018905075    
20160829150121018905122    
20160829150121018905202    
20160829150121018980024    
20160829150138802300107    
20160829150138802300034    
20160829150138802300043    
20160829150138802300064    
20160829150138802300072    
20160829150138802300202    
20160829150138802300211    
20160829150138802300221    
20160829150138802300241    
20160829150138802340535    
20160829150138802305011    
20160829150138802305024    
20160829150138802305035    
20160829150138802305043    
201608291501388023050720   
20160829150138802305123    
20160829150138802305132    
20160829150138802305173    
20160829150138802305201    
20160829150138802340021    
20160829150138802340121    
20160829150138802340391    
20160829150156013900102    
20160829150156013900031    
20160829150156013900041    
20160829150156013905041    
20160829150156013905141    
20160829150156013940525    
20160829150254011400032    
20160829150254011400041    
20160829150254011400103    
20160829150304027400103    
20160829150304027400031    
20160829150304027400042    
20160829150304027405081    
20160829150304027405152    
20160829150357027000101    
20160829150357027000041    
20160829150357027000061    
20160829150357027000281    
20160829150357027005011    
201608291503570270051310   
201608291503570270050710   
20160829150508801505141    
20160829150508801505151    
20160829150508801505171    
20160829150635008900033    
20160829150635008900042    
20160829150635008900105    
20160829150635008900071    
20160829150635008900061    
20160829150635008905022    
20160829150635008900211    
20160829150635008905152    
20160829150635008905172    
20160829150635008905032    
20160829151001008700034    
20160829151001008700042    
20160829151001008700201    
20160829151001008700211    
20160829151001008700721    
20160829151001008700731    
20160829151001008700751    
20160829151001008700107    
20160829151001008705041    
20160829151001008705123    
20160829151001008705151    
20160829151001008705161    
20160829151001008740522    
20160829151001008740532    
20160829151001008700061    
20160829151001008740391    
20160829151003800800403    
20160829151003800800441    
20160829151003800800452    
20160829151003800800732    
201608291510038008000760   
2016082915100380089901120  
201608291510038008990290   
20160829151120800900732    
201608291511208009000730   
201608291511208009990190   
201608291511208009990260   
20160829151139025500102    
20160829151139025500031    
20160829151139025500041    
20160829151139025500061    
20160829151139025500071    
20160829151139025540201    
20160829151139025580014    
20160829151139025505121    
20160829151139025540021    
20160829151233802400102    
20160829151233802400031    
20160829151233802400041    
20160829151233802400081    
20160829151233802400061    
20160829151233802400211    
20160829151233802400221    
20160829151233802400301    
20160829151233802400632    
20160829151233802400721    
20160829151233802405021    
20160829151233802405042    
20160829151233802405153    
20160829151233802405171    
20160829151415002000031    
20160829151415002000041    
20160829151415002000104    
20160829151415002000072    
20160829151415002005041    
20160829151415002000211    
201608291514150020405310   
20160829151455006300037    
20160829151455006300044    
20160829151455006300064    
20160829151455006300081    
201608291514550063001011   
20160829151455006300201    
20160829151455006300212    
20160829151455006300221    
20160829151455006300421    
20160829151455006300451    
20160829151455006300582    
20160829151455006300631    
20160829151455006300721    
20160829151455006300771    
20160829151455006305023    
20160829151455006305034    
20160829151455006305125    
20160829151455006305152    
20160829151455006305166    
20160829151455006340113    
20160829151455006340141    
20160829151455006340391    
201608291514550063800112   
20160829151455006380022    
20160829151455006380041    
20160829151716008200032    
20160829151716008200041    
20160829151716008200103    
20160829151716008200062    
20160829151716008200571    
20160829151716008205152    
20160829151716008205173    
20160829151716008205081    
20160829151739010905172    
20160829151739010905042    
20160829151739010900062    
20160829151739010900032    
20160829151739010900041    
20160829151739010900105    
20160829151739010980012    
20160829151739010900771    
20160829151901005700032    
20160829151901005700041    
20160829151901005700103    
20160829151901005705121    
20160829151901005705161    
20160829151901005700071    
20160829151901005780011    
20160829151901005705073    
20160829151901005740552    
20160829152012009500106    
20160829152012009500033    
20160829152012009500043    
20160829152012009500062    
20160829152012009505081    
20160829152052020100101    
20160829152052020100031    
20160829152052020100571    
20160829152052020105042    
20160829152052020105152    
20160829152052020140112    
20160829152413027900102    
20160829152413027900031    
20160829152413027900041    
20160829152413027940523    
20160829152413027940533    
20160829152413027980014    
20160829152413027980041    
20160829152413027905022    
20160829152413027905041    
20160829152413027905161    
20160829152413027940391    
20160829152425008700076    
20160829152532019300105    
20160829152532019300032    
20160829152532019300042    
20160829152532019300571    
20160829152532019300061    
20160829152532019300071    
20160829152532019300201    
20160829152532019300211    
20160829152532019300221    
20160829152532019300281    
20160829152532019300721    
20160829152532019340525    
20160829152532019380014    
20160829152532019305021    
20160829152532019305042    
20160829152532019305161    
20160829152532019340111    
20160829152624004100104    
20160829152624004100032    
20160829152624004100042    
20160829152624004100062    
20160829152624004100072    
20160829152624004100211    
20160829152624004100401    
20160829152624004105021    
20160829152624004105031    
20160829152740022900105    
20160829152740022900033    
20160829152740022900042    
20160829152740022900071    
20160829152740022905011    
20160829152740022905021    
20160829152740022905043    
20160829152740022905081    
20160829152740022905142    
20160829152810024000073    
20160829152810024000066    
20160829152810024000102    
20160829152810024000233    
20160829152810024000242    
20160829152810024000251    
20160829152810024005081    
20160829152810024000201    
20160829153003004800103    
20160829153003004800032    
20160829153003004800041    
20160829153003004800401    
20160829153003004805153    
20160829153003004805042    
20160829153003004805022    
20160829153131025100102    
20160829153131025100031    
20160829153131025100041    
20160829153131025100021    
20160829153131025100201    
20160829153131025100241    
20160829153131025180022    
20160829153131025105032    
20160829153131025105121    
20160829153131025140011    
20160829153131025140141    
20160829153131025140391    
20160829153241003300104    
20160829153241003300032    
20160829153241003300042    
20160829153241003300071    
20160829153241003300401    
20160829153241003300441    
20160829153241003305032    
20160829153338025800033    
20160829153338025800042    
20160829153338025800201    
20160829153338025800221    
20160829153338025800571    
20160829153338025800106    
20160829153338025805081    
20160829153338025840021    
20160829153338025805203    
20160829153338025800062    
20160829153338025800073    
20160829153426026100031    
20160829153426026100101    
20160829153426026105151    
20160829153426026105162    
20160829153426026105021    
20160829153426026140532    
20160829153426026180023    
20160829153545023000032    
20160829153545023000042    
20160829153545023000104    
20160829153545023005122    
20160829153545023080014    
20160829153545023080024    
20160829153545023005032    
20160829153545023005021    
20160829153545023005141    
20160829153545023005172    
20160829153545023000212    
20160829153545023000202    
20160829153545023000241    
20160829153545023080041    
20160829153601013400105    
20160829153601013400032    
20160829153601013400042    
20160829153601013400201    
20160829153601013400211    
20160829153601013400721    
20160829153601013405041    
20160829153601013405152    
20160829153601013405162    
20160829153624024600104    
20160829153624024600034    
20160829153624024600043    
20160829153624024600771    
20160829153624024605042    
20160829153624024605124    
20160829153624024605171    
20160829153624024605151    
20160829153635022400104    
20160829153635022400032    
20160829153635022400042    
20160829153635022400281    
20160829153635022405032    
20160829153635022405162    
20160829153635022480014    
20160829153703023200108    
20160829153703023200035    
20160829153703023200043    
20160829153703023200061    
20160829153703023200073    
20160829153703023200202    
20160829153703023200282    
20160829153703023200772    
201608291537030232800112   
20160829153703023205032    
20160829153703023205124    
20160829153703023205142    
20160829153703023205154    
20160829153703023205163    
20160829153703023205173    
20160829153703023205203    
20160829153706026700102    
20160829153706026705121    
20160829153706026705151    
20160829153706026705161    
20160829153706026705201    
20160829153706026780011    
20160829153706026780021    
20160829153819016900102    
20160829153819016900031    
20160829153819016900041    
20160829153819016900061    
20160829153819016900072    
20160829153819016900493    
20160829153819016940527    
20160829153819016940537    
20160829154048001100108    
20160829154048001100034    
20160829154048001100044    
20160829154048001100071    
20160829154048001100571    
20160829154048001100241    
20160829154100010700107    
20160829154100010700033    
20160829154100010700044    
20160829154100010700571    
20160829154100010700073    
20160829154100010700451    
20160829154100010700731    
20160829154146022100106    
20160829154146022100033    
20160829154146022100043    
20160829154146022100571    
20160829154146022100062    
20160829154146022100071    
20160829154146022100242    
20160829154146022100282    
20160829154146022105081    
20160829154146022105032    
20160829154147022300101    
20160829154147022300041    
20160829154147022305122    
20160829154147022300571    
20160829154147022300211    
20160829154147022380012    
20160829154147022300241    
20160829154147022300201    
20160829154147022340171    
20160829154147022305172    
20160829154147022300062    
20160829154208026900102    
20160829154208026900032    
20160829154208026900041    
20160829154208026900571    
20160829154208026900021    
20160829154208026900201    
20160829154208026900241    
20160829154208026900251    
20160829154208026900581    
20160829154208026940523    
20160829154208026940535    
20160829154208026940555    
20160829154208026980013    
20160829154208026905021    
20160829154208026905075    
20160829154208026905132    
20160829154208026905171    
20160829154208026940112    
20160829154208026940121    
20160829154245023900103    
20160829154245023900032    
20160829154245023900041    
20160829154245023900061    
20160829154245023900071    
20160829154245023900201    
20160829154245023900211    
20160829154245023900221    
20160829154245023900451    
20160829154245023905022    
20160829154245023905122    
20160829154304013100104    
20160829154304013100032    
20160829154304013100042    
20160829154304013100061    
20160829154304013100202    
20160829154304013100212    
20160829154304013100221    
20160829154304013100242    
20160829154304013140525    
20160829154304013140535    
20160829154304013180014    
20160829154304013180024    
20160829154304013180031    
20160829154304013105021    
20160829154304013105031    
20160829154304013105042    
20160829154304013105081    
20160829154304013105142    
20160829154304013105152    
20160829154304013105162    
20160829154304013140111    
20160829154323021300571    
20160829154339006700031    
20160829154339006700041    
20160829154339006700103    
20160829154339006700571    
20160829154339006705151    
20160829154339006740523    
20160829154339006740533    
20160829154558026600103    
20160829154558026600032    
20160829154558026600041    
20160829154558026600571    
20160829154558026600061    
20160829154558026600021    
20160829154558026600211    
20160829154558026680012    
20160829154558026605021    
20160829154558026605151    
20160829154558026605161    
20160829154558026640391    
20160829154558026605202    
20160829154558026600771    
20160829154558026600581    
20160829154558026600731    
20160829154843022700103    
20160829154843022700032    
20160829154843022700042    
20160829154843022700201    
20160829154843022700211    
20160829154843022700731    
20160829154843022705121    
20160829154843022705141    
20160829154843022705151    
20160829154843022740533    
20160829155201016300102    
20160829155201016300031    
20160829155201016300041    
20160829155201016300071    
20160829155201016300421    
20160829155201016300581    
20160829155201016305031    
20160829155201016305041    
20160829155201016305122    
20160829155201016305141    
20160829155201016305151    
20160829155201016305162    
20160829155201016380012    
20160829155206016100103    
20160829155206016100031    
20160829155206016100041    
20160829155206016100201    
20160829155206016180021    
201608291552060161050710   
20160829155206016105132    
20160829155206016105151    
20160829155206016105172    
20160829155232009300571    
20160829155232009305123    
20160829155232009300204    
20160829155232009300214    
20160829155232009300244    
20160829155232009300251    
20160829155232009305024    
20160829155232009340394    
20160829155232009305154    
20160829155508013300103    
20160829155508013300031    
20160829155508013300041    
20160829155508013300231    
20160829155623006200102    
20160829155623006200031    
20160829155623006200041    
20160829155623006205023    
20160829155905019700031    
20160829155905019700101    
20160829155905019700211    
20160829155905019700201    
20160829155905019705034    
20160829155905019740172    
