20161230141730102711021    
20161230141730102711013    
20161230153418300511021    
20161230153418300511013    
20161230154039301611018    
20161230154039301611025    
20161230154039301611032    
20161230162718101211014    
20161230162718101211022    
20161230164157100211025    
201612301641571002111110   
20161230164157100211016    
20161230170133101211011    
20161230170133101211021    
20161230171123100411013    
20161230171123100411023    
201612301711231004111110   
20161230171506101011013    
20161230171506101011022    
20161230174603100711014    
20161230174603100711022    
20161230175125102511011    
20161230175125102511021    
20161230175125102511031    
20161230175125102511041    
20161230181424302411012    
20161230181424302411022    
20161230183318302211021    
20161230183318302211012    
20161230183318302212031    
20161230184705200111017    
201612301847052001111120   
20161230184705200111141    
20161230184705200112031    
20161230184813200611012    
20161230184813200611021    
20161230185500200411011    
20161230200352301611014    
20161230200352301611022    
20161230200352301611051    
20161230201405201011022    
201612302014052010111110   
20161230201405201011012    
20161230201947300111014    
20161230201947300111023    
201612302019473001111110   
20161230202120102411021    
20161230202120102411031    
20161230202120102411012    
20161230202120102412031    
20161230203257302011012    
20161230203257302011021    
20161230203352101212031    
20161230204243200511021    
20161230204243200511013    
20161230210031200811011    
20161230212029200811011    
20161230212029200811021    
