20160816233802131101015    
20160816233802131103081    
20160816233802131102113    
20160816233802131102202    
20160816233802131102172    
20160817005538129301015    
20160817005538129301201    
20160817005538129301354    
20160817005538129302071    
20160817005538129302115    
20160817005538129302221    
20160817005538129302523    
20160817005538129302824    
20160817005538129303011    
20160817005538129303071    
20160817005654129301443    
201608170058241010010160   
20160817005824101001081    
20160817005824101001132    
20160817005824101001142    
20160817005824101001162    
201608170058241010021120   
20160817005824101003011    
20160817005824101003082    
20160817010534126601141    
20160817010534126601343    
20160817010534126602115    
20160817010534126602823    
20160817010534126602845    
20160817010534126603051    
20160817010534126603081    
201608170107451308010120   
20160817010745130801141    
20160817010745130803071    
201608170107451308022010   
20160817010745130802231    
20160817010745130801391    
20160817010745130802831    
201608170108451312010110   
20160817010845131201081    
20160817010845131203011    
20160817010845131203081    
20160817010845131213081    
20160817010845131201211    
20160817010845131202611    
201608170128291207010130   
20160817012829120701051    
20160817012829120701071    
20160817012829120701132    
20160817012829120701141    
20160817012829120701161    
20160817012829120701192    
20160817012829120701211    
20160817012829120701475    
201608170128291207014810   
20160817012829120702072    
201608170128291207021120   
20160817012829120702131    
20160817012829120702221    
20160817012829120703011    
20160817012829120703063    
20160817012829120703071    
20160817012829120703081    
20160817012829120703175    
20160817012829120713081    
201608170131181316010120   
20160817013118131601141    
20160817013118131601355    
20160817013118131601475    
201608170131181316014810   
20160817013118131602175    
201608170131181316021910   
20160817013118131602205    
20160817013118131602222    
20160817013118131602295    
20160817013118131602611    
20160817013118131602771    
201608170131181316028410   
20160817013118131603071    
201608170137051228010130   
20160817013705122801041    
20160817013705122801051    
20160817013705122801061    
20160817013705122801071    
20160817013705122801142    
20160817013705122801161    
201608170137051228021120   
20160817013705122802221    
20160817013705122803082    
201608170213411314010110   
20160817021341131401131    
20160817021341131401141    
20160817021341131401353    
20160817021341131401442    
20160817021341131401472    
20160817021341131401482    
20160817021341131402115    
20160817021341131402161    
20160817021341131402822    
20160817021341131403061    
20160817021341131403071    
20160817021341131403081    
201608170329291287010130   
20160817032929128701071    
20160817032929128702073    
20160817032929128701161    
20160817032929128703072    
20160817032929128701191    
20160817032929128702113    
20160817032929128702162    
20160817032929128702281    
20160817032929128702295    
20160817032929128701473    
201608170500141002010110   
20160817050014100201442    
20160817050014100202781    
20160817050014100203071    
