20161012160758301611014    
20161012160758301611022    
20161012160758301611031    
20161012170945100711012    
20161012170945100711022    
20161012172536102511012    
20161012172536102511022    
20161012172536102511041    
20161012172715200111012    
20161012172715200111023    
20161012172715200113121    
20161012175155100211023    
20161012175155100211014    
20161012190243200711011    
20161012190243200711021    
20161012190243200711131    
20161012192313101911012    
20161012192313101911031    
20161012192313101911131    
20161012192313101911021    
20161012195247301111011    
20161012195247301111021    
20161012201547102411022    
20161012201547102411031    
201610122015471024111110   
20161012201547102411013    
20161012202604100511011    
20161012202604100511021    
20161012210213200811011    
