201611252106321494100140   
20161125210632149410132    
201611252106321494105420   
201611252115521854100160   
20161125211552185410061    
20161125211552185410131    
20161125211552185410571    
20161125211552185413493    
201611252124101924100140   
20161125212410192410293    
20161125212410192410433    
20161125212410192410631    
20161125212410192413395    
201611252133230190100160   
20161125213323019010061    
20161125213323019010111    
20161125213323019010131    
20161125213323019010303    
20161125213323019010313    
20161125213323019010445    
20161125213323019010502    
20161125213323019010571    
201611252147250240100140   
20161125214725024015991    
20161125214725024010283    
20161125214725024010141    
20161125214725024010171    
20161125214725024010111    
20161125214725024010571    
