20160824150239700560854    
20160824150239700570642    
20160824150239700580011    
20160824150239700580021    
20160824150239700580031    
20160824150239700580044    
20160824150239700580052    
20160824150239700580232    
201608241917121305010111   
20160824191712130501485    
20160824191712130502843    
201608242317351212010130   
20160824231735121201051    
20160824231735121201131    
20160824231735121201141    
20160824231735121202071    
20160824231735121223131    
20160824231735121203081    
20160824231735121202281    
20160824231735121202527    
201608242335421318010110   
20160824233542131801041    
20160824233542131801071    
20160824233542131801161    
20160824233542131801391    
201608242335421318021110   
20160824233542131802231    
20160824233542131802282    
20160824233542131802581    
20160824233542131803081    
20160824233542131813051    
201608250043111237010150   
20160825004311123701041    
20160825004311123701051    
20160825004311123701061    
20160825004311123701071    
20160825004311123701081    
20160825004311123701131    
20160825004311123701142    
20160825004311123702071    
20160825004311123703011    
20160825004311123703062    
20160825004311123703081    
20160825004311123713081    
20160825004311123701201    
201608250043111237021115   
20160825004311123702131    
20160825004311123702221    
20160825004311123702202    
20160825004311123702231    
20160825004311123713112    
20160825004311123702281    
20160825004311123703173    
20160825004311123701343    
20160825004311123701391    
20160825004311123701442    
20160825004311123702524    
20160825004311123701472    
20160825004311123701483    
20160825004311123702611    
20160825004311123702731    
20160825004311123702823    
201608250123291205010120   
20160825012329120501131    
20160825012329120501191    
20160825012329120502522    
20160825012329120503081    
20160825012329120513111    
20160825012329120560851    
20160825013120129601044    
20160825013120129601211    
20160825013120129601354    
20160825013120129602114    
20160825013120129602281    
20160825013120129603011    
20160825013120129603072    
20160825013120129603081    
201608250132571009010160   
20160825013257100901143    
201608250132571009013510   
20160825013257100903082    
20160825013257100913021    
20160825013257100960981    
201608250148271251010120   
20160825014827125101142    
20160825014827125102193    
201608250148441251010120   
20160825014844125101142    
20160825014844125102193    
201608250153181319010140   
20160825015318131901051    
20160825015318131901475    
20160825015318131901485    
201608250153181319021110   
20160825015318131902831    
201608250232401309010130   
20160825023240130901131    
20160825023240130901142    
20160825023240130901211    
20160825023240130902281    
20160825023240130901443    
20160825023240130901475    
20160825023240130902611    
20160825023240130902831    
201608250232401309028410   
20160825024700130201015    
20160825024700130201041    
20160825024700130202071    
20160825024700130202113    
20160825024700130202231    
20160825024700130201353    
20160825024700130202341    
20160825024700130202521    
20160825024700130202771    
201608250314131310010130   
20160825031413131001141    
20160825031413131003083    
20160825031413131002115    
20160825031413131002525    
20160825031413131001485    
20160825031413131002825    
20160825031826131023141    
