20160818211323600114202    
20160818211323600115132    
20160818211323600130051    
20160818211323600130081    
201608182113236001522510   
20160818211323600172201    
20160818211323600172411    
201608182116361143100010   
201608182116361143110010   
20160818211636114313021    
201608182133001017100060   
201608182133001017110030   
201608182156437001120412   
20160818215643700112063    
20160818215643700113001    
201608182156437001133036   
201608182156437001140110   
20160818215643700114043    
20160818215643700114203    
20160818215643700115122    
20160818215643700115132    
20160818215643700116052    
20160818215643700150128    
20160818215643700151002    
201608182156437001510510   
201608182156437001520015   
20160818215643700152011    
20160818215643700152106    
201608182156437001521830   
20160818215643700154093    
201608182156437001600110   
20160818220848116612135    
20160818220848116613041    
20160818220848116613052    
20160818220848116614002    
20160818220848116614101    
20160818220848116615055    
20160818220848116615095    
201608182216431100100110   
201608182216431100110110   
201608182216431100120710   
20160818221643110013071    
20160818221643110014025    
20160818221643110014031    
20160818221643110015142    
20160818233603400412081    
201608182336034004120910   
20160818233603400412133    
20160818233603400415066    
20160818233603400415071    
20160818233603400415142    
20160818233603400416011    
20160818233603400416022    
20160818233603400416071    
201608190918281147100110   
20160819091828114712063    
20160819091828114714023    
201608190918301129110110   
20160819091830112913041    
20160819091830112913051    
20160819091830112913091    
20160819092204114712002    
20160819092204114712042    
201608190930241069100110   
201608190930241069110110   
20160819093315106914025    
20160819093315106914032    
20160819093315106915065    
20160819094845116010005    
20160819094845116013021    
20160819100116700417002    
20160819100116700417013    
20160819101208115912072    
20160819101208115914022    
20160819101208115914041    
20160819101208115914061    
20160819101208115915053    
20160819103613103112135    
20160819103613103113096    
20160819103613103114005    
20160819103613103114032    
20160819104112116114036    
20160819104112116114101    
20160819104112116116031    
20160819104112116113091    
20160819104112116116072    
201608191048471063110020   
20160819110012110016031    
20160819110247115810005    
20160819110247115811005    
201608191102541027110010   
201608191117031100100110   
201608191128511005100120   
201608191128511005110110   
20160819112851100512135    
20160819112851100513021    
20160819112851100513051    
20160819112851100513081    
20160819112851100513091    
20160819112851100514011    
20160819112851100514025    
20160819112851100514032    
20160819112851100514041    
20160819112851100515052    
20160819112851100515142    
201608191154401155110010   
20160819115618114115094    
20160819121334101712071    
20160819121334101712085    
20160819121334101713072    
201608191227011034110010   
20160819122701103413021    
20160819124114105712132    
20160819124114105713021    
20160819124114105714021    
20160819124114105715067    
20160819124114105715071    
20160819124114105715084    
20160819124114105716031    
20160819124205105713091    
20160819131000100212072    
20160819131000100213021    
20160819131000100214022    
20160819131000100215062    
20160819131000100215081    
20160819131000100215093    
20160819131000100212133    
20160819131000100215141    
20160819131716400413051    
201608191321211163100010   
201608191321211163110010   
20160819132121116313021    
20160819132121116313051    
20160819132121116314025    
20160819132121116314033    
20160819132121116314042    
201608191333381110100010   
201608191333381110110010   
20160819133338111012135    
20160819133338111013042    
20160819133338111016022    
201608191342331130110010   
20160819134233113012084    
20160819134233113012132    
20160819134233113013091    
20160819134233113014001    
20160819134233113014022    
201608191342331130150510   
20160819134233113016031    
20160819134325111313023    
20160819134325111313051    
20160819134325111313091    
20160819134345105312125    
20160819134345105315025    
20160819134345105313071    
20160819134345105313081    
20160819134345105314001    
20160819134345105312071    
201608191343451053100010   
201608191343451053110110   
201608191343551165100020   
20160819134355116512072    
20160819134355116512082    
20160819134355116512136    
20160819134355116513021    
20160819134355116513041    
20160819134355116513072    
20160819134355116516022    
201608191344411165110010   
20160819135056112013041    
20160819135501700213053    
20160819135501700230031    
20160819135501700231001    
