201609202147030192100160   
20160920214703019210101    
20160920214703019210111    
20160920214703019210133    
20160920214703019210181    
201609202147320165100140   
20160920214732016510134    
201609202237340186100120   
20160920223734018610132    
20160920223734018610251    
201609202334441734100160   
20160920233444173410631    
201609202336140240100160   
20160920233614024010133    
20160920233614024010061    
20160920233614024010181    
20160920233614024010401    
20160920233614024010573    
20160920233614024010141    
20160920233614024010241    
20160920233614024016721    
201609202337460170100120   
20160920233746017010141    
201609202341461924100140   
20160920234146192410071    
20160920234146192410132    
201609210045300884100140   
20160921004530088410296    
201609210054540245100180   
20160921005454024510053    
20160921005454024510061    
20160921005454024510101    
20160921005454024510132    
20160921005454024510181    
20160921005454024510221    
20160921005454024510631    
20160921005454024513393    
201609210100370167100180   
20160921010037016710133    
201609210101210156100120   
20160921010121015610132    
20160921010121015610295    
20160921010121015610401    
201609210107030914100160   
20160921010703091410101    
20160921010703091410221    
20160921010703091410063    
20160921010703091415992    
201609210108410201100120   
20160921010841020110061    
20160921010841020110133    
20160921010841020110221    
20160921011007133410061    
20160921011007133410133    
20160921011007133410302    
20160921011007133410312    
20160921011007133413394    
201609210110071334100180   
20160921012950056413493    
201609210129500564100120   
20160921012950056410131    
20160921012950056410061    
201609210139251724100140   
20160921013925172410132    
20160921013925172413493    
201609210158271964100120   
20160921015827196410053    
20160921015827196410061    
20160921015827196410181    
20160921015957171410132    
20160921015957171413398    
201609210159571714100120   
20160921015957171410101    
20160921015957171410401    
20160921015957171413691    
201609210202160704100160   
20160921020216070410132    
20160921020216070410295    
201609210212080211100140   
20160921021208021110121    
20160921021208021110132    
20160921021208021110292    
201609210212421364100120   
20160921021242136410101    
20160921021242136410131    
20160921021242136410292    
20160921021242136410401    
201609210213000249100160   
20160921021300024910221    
201609210218140223100140   
20160921021814022310133    
201609210219521554100160   
20160921021952155410071    
20160921021952155410133    
201609210242491824100180   
20160921024249182410133    
201609210322450594100180   
20160921032245059410073    
20160921032245059410134    
201609210436250584100160   
20160921043625058410071    
20160921043625058410132    
20160921043625058410221    
20160921043625058410632    
