20160725224156105212024    
20160725224156105212081    
20160725224156105214031    
20160725224156105214181    
20160725224156105214191    
20160725224156105215063    
20160725224156105218011    
20160725224156105290024    
20160725224822109911031    
20160725224822109914181    
20160725224822109914191    
20160725224822109917181    
20160725224822109926272    
20160725224822109962372    
20160725224822109989352    
20160725224822109989392    
20160725224822109990045    
20160726001008106226363    
20160726001008106223841    
20160726001008106289361    
20160726001008106226541    
20160726044439109312141    
20160726044439109316142    
20160726044439109323631    
20160726044439109323656    
20160726044439109323774    
20160726044439109323831    
20160726044439109389354    
20160726044439109390041    
