20161115120614806310013    
20161115120614806310054    
20161115120614806310081    
20161115120614806310261    
20161115120614806310525    
20161115120614806310541    
20161115120614806310641    
20161115120614806316157    
20161115120614806320032    
201611151206148063200610   
20161115120614806320072    
20161115120614806320081    
20161115120614806320104    
20161115120614806320121    
20161115120614806350091    
20161115120614806350101    
20161115123810814810012    
20161115123810814810055    
20161115123810814810121    
20161115123810814810261    
20161115123810814810311    
20161115123810814810391    
20161115123810814810524    
20161115123810814810611    
20161115123810814816157    
20161115123810814820031    
20161115123810814820064    
20161115123810814820071    
20161115123810814820102    
20161115123810814820121    
20161115132417814210014    
20161115132417814220034    
201611151324178142200613   
20161115132417814220071    
20161115132417814220081    
20161115132417814250092    
20161115132417814250101    
201611151324178142100510   
20161115132417814210302    
20161115132417814210311    
20161115132417814210371    
20161115132417814210391    
20161115132417814210522    
20161115132417814216121    
201611151324178142161515   
20161115132417814220104    
20161115132417814220111    
20161115132417814220121    
20161115140541814810541    
20161115142418813410013    
20161115142418813410055    
20161115142418813410081    
20161115142418813416157    
20161115142418813420065    
20161115142418813420072    
20161115142418813420081    
20161115143924802510522    
20161115143924802516121    
201611151439248025161514   
20161115143924802520032    
20161115143924802520068    
20161115143924802520072    
20161115150036807810011    
20161115150036807810302    
20161115150036807810371    
20161115150036807810393    
20161115150036807810731    
20161115150036807816155    
20161115150036807820071    
20161115150036807820081    
20161115150036807820102    
20161115150036807820111    
20161115150036807830012    
20161115150036807830021    
20161115151600813010016    
201611151516008130100515   
20161115151600813010261    
20161115151600813010301    
20161115151600813010311    
20161115151600813010371    
20161115151600813010391    
20161115151600813010522    
20161115151600813010641    
20161115151600813010661    
20161115151600813016121    
201611151516008130161515   
20161115151600813020032    
201611151516008130200612   
20161115151600813020072    
20161115151600813020081    
20161115151600813020105    
20161115151600813020112    
20161115151600813020134    
20161115151600813040102    
20161115154219810310012    
201611151542198103200610   
20161115154219810320072    
20161115154219810350022    
201611151542198103100515   
201611151542198103161510   
20161115154219810320105    
20161115154219810310742    
20161115154256810610012    
20161115154256810610057    
20161115154256810610361    
20161115154256810610371    
20161115154256810610522    
20161115154256810616121    
201611151542568106161510   
201611151542568106200610   
20161115154256810620105    
20161115154256810630011    
20161115154256810650021    
20161115154637700190026    
20161115154637700190032    
20161115154637700190042    
20161115154637700190091    
20161115154637700190121    
20161115154637700190131    
20161115154637700190174    
20161115154637700190303    
20161115154637700190372    
20161115154637700190403    
20161115154637700190596    
20161115154641810710013    
201611151546418107100515   
20161115154641810710261    
20161115154641810710301    
20161115154641810710371    
20161115154641810710391    
20161115154641810710522    
20161115154641810716122    
201611151546418107161520   
20161115154641810720032    
201611151546418107200620   
20161115154641810720074    
20161115154641810720081    
201611151546418107201010   
20161115154641810720111    
20161115154641810720121    
20161115154641810750022    
20161115154641810750091    
201611151601218002100130   
20161115160121800210021    
201611151601218002200620   
20161115160121800220075    
201611151601218002201011   
20161115160121800220033    
20161115160121800210071    
20161115160121800220082    
20161115160121800210121    
20161115160121800250111    
20161115160121800230013    
20161115160121800220126    
20161115160443812210012    
20161115160443812210021    
20161115160443812210031    
201611151604438122100510   
20161115160443812210262    
20161115160443812210311    
20161115160443812210391    
20161115160443812210521    
20161115160443812210641    
20161115160443812216122    
201611151604438122161530   
20161115160443812220032    
201611151604438122200620   
20161115160443812220073    
20161115160443812220081    
20161115160443812220106    
20161115160443812220111    
20161115160443812220121    
20161115160443812220132    
20161115160443812230011    
20161115160443812240051    
20161115160443812250021    
20161115160443812250091    
20161115160443812250101    
20161115161434811616121    
201611151614348116161510   
20161115161434811620032    
20161115161434811620068    
20161115161434811620103    
20161115161537811910014    
201611151615378119100512   
20161115161537811910261    
20161115161537811910391    
20161115161537811910521    
20161115161537811910551    
201611151615378119161515   
20161115161537811920032    
201611151615378119200614   
20161115161537811920073    
20161115161537811920104    
20161115161537811920111    
20161115161537811920121    
20161115161537811950021    
20161115161537811950091    
20161115161537811950101    
20161115162000815510014    
20161115162000815510262    
20161115162000815520032    
201611151620008155200610   
20161115162000815520072    
20161115162000815520081    
20161115162000815550092    
201611151620008155100510   
201611151620008155161515   
20161115162000815510611    
20161115162000815520102    
20161115162000815520112    
20161115162000815520123    
20161115162000815510752    
20161115162453800716121    
20161115162453800716152    
20161115162453800710011    
20161115162453800720062    
20161115162453800720071    
20161115162453800720111    
20161115162453800710053    
20161115162521808510011    
201611151625218085100510   
20161115162521808516123    
201611151625218085161515   
20161115162521808520063    
20161115162521808520071    
20161115162521808560061    
20161115162924810910012    
20161115162924810910055    
20161115162924810910301    
20161115162924810910525    
20161115162924810910611    
20161115162924810910642    
20161115162924810910742    
20161115162924810910751    
20161115162924810916121    
20161115162924810916155    
20161115162924810920064    
20161115162924810920081    
20161115162924810920102    
20161115164754810810011    
20161115164754810810031    
20161115164754810810058    
20161115164754810810261    
20161115164754810810302    
20161115164754810810371    
20161115164754810810391    
20161115164754810810521    
20161115164754810810541    
20161115164754810810611    
20161115164754810810681    
20161115164754810816121    
201611151647548108161518   
20161115164754810820032    
201611151647548108200612   
20161115164754810820072    
20161115164754810820081    
20161115164754810820105    
20161115164754810820111    
20161115164754810850091    
20161115165136815010012    
20161115165136815010055    
20161115165136815010121    
20161115165136815010261    
20161115165136815010521    
20161115165136815010751    
20161115165136815016121    
20161115165136815016159    
20161115165136815020032    
20161115165136815020066    
20161115165136815020071    
20161115165136815020102    
20161115165136815020111    
20161115165136815020121    
20161115165947805510058    
20161115165947805510071    
20161115165947805510262    
20161115165947805510371    
20161115165947805510521    
20161115165947805510642    
20161115165947805516121    
201611151659478055161518   
20161115165947805520033    
201611151659478055200618   
20161115165947805520072    
20161115165947805520106    
20161115165947805520121    
20161115165947805550021    
20161115165947805550091    
20161115165947805550101    
20161115172054801810014    
20161115172054801810521    
20161115172054801810551    
20161115172054801810642    
20161115172054801816121    
201611151720548018161528   
20161115172054801820034    
201611151720548018200622   
20161115172054801820081    
201611151720548018201010   
20161115180747815510032    
20161115180747815510643    
