201605172146461304010110   
20160517214646130401161    
20160517214646130401204    
20160517214646130401353    
20160517214646130401391    
20160517214646130401401    
20160517214646130402231    
20160517214646130402532    
201605172321331308010115   
20160517232133130801041    
20160517232133130801061    
20160517232133130802071    
20160517232133130802241    
201605172321331308014810   
20160517232133130802625    
20160517232133130802651    
20160517232133130802771    
20160517232133130802781    
201605172321331308028410   
20160517234725122801041    
20160517234725122801071    
20160517234725122801081    
20160517234725122801142    
20160517234725122801161    
20160517234725122801192    
20160517234725122801475    
20160517234725122802071    
20160517234725122802581    
20160517234725122803011    
20160517234725122813081    
20160518000927123100001    
201605180017321293010110   
20160518001732129301201    
20160518001732129302071    
20160518001732129302112    
20160518001732129302172    
20160518001732129302205    
20160518001732129302822    
20160518001732129302843    
20160518001732129303011    
20160518001732129303061    
20160518001732129303081    
20160518001732129303172    
20160518001732129313051    
201605180045301010010150   
20160518004530101001051    
20160518004530101001142    
201605180045301010021110   
20160518004530101002295    
20160518004530101003011    
201605180153231207010120   
20160518015323120701051    
20160518015323120701061    
20160518015323120701071    
20160518015323120701081    
20160518015323120701131    
20160518015323120701141    
20160518015323120701161    
20160518015323120701192    
20160518015323120701211    
20160518015323120701355    
201605180153231207014815   
20160518015323120702073    
201605180153231207021130   
20160518015323120702221    
20160518015323120702523    
20160518015323120702823    
20160518015323120703011    
20160518015323120703062    
20160518015323120703071    
20160518015323120703081    
20160518015323120713081    
20160518015323120760981    
20160518021302130101015    
20160518021302130101131    
20160518021302130103061    
20160518021302130102203    
20160518021302130102173    
20160518021302130160011    
20160518021302130101331    
20160518021302130101442    
20160518021708130101015    
201605180227251287010130   
20160518022725128701141    
20160518022725128702073    
20160518022725128702115    
20160518022725128702221    
20160518022725128702293    
20160518022725128701473    
201605180231391307010110   
20160518023139130701051    
20160518023139130701071    
20160518023139130701141    
20160518023139130702071    
20160518023139130703061    
20160518023139130723101    
20160518023139130703081    
20160518023139130701211    
20160518023139130702231    
20160518023139130701332    
20160518023139130702341    
20160518023139130701482    
20160518023139130702611    
20160518023139130702641    
20160518023139130702771    
20160518031818130301015    
20160518031818130302163    
20160518031818130301353    
20160518031818130302523    
20160518031818130301482    
20160518051540504960031    
20160518051540504960182    
20160518051540504960411    
20160518051540504960711    
20160518051540504961131    
20160518051540504961141    
20160518051540504961151    
