20160713210431593210091    
20160713210431593210111    
20160713210431593210271    
20160713210431593210282    
20160713210431593222362    
20160713210431593210512    
20160713210431593210585    
20160713210431593210741    
20160713210431593210751    
20160713210431593211182    
20160713210431593211191    
201607132104315932112510   
20160713210431593211262    
20160713210431593211275    
20160713210431593211304    
20160713210431593211323    
201607132104315932113315   
20160713210431593211425    
20160713210431593211611    
20160713210431593211747    
20160713210431593211844    
201607132104315932119915   
20160713210431593220701    
20160713210431593211833    
20160713210431593222223    
20160713210431593220821    
20160713210431593222991    
