20161201102932132260001    
20161201102932132250151    
20161201102932132260411    
20161201102932132260451    
20161201111324810950101    
20161201111324810960001    
20161201111324810960331    
20161201111433141640001    
20161201111433141640011    
20161201111433141640031    
20161201111433141650101    
20161201111433141650151    
20161201111433141650291    
20161201111433141660001    
20161201111433141660591    
20161201120503530740001    
20161201120503530740021    
20161201120503530760011    
20161201120503530750101    
20161201120503530760461    
20161201120503530760321    
20161201124316820250101    
20161201124316820259991    
20161201124316820260011    
20161201124316820260121    
20161201124316820260301    
20161201124316820260391    
