201609062243462066200180   
20160906224346206620061    
20160906224346206620071    
20160906224346206620321    
201609062243462066206510   
20160906230640202420321    
20160906230640202420311    
20160906230640202420921    
201609062327562061200140   
20160906232756206120061    
20160906232756206120081    
20160906232756206120655    
20160906232756206120901    
20160906232756206120931    
2016090623300822302001100  
20160906233008223020061    
20160906233008223020071    
20160906233008223020081    
20160906233008223020311    
20160906233008223020321    
201609062330082230206520   
20160906233008223020901    
20160906233008223020921    
20160906233008223020931    
201609062334372026200140   
20160906233437202620081    
20160906233437202620655    
20160906233437202620901    
20160906233437202621021    
201609062352442091200160   
20160906235244209120083    
20160906235244209120091    
201609062352442091206515   
20160906235244209120901    
20160906235244209120911    
20160906235244209120931    
20160906235244209121041    
201609062358592109200160   
20160906235859210920061    
20160906235859210920082    
20160906235859210920161    
20160906235859210920321    
201609062358592109206510   
20160906235859210920901    
20160906235859210921021    
2016090623594320342001120  
20160906235943203420053    
20160906235943203420061    
20160906235943203420081    
20160906235943203420191    
20160906235943203420303    
2016090623594720942001100  
20160906235947209420061    
20160906235947209420071    
20160906235947209420082    
20160906235947209420321    
201609062359472094206512   
20160906235947209420911    
20160906235947209420921    
2016090700145020432001100  
20160907001450204320061    
20160907001450204320071    
20160907001450204320081    
20160907001450204320321    
20160907001450204320655    
20160907001450204320901    
20160907001450204321041    
20160907001450204321051    
20160907001938202720655    
20160907001938202721021    
201609070027012115200180   
20160907002701211520061    
20160907002701211520071    
20160907002701211520083    
20160907002701211520321    
201609070027012115206515   
20160907002701211520901    
20160907002701211520931    
20160907002701211521051    
2016090700313421132001120  
20160907003134211320062    
20160907003134211320071    
20160907003134211320084    
20160907003134211320321    
20160907003134211320901    
20160907003134211320931    
201609070034502226200120   
20160907003450222620071    
201609070034502226206510   
2016090700542113812001120  
20160907005421138120061    
20160907005421138120083    
20160907005421138120301    
20160907005421138120321    
20160907005421138120071    
201609070054211381206535   
20160907005421138121041    
201609070123212069200160   
20160907012321206920061    
20160907012321206920071    
20160907012321206920321    
20160907012321206921041    
2016090701324020322001100  
20160907013240203220061    
20160907013240203220072    
20160907013240203220301    
20160907013240203220321    
201609070132402032206510   
20160907013240203220931    
20160907013240203221021    
20160907013240203221041    
20160907013240203221051    
