20161124201525528711521    
20161124201525528722971    
20161124201525528711613    
20161124201525528711621    
20161124201525528710531    
20161124201525528723014    
20161124201525528710582    
20161124201525528711641    
20161124201525528710041    
20161124201525528710772    
20161124201525528711423    
20161124201525528710571    
20161124201525528710332    
20161124201525528710343    
20161124201812765610161    
20161124201812765610446    
20161124201812765610651    
20161124201812765610742    
20161124201812765610751    
201611242018127656111680   
20161124201812765611973    
20161124201812765620702    
201611242018127656228218   
20161124201812765622861    
