20161223191033100310014    
20161223191033100310026    
20161223191033100311023    
20161223191033100312028    
20161223191033100315021    
20161223191033100320051    
20161224174323101410025    
20161224174323101411022    
20161224174323101411042    
20161224174323101411052    
20161224174323101411081    
20161224174323101412026    
20161224174323101415041    
20161224174323101416012    
20161224174323101416022    
20161224174323101418013    
20161224174323101420022    
20161224174323101411092    
20161225114046102210013    
201612251140461022100217   
20161225114046102210041    
20161225114046102210051    
20161225114046102210061    
20161225114046102210092    
20161225114046102211011    
20161225114046102211026    
20161225114046102211044    
20161225114046102211051    
20161225114046102211061    
20161225114046102211071    
20161225114046102211081    
20161225114046102212012    
201612251140461022120212   
20161225114046102212031    
20161225114046102213016    
20161225114046102213022    
20161225114046102215021    
20161225114046102217031    
20161225114046102218011    
