201611232140190170100140   
20161123214019017010111    
20161123214019017010061    
20161123214019017010134    
201611232201580186100120   
20161123220158018610061    
201611232209371734100120   
20161123220937173410641    
201611232232090245100140   
20161123223209024510055    
20161123223209024510134    
20161123223209024510221    
201611232236391394100120   
20161123223639139410292    
201611232242000141100120   
20161123224200014110061    
201611232255170192100140   
20161123225517019210061    
20161123225517019210132    
201611232328480884100140   
20161123232848088415991    
20161123232848088410282    
201611240017591944100160   
20161124001759194410294    
20161124001759194410425    
20161124001759194410571    
20161124001759194410581    
20161124001759194415992    
20161124003542171410304    
20161124003542171410313    
201611240035421714100140   
20161124003542171410181    
201611240041340156100120   
20161124004134015610131    
201611240102140914100160   
20161124010214091410401    
20161124010214091415993    
20161124010214091410171    
2016112401275705941001100  
20161124012757059415993    
20161124012757059410075    
20161124012757059410114    
20161124012757059410402    
20161124012757059410101    
201611240157281304100140   
20161124015728130410132    
201611240200080136100120   
201611240200311554100140   
20161124020031155410132    
20161124020031155410181    
20161124020031155410293    
20161124020031155410301    
20161124020031155410311    
20161124020031155410432    
20161124020031155413392    
201611240205220249100140   
20161124020522024910061    
20161124020522024910171    
20161124020522024910221    
201611240217571854100120   
20161124021757185410061    
20161124021757185410111    
20161124021757185410131    
20161124021757185410251    
20161124021757185410301    
20161124021757185410311    
20161124021757185410571    
20161124021757185410581    
20161124021757185418295    
201611240223090190100180   
20161124022309019010133    
20161124022309019010502    
201611240242570584100120   
20161124024257058410071    
20161124024257058410111    
20161124024257058410245    
20161124024257058410285    
20161124024257058410222    
20161124024257058415991    
201611240251280201100160   
20161124025128020110061    
20161124025128020110132    
201611240251280201105420   
