20160310121153103010022    
20160310121153103010222    
20160310121153103010262    
20160310121153103020063    
20160310121153103030021    
20160310121153103040051    
20160310121153103041034    
20160310133851100510022    
20160310133851100510031    
20160310133851100510051    
20160310133851100510081    
20160310133851100510185    
20160310133851100510222    
20160310133851100510264    
20160310133851100520062    
20160310133851100530043    
20160310133851100540002    
20160310133851100540015    
20160310133851100540021    
20160310133851100541034    
20160310133851100541041    
20160310133851100550012    
20160310144820204410021    
201603101448202044100330   
20160310144820204410042    
20160310144820204410101    
20160310144820204410138    
20160310144820204410191    
20160310144820204410202    
20160310144820204410222    
20160310144820204410263    
20160310144820204420001    
20160310144820204420061    
20160310144820204420071    
201603101448202044310320   
20160310144820204440002    
20160310144820204440014    
20160310144820204440023    
20160310144820204440052    
20160310144820204440096    
20160310144820204440151    
20160310144820204440191    
20160310144820204441033    
20160310144820204441042    
20160310144820204450031    
20160310144820204450092    
20160310144820204477791    
20160310144820204477801    
20160310163514100110021    
20160310163514100110032    
20160310163514100110081    
20160310163514100110091    
20160310163514100110132    
20160310163514100110201    
20160310163514100110222    
20160310163514100120001    
20160310163514100120065    
20160310163514100130043    
20160310163514100131034    
20160310163514100140052    
20160310163514100140151    
20160310163514100141037    
20160310163514100141041    
20160310163514100141051    
20160310163514100141061    
20160310164548102810022    
20160310164548102810041    
20160310164548102810132    
20160310164548102810182    
20160310164548102810203    
20160310164548102810222    
20160310164548102820062    
20160310164548102830041    
20160310164548102840016    
20160310164548102840151    
20160310164548102841033    
20160310173350202810021    
20160310173350202810041    
20160310173350202810051    
20160310173350202810071    
20160310173350202810132    
201603101733502028101810   
20160310173350202810202    
20160310173350202810222    
20160310173350202820001    
20160310173350202830061    
20160310173350202840031    
20160310173350202841033    
20160310175330204210011    
20160310175330204210021    
201603101753302042100320   
20160310175330204210042    
20160310175330204210051    
20160310175330204210133    
20160310175330204210183    
20160310175330204210202    
20160310175330204210222    
20160310175330204210261    
20160310175330204230043    
20160310175330204230061    
20160310175330204230071    
201603101753302042310320   
20160310175330204240002    
20160310175330204240015    
20160310175330204240052    
20160310175330204241032    
20160310175330204241042    
20160310175330204241071    
20160310175330204250011    
20160310180126100810011    
20160310180126100810042    
20160310180126100810091    
20160310180126100810101    
20160310180126100810131    
20160310180126100810202    
20160310180126100820062    
20160310180126100840016    
20160310180126100840022    
20160310180126100840051    
20160310180126100840151    
20160310180126100810262    
20160310180126100810221    
20160310180126100841036    
20160310183834103410011    
20160310183834103410031    
20160310183834103410041    
20160310183834103410134    
20160310183834103410185    
20160310183834103410202    
20160310183834103420001    
20160310183834103430121    
20160310183834103440031    
20160310183834103441036    
20160310195513204810021    
201603101955132048100318   
20160310195513204810042    
20160310195513204810051    
20160310195513204810133    
20160310195513204810181    
20160310195513204810201    
20160310195513204810223    
20160310195513204820001    
20160310195513204840031    
20160310195513204840051    
20160310195513204841033    
20160310195513204841042    
20160310201255104010011    
20160310201255104010022    
201603102012551040100340   
20160310201255104010042    
20160310201255104010202    
20160310201255104010262    
20160310201255104040003    
20160310201255104040015    
20160310201255104040022    
20160310201255104040031    
20160310201255104040052    
20160310201255104040152    
20160310201255104041035    
20160310202106103460072    
20160310202749202510021    
201603102027492025100320   
20160310202749202510041    
20160310202749202510051    
20160310202749202510061    
20160310202749202510081    
20160310202749202510091    
20160310202749202510132    
20160310202749202510185    
20160310202749202510191    
20160310202749202510202    
20160310202749202510222    
20160310202749202510262    
20160310202749202530045    
201603102027492025310320   
20160310202749202540051    
20160310202749202540151    
20160310202749202540191    
20160310202749202541035    
20160310202749202541041    
20160310202749202541071    
20160310202749202550011    
20160310203847100140051    
20160310204033204010022    
20160310204033204010031    
20160310204033204010132    
20160310204033204010182    
20160310204033204010202    
20160310204033204010222    
20160310204033204010261    
20160310204033204031031    
20160310204033204040031    
20160310204033204040151    
20160310204033204041033    
20160310204033204041041    
20160310204033204041061    
20160310204033204041071    
20160310204033204050011    
201603102047081037100320   
20160310204708103710183    
20160310204708103710222    
20160310204708103720001    
20160310204708103731031    
20160310204708103740001    
20160310204708103740015    
20160310204708103740022    
20160310204708103741031    
20160310210345104510023    
201603102103451045100360   
20160310210345104510041    
20160310210345104510204    
20160310210345104510222    
20160310210345104510263    
20160310210345104540002    
20160310210345104540017    
20160310210345104540022    
20160310210345104540031    
20160310210345104540152    
20160310210345104540191    
20160310210345104541035    
20160310210345104541042    
20160310210345104541051    
20160310210345104541061    
20160310210345104541071    
20160310210345104560071    
20160310210434204210261    
20160310210434204240091    
20160310211804103610022    
201603102118041036100360   
20160310211804103610041    
20160310211804103610061    
20160310211804103610091    
20160310211804103610101    
20160310211804103610185    
20160310211804103610202    
20160310211804103610266    
20160310211804103620082    
20160310211804103641036    
20160310211804103641061    
20160310211804103641071    
20160310212506205010022    
201603102125062050100320   
20160310212506205010043    
20160310212506205010132    
20160310212506205010186    
20160310212506205020002    
20160310212506205030042    
20160310212506205040002    
20160310212506205040013    
20160310212506205040022    
20160310212506205040031    
20160310212506205040052    
20160310212506205040151    
201603102125062050401610   
20160310212506205041032    
20160310212506205041042    
20160310212506205041071    
20160310212506205077792    
20160310212506205077811    
20160310213255204510011    
20160310213255204510022    
201603102132552045100320   
20160310213255204510043    
20160310213255204510091    
20160310213255204510135    
20160310213255204510203    
20160310213255204510224    
20160310213255204510264    
20160310213255204520002    
201603102132552045310320   
20160310213255204540032    
20160310213255204540051    
20160310213255204540152    
20160310213255204540191    
20160310213255204541035    
20160310213255204541041    
20160310213630103510022    
20160310213630103510031    
20160310213630103510041    
20160310213630103510201    
20160310213630103510263    
20160310213630103520001    
201603102136301035300420   
20160310213630103540002    
20160310213630103540012    
20160310213630103540191    
20160310213630103541033    
20160310213630103541042    
20160310213630103541051    
20160310213630103541071    
20160310213946103560071    
20160310214111103310022    
20160310214111103310032    
20160310214111103310042    
20160310214111103310061    
20160310214111103310131    
20160310214111103310261    
201603102141111033310320   
20160310214111103340016    
20160310214111103340022    
20160310214111103340051    
20160310214111103340152    
20160310214111103341038    
20160310214111103360071    
20160310220432204710021    
201603102204322047100320   
20160310220432204710041    
20160310220432204710133    
20160310220432204710202    
201603102204322047310315   
20160310220432204740051    
20160310220432204741031    
20160310220432204741041    
20160310220432204741052    
20160310220432204741061    
20160310220432204741071    
20160310220432204777801    
20160310221253202910022    
20160310221253202910051    
20160310221253202910081    
20160310221253202910202    
20160310221253202910262    
20160310221253202940051    
20160310221253202940151    
20160310221253202941035    
20160310221253202960071    
20160310221743104210021    
201603102217431042100320   
20160310221743104210041    
20160310221743104210134    
20160310221743104210183    
20160310221743104210202    
20160310221743104210221    
20160310221743104220082    
20160310221743104240001    
20160310221743104240013    
20160310221743104240021    
20160310221743104240191    
20160310221743104241033    
201603110033481041100320   
20160311003348104110041    
20160311003348104110051    
20160311003348104110136    
20160311003348104110203    
20160311003348104110223    
20160311003348104110263    
20160311003348104140031    
20160311003348104141032    
20160311003348104141041    
20160311003348104150011    
