201609192119211100120710   
20160919211921110013071    
20160919211921110014024    
20160919211921110014031    
201609192128371017100030   
201609192128477001120010   
201609192128477001120320   
201609192128477001120412   
201609192128477001121220   
20160919212847700113001    
20160919212847700113031    
201609192128477001140824   
20160919212847700114102    
20160919212847700116053    
20160919212847700130053    
20160919212847700130081    
20160919212847700150015    
20160919212847700150082    
201609192128477001510516   
201609192128477001520015   
201609192128477001600110   
20160919213812112812132    
20160919213812112814001    
20160919213812112814032    
20160919213812112814041    
20160919213812112815142    
20160919213812112816031    
20160919214539600114045    
20160919214539600114211    
20160919214539600114221    
20160919214539600115122    
20160919214539600115133    
20160919214539600116071    
20160919214539600117061    
20160919214539600117071    
20160919214539600152251    
201609192323484004100110   
20160919232348400412072    
20160919232348400413071    
20160919232348400414032    
20160919232348400414091    
201609200843517001521820   
20160920084351700174012    
20160920091709116013051    
201609201024241005100110   
201609201035191063100030   
20160920104725700430032    
201609201054381165100020   
20160920105438116512073    
20160920105438116512125    
20160920105438116512134    
20160920105438116516011    
201609201056281027100020   
201609201058341143100010   
201609201112391043100010   
201609201113401170100020   
20160920111340117012135    
20160920111340117013022    
201609201318501161100010   
201609201319561103100010   
20160920132035117013021    
201609201320351170130310   
20160920132035117014025    
20160920132035117014035    
20160920132035117014045    
201609201325001158100010   
20160920132901112513074    
201609201329191034100010   
20160920133856111712071    
20160920133856111712081    
20160920133856111712131    
201609201338561117133110   
20160920133856111714031    
20160920133856111715055    
201609201340231141100010   
20160920134023114113021    
201609201342341063100010   
201609201342421110100020   
20160920134242111014035    
20160920134242111014062    
20160920134242111014092    
20160920134242111014102    
20160920134242111016022    
201609201343341130100010   
20160920134334113012084    
20160920134334113012132    
20160920134334113013011    
20160920134334113013021    
20160920134334113013081    
20160920134334113014022    
20160920134334113014091    
201609201343341130150510   
20160920134334113016031    
20160920135001105713011    
20160920135015111313041    
20160920135015111313051    
20160920135015111314023    
20160920135015111314033    
20160920135015111314042    
20160920135015111314092    
20160920135015111314101    
201609201350151113150510   
20160920135340700217011    
20160920135340700251051    
