201605032034130186100120   
20160503203413018610295    
201605032101251614100180   
20160503210125161410051    
20160503210125161410133    
20160503210125161410171    
20160503210125161410294    
20160503210125161410581    
201605032132021444100120   
20160503213202144410061    
20160503213202144413395    
201605032148200170100140   
20160503214820017010061    
201605032155211224100120   
20160503215521122410221    
201605032201230141100120   
20160503220123014110136    
20160503220123014110181    
201605032219540207100160   
20160503221954020710141    
20160503221954020710243    
201605032221280245100180   
20160503222128024510055    
20160503222128024510134    
20160503222128024510221    
20160503222128024510583    
20160503222128024510631    
201605032223291734100140   
20160503222329173410241    
20160503222718024510181    
20160503222718024510221    
20160503222757024513691    
201605032244591394100120   
201605032305031634100140   
20160503230503163410101    
20160503230503163410131    
20160503230503163413691    
201605032321040240100160   
20160503232104024010134    
20160503232104024010061    
20160503232104024010181    
20160503232104024010573    
20160503232104024010445    
2016050323264617941001100  
20160503232646179410061    
20160503232646179410101    
20160503232646179410121    
20160503232646179410133    
20160503232646179410171    
20160503232646179410281    
20160503232646179410295    
20160503232646179410401    
20160503232646179410502    
20160503232646179413393    
20160503232646179413691    
201605032329261464100140   
20160503232926146410061    
20160503232926146410133    
201605032352321154100160   
20160503235232115410131    
20160503235232115410302    
20160503235232115410321    
20160503235232115410432    
2016050323523211541052100  
2016050323523211541053100  
2016050323523211541054100  
20160503235232115410582    
20160503235232115415991    
2016050323523211541869100  
201605040002350156100140   
20160504000235015610132    
20160504000235015610295    
20160504000235015613395    
2016050400150402091001120  
20160504001504020910062    
20160504001504020910101    
20160504001504020910141    
20160504001504020910181    
201605040015040209102910   
20160504001504020910401    
20160504001504020919995    
201605040017061724100160   
20160504001706172410133    
20160504001706172410281    
20160504001706172410302    
20160504001706172410312    
20160504001706172410443    
201605040020480241100140   
20160504002048024114092    
201605040021461134100120   
20160504002146113410131    
20160504002146113410431    
201605040039250192100160   
20160504003925019210133    
20160504003925019210061    
20160504003925019210181    
2016050400533101671001100  
20160504005331016710134    
20160504005331016710071    
20160504005331016710141    
201605040054380190100180   
20160504005438019010061    
20160504005438019010134    
20160504005438019010231    
20160504005438019010302    
20160504005438019010312    
20160504005438019014291    
20160504005438019013395    
20160504005438019013691    
20160504005438019010462    
2016050400543801901054100  
20160504005438019010572    
201605040055291354100120   
20160504005529135410101    
20160504005529135410131    
201605040126160261100140   
20160504012616026110133    
20160504012616026110221    
201605040131120884100160   
20160504013112088410101    
20160504013112088410131    
201605040131120884102910   
20160504013112088410171    
201605040133491094100180   
20160504013349109410061    
20160504013349109410134    
20160504013349109410181    
20160504013349109410222    
20160504013349109410281    
20160504013349109413393    
201605040135500914100160   
20160504013550091410062    
201605040137571324100180   
20160504013757132410132    
20160504013757132410141    
20160504013757132410221    
20160504013757132410401    
20160504013757132410432    
201605040153250223100140   
20160504015325022310061    
20160504015325022314292    
2016050401594607041001120  
20160504015946070410136    
20160504015946070410295    
20160504015946070410141    
201605040200460249100180   
20160504020046024910061    
20160504020046024910132    
20160504020046024910221    
20160504020046024915991    
201605040203260159100140   
20160504020326015910132    
20160504020326015910295    
20160504020326015910302    
201605040212511364100140   
20160504021251136410131    
20160504021251136413691    
20160504021430171413395    
20160504021430171410303    
20160504021430171410313    
201605040214301714100140   
20160504021430171410101    
201605040217071554100160   
20160504021707155410071    
20160504021707155410133    
20160504021707155410293    
2016050402184605941001120  
201605040221080211100140   
20160504022108021110061    
20160504022108021110133    
20160504022108021110293    
201605040232021374100140   
20160504023202137413395    
201605040234561304100160   
20160504023456130410061    
20160504023456130410133    
201605040234561304105220   
20160504023456130413393    
201605040234561304186920   
201605040246280136100140   
20160504024628013610133    
20160504024628013610141    
2016050404072705841001100  
20160504040727058410072    
20160504040727058410111    
20160504040727058410135    
20160504040727058410141    
20160504040727058410171    
20160504040727058410222    
20160504040727058410631    
20160504040727058410101    
201605040458091604100140   
20160504045809160410131    
