20160317233432400110306    
20160317233432400110324    
20160317233432400110652    
20160317233432400110861    
20160317233432400115331    
20160317233432400115401    
20160317233432400120021    
20160317233432400130042    
20160317233432400130271    
20160317233432400130581    
20160317233432400130611    
20160318022131400210305    
20160318022131400210324    
20160318022131400210342    
20160318022131400210651    
20160318022131400215041    
20160318022131400217015    
20160318022131400217031    
20160318022131400220011    
20160318022131400220021    
20160318022131400220053    
20160318022131400220101    
201603180221314002300110   
20160318022131400230044    
20160318022131400230112    
20160318022131400230122    
20160318022131400230131    
20160318022131400230271    
20160318022131400230382    
20160318022131400230441    
20160318022131400230452    
20160318022131400230581    
20160318022131400230612    
201603180221314002306310   
20160318022131400230671    
