201611232336350123110110   
201611232336350123110210   
20161123233635012313011    
20161123233635012321031    
201611232339260156110215   
20161123233926015613011    
20161123233926015611053    
20161123233926015611062    
201611232340320343110210   
201611232340320343110310   
20161123234032034311053    
20161123234032034311062    
20161123234032034313085    
20161123234032034314011    
20161123234032034317251    
20161123234032034317351    
20161123234032034317421    
20161123234032034317471    
20161123234032034317521    
20161123234032034318061    
20161123234032034318071    
20161123234032034318121    
20161123234032034318141    
20161123234032034318211    
20161123234032034319201    
20161123235212034811035    
20161123235212034811065    
20161123235212034811073    
20161123235212034811132    
201611232353370088110120   
20161123235337008811051    
20161123235337008815122    
20161123235337008815061    
201611240002500322110210   
20161124000250032211162    
20161124000250032213081    
20161124000250032215022    
201611240019250190110120   
20161124001925019013012    
201611240023180065110110   
20161124002318006511051    
20161124002318006513011    
20161124002507032911081    
20161124002507032913083    
20161124002507032914011    
20161124002807011513011    
20161124002807011517041    
201611240035180331110220   
20161124003518033111052    
20161124003518033111061    
20161124003518033113011    
20161124003518033115012    
20161124003518033115042    
201611240040110011110110   
20161124004011001116101    
20161124004011001112121    
20161124004011001112138    
20161124005138032717031    
20161124005138032717251    
20161124005138032717301    
20161124005138032717471    
20161124005138032718081    
201611240056360197110210   
20161124005636019719131    
201611240105590237110320   
20161124010559023711072    
20161124010559023717421    
20161124010617004111055    
20161124010617004117031    
201611240106170041110310   
20161124010617004115062    
201611240129370150110110   
20161124012937015016101    
20161124012937015021031    
20161124012937015021071    
201611240132240076110210   
20161124013224007611062    
20161124013224007612132    
201611240137510247110210   
20161124013751024711052    
20161124013751024719201    
20161124013751024711035    
201611240149480069110310   
20161124014948006911052    
20161124014948006911062    
20161124014948006914011    
20161124014948006919201    
201611240151150055110110   
20161124015115005511062    
20161124015115005513011    
20161124015115005517041    
201611240215250010110210   
20161124021525001013011    
20161124021525001012134    
201611240221540242110210   
201611240311250222110210   
201611240311250222110310   
20161124031125022211052    
20161124031125022213011    
20161124031434027917301    
201611240314340279110310   
20161124031434027911053    
20161124031434027919201    
201611240319560320110210   
201611240320530029110210   
20161124032053002913011    
20161124032053002915141    
20161124032053002917041    
20161124032053002918041    
20161124032053002918141    
20161124032053002918151    
201611240338440073110220   
201611240338440073121310   
20161124033844007313011    
20161124033844007321011    
201611240349160071110210   
20161124034916007117211    
20161124034916007119201    
201611240352100185110220   
20161124035210018511063    
20161124035210018517011    
20161124035210018513091    
20161124035210018518081    
20161124035210018515061    
20161124035210018517351    
