20160614234532114814011    
201606142345321148150612   
20160614234532114823491    
20160614234532114823591    
20160614234532114823781    
20160614234532114824511    
201606142345321148265610   
20160614234532114826661    
20160614234532114827295    
20160614234532114828255    
20160614234532114850035    
20160614234532114868473    
20160614234532114868523    
20160614234532114888991    
20160614234532114889512    
20160614234532114889705    
20160614234532114889763    
20160614234532114889931    
20160614234532114890045    
20160614234532114890062    
20160614234532114890082    
20160614234532114890091    
