201606171319562014100320   
20160617131956201410061    
20160617131956201410185    
20160617131956201410201    
20160617131956201410222    
20160617131956201420011    
20160617131956201420023    
20160617131956201420052    
20160617131956201430042    
20160617131956201440013    
20160617131956201440021    
20160617131956201440151    
20160617131956201440191    
20160617131956201441032    
20160617131956201441051    
20160617131956201450012    
20160617165304102010011    
20160617165304102010022    
20160617165304102010031    
20160617165304102010041    
20160617165304102010134    
201606171653041020101810   
20160617165304102010202    
20160617165304102020001    
20160617165304102030071    
201606171653041020310310   
20160617165304102040031    
20160617165304102040052    
20160617165304102041033    
20160617175320203410022    
20160617175320203410031    
20160617175320203410041    
20160617175320203410133    
20160617175320203410202    
20160617175320203410222    
20160617175320203420013    
20160617175320203420021    
20160617175320203430071    
20160617175320203431031    
20160617175320203440053    
20160617175320203440191    
20160617175320203441033    
20160617175320203441041    
20160617175320203441051    
20160617175320203441061    
20160617175320203460071    
20160617175320203477791    
20160617191624111177875    
20160617191624111177931    
20160617192006204310011    
20160617192006204310022    
201606171920062043100320   
20160617192006204310042    
20160617192006204310184    
20160617192006204310191    
20160617192006204310202    
20160617192006204310224    
20160617192006204310262    
20160617192006204320071    
20160617192006204340002    
20160617192006204340013    
20160617192006204340021    
20160617192006204340031    
20160617192006204340051    
20160617192006204341033    
20160617192006204341041    
20160617194303203440191    
20160617202708203810011    
20160617202708203810022    
201606172027082038100325   
20160617202708203810042    
20160617202708203810051    
20160617202708203810132    
20160617202708203810185    
20160617202708203810203    
20160617202708203810224    
20160617202708203810262    
20160617202708203820021    
20160617202708203820051    
20160617202708203820101    
20160617202708203840003    
20160617202708203840013    
20160617202708203840021    
20160617202708203840031    
20160617202708203840191    
20160617202708203841036    
20160617202708203841041    
20160617202708203841061    
20160617202708203841071    
20160617202708203877791    
20160617203904203840051    
20160617213220103210011    
20160617213220103210022    
201606172132201032100320   
20160617213220103210041    
20160617213220103210135    
20160617213220103210141    
20160617213220103210203    
20160617213220103210225    
20160617213220103220001    
201606172132201032400113   
20160617213220103240024    
20160617213220103240031    
20160617213220103240051    
20160617213220103240151    
20160617213220103241038    
20160617222244101310011    
20160617222244101310022    
20160617222244101310031    
20160617222244101310042    
20160617222244101310051    
20160617222244101310061    
20160617222244101310091    
201606172222441013101310   
20160617222244101310142    
20160617222244101310188    
20160617222244101310203    
20160617222244101310224    
20160617222244101310262    
20160617222244101320001    
20160617222244101320015    
20160617222244101320021    
20160617222244101320051    
20160617222244101320072    
20160617222244101340055    
20160617222244101340152    
20160617222244101341034    
20160617222244101341041    
20160617222244101377791    
20160617222244101377801    
20160617224256103310135    
20160617224256103320011    
20160617224256103320072    
20160617224256103340052    
20160617224256103320001    
20160617224256103320103    
20160617224256103310204    
20160617224256103310185    
20160617224256103310224    
20160617224256103310263    
20160617233142204610021    
201606172331422046100320   
20160617233142204610202    
20160617233142204620011    
20160617233142204620023    
20160617233142204620053    
20160617233142204620072    
20160617233142204630042    
20160617233142204630071    
20160617233142204631031    
20160617233142204640012    
20160617233142204640022    
20160617233142204640051    
20160617233142204641033    
20160617233142204641061    
20160617233142204641071    
