201608072214217002500123   
20160807221421700250031    
20160807221421700250042    
20160807221421700250052    
20160807221421700250071    
20160807221421700250091    
20160807221421700250136    
20160807221421700250172    
20160807221421700250183    
20160807221421700250221    
20160807221421700250291    
20160807221421700250342    
20160807221421700250411    
20160807221421700250683    
20160807221421700251053    
20160807222320706350032    
20160807222320706350133    
201608072223207063506210   
20160807235546704150019    
20160807235546704150139    
20160807235546704150071    
20160807235546704150091    
20160807235546704150141    
20160807235546704150193    
20160807235546704150221    
20160807235546704150461    
201608080006567053500112   
20160808000656705350041    
20160808000656705350051    
20160808000656705350133    
20160808000656705350071    
20160808000656705350221    
20160808000656705350591    
20160808000656705351271    
201608080018227104500110   
20160808001822710450183    
20160808001822710450441    
20160808001822710450474    
20160808001822710450683    
20160808011236700950015    
20160808011236700950041    
20160808011236700950051    
20160808011236700950061    
20160808011236700950071    
201608080112367009501312   
20160808011236700950183    
20160808011236700950221    
20160808011236700950231    
20160808011236700950682    
20160808011236700950912    
20160808011236700951054    
20160808011236700950141    
20160808020256710250075    
20160808020256710250136    
20160808020256710250184    
20160808020256710250811    
20160808020256710250837    
20160808024742103130015    
20160808050639703250222    
20160808050639703250601    
20160808050639703250625    
20160808050639703251091    
20160808050639703250141    
20160808050639703250691    
20160808050639703250771    
201608080506397032500130   
20160808050639703250051    
20160808050639703250043    
20160808050639703251052    
