20160525182413106810021    
20160525182413106810101    
20160525182413106810141    
20160525182413106810255    
20160525182413106810272    
20160525182413106810303    
20160525182413106810325    
20160525182413106810382    
20160525182413106810625    
20160525182413106810651    
20160525182413106810793    
20160525182413106810803    
20160525182413106815261    
20160525182413106815331    
20160525182413106820205    
20160525182413106830015    
20160525182413106830271    
20160525182413106830381    
20160525182413106830393    
20160525182413106830431    
20160525182413106830521    
20160525182413106830531    
20160525182413106830561    
20160525192337109010175    
201605251923371090102510   
20160525192337109010305    
201605251923371090103210   
201605251923371090103410   
20160525192337109010382    
20160525192337109010422    
20160525192337109010651    
20160525192337109010792    
20160525192337109010802    
20160525192337109010861    
20160525192337109020052    
20160525192337109020112    
20160525192337109020331    
20160525192337109025085    
20160525192337109025095    
20160525192337109030395    
20160525192337109030893    
20160525192337109030923    
20160525192337109030933    
20160525192337109030943    
20160525192337109030963    
201605251923551090202010   
20160525192427109025041    
20160525193950108010471    
201605251939501080106210   
20160525193950108010681    
20160525193950108010881    
20160525193950108015042    
20160525193950108015402    
20160525193950108025241    
201605251939501080300110   
20160525193950108030055    
20160525193950108030071    
20160525193950108030241    
20160525193950108030381    
20160525193950108030671    
20160525193950108030921    
20160525205320108030891    
20160525215138108110025    
20160525215138108110173    
201605252151381081103010   
20160525215138108110424    
201605252151381081106215   
20160525215138108110662    
20160525215138108115211    
20160525215138108115331    
20160525215138108115352    
20160525215138108120011    
20160525215138108120111    
20160525215138108120331    
20160525215138108130035    
20160525215138108130111    
201605252151381081301710   
20160525225917110010025    
20160525225917110010255    
20160525225917110010272    
20160525225917110010343    
20160525225917110010371    
20160525225917110010611    
20160525225917110015111    
20160525225917110015161    
20160525225917110020021    
20160525225917110020085    
20160525225917110020101    
201605252259171100300110   
20160525225917110030054    
20160525225917110030081    
20160525225917110030195    
20160525225917110030262    
20160525225917110030271    
20160525225917110030341    
20160525225917110030381    
20160525225917110030451    
20160525230536110010325    
20160525230536110030045    
20160525231408107910123    
20160525231408107910231    
201605252314081079102510   
20160525231408107910323    
20160525231408107910345    
20160525231408107910382    
20160525231408107910635    
20160525231408107910681    
20160525231408107910701    
20160525231408107910811    
20160525231408107910861    
20160525231408107920402    
201605252314081079300110   
20160525231408107930031    
20160525231408107930251    
20160525232053109910255    
20160525232053109910322    
20160525232053109910342    
20160525232053109910381    
20160525232053109910431    
20160525232053109910471    
20160525232053109910581    
20160525232053109910635    
20160525232053109910651    
20160525232053109910793    
20160525232053109910871    
20160525232053109910881    
20160525232053109915161    
20160525232053109920011    
20160525232053109920401    
20160525232053109925251    
20160525232053109930015    
20160525232053109930061    
20160525232053109930251    
20160525232053109930271    
20160525232053109930361    
20160525232053109930461    
20160525232053109930481    
20160525232053109930521    
20160525232053109930531    
20160525232633106410255    
20160525232633106410271    
20160525232633106410323    
20160525232633106410343    
20160525232633106410623    
20160525232633106410651    
20160525232633106410681    
20160525232633106415351    
20160525232633106415401    
20160525232633106425182    
20160525232633106430015    
20160525232633106430052    
20160525232633106430271    
201605252326331064303913   
20160525232633106430461    
20160525232633106430493    
20160525232633106430521    
20160525232633106430891    
20160525232749102810323    
20160525232749102815111    
20160525232749102815162    
20160525232749102820052    
20160525232749102820085    
20160525232749102810632    
20160525232749102810661    
20160525232749102810175    
20160525232749102810701    
201605252327491028300110   
20160525232749102830271    
20160525233313106810633    
20160525234635110510124    
20160525234635110510346    
20160525234635110510471    
20160525234635110530382    
20160525234635110530891    
20160525234919104910023    
20160525234919104910172    
20160525234919104910211    
20160525234919104910221    
20160525234919104910252    
20160525234919104910306    
20160525234919104910321    
20160525234919104910342    
20160525234919104910351    
20160525234919104910622    
20160525234919104910633    
20160525234919104910651    
20160525234919104910671    
20160525234919104910791    
20160525234919104910801    
20160525234919104910811    
20160525234919104915421    
20160525234919104920206    
20160525234919104930013    
20160525234919104930031    
20160525234919104930081    
20160525235438106310022    
20160525235438106310211    
20160525235438106310221    
20160525235438106310271    
20160525235438106310303    
20160525235438106310381    
20160525235438106310581    
20160525235438106320021    
201605252354381063202012   
20160525235438106330015    
20160525235438106330111    
20160525235438106330675    
20160525235438106330701    
20160525235915104410173    
201605252359151044102510   
20160525235915104410302    
20160525235915104410322    
20160525235915104410345    
20160525235915104410421    
20160525235915104410435    
20160525235915104410682    
20160525235915104415111    
20160525235915104415371    
20160525235915104415401    
20160525235915104420011    
20160525235915104420021    
20160525235915104420052    
20160525235915104420085    
201605252359151044300115   
20160525235915104430041    
20160525235915104430081    
20160526000235105710021    
20160526000235105710121    
20160526000235105710171    
20160526000235105710255    
20160526000235105710271    
20160526000235105710301    
20160526000235105710324    
20160526000235105710341    
20160526000235105710421    
20160526000235105710431    
20160526000235105710623    
20160526000235105710633    
20160526000235105710651    
20160526000235105710681    
20160526000235105710861    
20160526000235105710872    
20160526000235105715401    
20160526000235105720011    
20160526000235105720111    
20160526000235105720401    
20160526000235105725141    
20160526000235105730018    
20160526000235105730053    
20160526000235105730081    
20160526000235105730191    
20160526000235105730201    
20160526000235105730241    
20160526000235105730251    
20160526000235105730271    
20160526000235105730393    
20160526000235105730431    
20160526000235105730461    
20160526000235105730562    
20160526000235105730672    
20160526001213108810172    
20160526001213108810302    
20160526001213108810343    
20160526001213108810625    
20160526001213108810632    
20160526001213108810652    
20160526001213108810681    
20160526001213108815211    
20160526001213108815261    
20160526001213108815461    
20160526001213108820045    
20160526001213108820085    
20160526001213108820221    
20160526001213108820461    
201605260012131088300110   
20160526001213108830231    
20160526001213108830271    
20160526001213108830361    
20160526001213108830891    
20160526001213108830911    
20160526001213108830921    
20160526001213108830931    
20160526001213108830941    
20160526001213108830961    
20160526001913104410071    
20160526001913104430112    
20160526001931108510271    
20160526001931108510633    
20160526001931108510661    
20160526001931108515161    
20160526001931108515261    
201605260019311085202012   
20160526001931108525031    
20160526001931108530032    
20160526001931108530193    
20160526001931108530271    
20160526001931108530381    
20160526002401107610172    
20160526002401107610253    
20160526002401107610271    
20160526002401107610323    
20160526002401107610345    
20160526002401107610381    
20160526002401107610471    
20160526002401107610623    
20160526002401107610651    
20160526002401107615061    
20160526002401107615331    
20160526002401107615351    
20160526002401107620011    
20160526002401107620021    
20160526002401107620101    
201605260024011076202012   
20160526002401107620221    
20160526002401107620331    
20160526002401107620401    
20160526002401107630015    
20160526002401107630053    
20160526002401107630081    
20160526002401107630271    
20160526002401107630571    
20160526002401107630671    
20160526002717108910271    
20160526002717108910323    
20160526002717108910342    
20160526002717108915111    
20160526002717108910681    
20160526002717108915401    
20160526002717108910302    
20160526002717108910841    
201605260027171089300110   
20160526002717108925261    
20160526002717108930481    
20160526002827103110141    
20160526002827103110211    
20160526002827103110221    
20160526002827103110255    
20160526002827103110302    
20160526002827103110322    
20160526002827103110341    
20160526002827103110622    
20160526002827103110651    
20160526002827103110661    
20160526002827103130203    
20160526002827103140015    
20160526002916106430723    
20160526003936100510323    
20160526003936100510421    
20160526003936100520011    
20160526003936100520021    
20160526003936100510623    
20160526003936100510631    
20160526003936100515352    
20160526003936100510306    
20160526003936100530082    
20160526003936100510022    
20160526003936100530921    
20160526004244100510681    
20160526004704100110255    
20160526004704100110681    
20160526004704100110881    
20160526004704100125031    
20160526004832108610141    
20160526004832108610255    
20160526004832108610305    
20160526004832108610491    
20160526004832108610681    
20160526004832108610862    
20160526004832108615261    
20160526004832108615401    
20160526004832108615421    
20160526004832108620011    
20160526004832108620021    
20160526004832108620101    
20160526004832108620401    
20160526004832108625121    
20160526004832108625131    
20160526004832108625251    
20160526004832108625261    
20160526004832108630032    
20160526004832108630111    
20160526004832108630271    
20160526004832108630361    
20160526004832108630462    
20160526004832108630691    
20160526004832108630701    
20160526004832108630931    
20160526004832108630964    
20160526010119104810104    
20160526010119104810112    
20160526010119104810125    
20160526010119104810175    
20160526010119104810432    
20160526010119104810471    
20160526010119104810611    
20160526010119104810661    
20160526010119104810671    
20160526010119104815172    
20160526010119104815371    
20160526010119104815401    
20160526010119104825085    
20160526010119104830032    
20160526010119104830081    
20160526010119104830203    
20160526010119104830521    
20160526010119104830532    
201605260102191096102510   
20160526010219109610343    
20160526010219109610371    
20160526010219109610381    
201605260102191096106210   
20160526010219109610652    
20160526010219109610661    
20160526010219109610682    
20160526010219109610792    
20160526010219109610802    
20160526010219109610862    
20160526010219109610881    
20160526010219109615041    
20160526010219109620262    
20160526010219109620401    
201605260102191096300110   
20160526010219109630032    
20160526010219109630055    
20160526010219109630431    
20160526010219109630671    
20160526010219109630921    
20160526012013108710173    
20160526012013108710303    
20160526012013108710421    
20160526012013108710652    
20160526012013108710681    
20160526012013108710861    
20160526012013108710872    
20160526012013108715061    
20160526012013108715071    
20160526012013108730035    
20160526012013108730121    
20160526012013108730431    
20160526012607110410021    
20160526012607110410252    
20160526012607110410622    
20160526012607110410861    
20160526012607110415211    
20160526012607110415361    
20160526012607110415401    
20160526012607110425141    
20160526012607110430012    
20160526012607110430052    
20160526012607110430081    
20160526012652100510101    
20160526012652100510861    
20160526013941106610681    
20160526013941106615242    
20160526013941106620161    
20160526013941106625131    
20160526013941106630053    
20160526013941106630121    
20160526014919101110172    
20160526014919101110272    
20160526014919101110303    
20160526014919101110623    
20160526014919101110653    
20160526014919101110681    
20160526014919101110803    
20160526014919101115071    
20160526014919101115261    
20160526014919101115351    
20160526014919101120101    
20160526014919101120331    
20160526014919101130017    
20160526014919101130053    
20160526014919101130271    
20160526014919101130393    
20160526014919101130401    
20160526015037102210252    
20160526015037102210303    
20160526015037102210322    
20160526015037102210421    
20160526015037102210625    
20160526015037102210652    
20160526015037102210792    
20160526015037102210802    
20160526015037102210812    
20160526015037102210862    
20160526015037102215041    
20160526015037102215161    
20160526015037102215401    
20160526015037102220011    
20160526015037102220021    
20160526015037102220052    
20160526015037102220212    
20160526015037102220271    
20160526015037102220311    
20160526015037102225021    
20160526015037102225112    
20160526015037102230016    
20160526015037102230053    
20160526015037102230111    
20160526015037102230172    
20160526015037102230251    
20160526015037102230261    
20160526015037102230271    
20160526015037102230341    
20160526015037102230394    
20160526015037102230512    
20160526015037102230561    
20160526015037102230672    
20160526015037102230691    
20160526015037102230701    
20160526020255104110185    
20160526020255104110422    
20160526020255104110651    
20160526020255104110662    
20160526020255104110681    
20160526020255104110791    
20160526020255104115062    
20160526020255104115101    
20160526020255104115211    
20160526020255104115261    
20160526020255104115352    
20160526020255104115401    
20160526020255104120011    
20160526020255104120021    
20160526020255104125011    
201605260202551041300110   
20160526020255104130032    
20160526020255104130055    
20160526020255104130082    
20160526020255104130112    
20160526020255104130204    
20160526020255104130263    
20160526020255104130271    
20160526020255104130301    
20160526020255104130341    
20160526020255104130411    
20160526020255104130571    
20160526020836100810343    
20160526020836100810862    
20160526024442103510022    
20160526024442103510272    
20160526024442103510325    
20160526024442103510383    
20160526024442103510421    
20160526024442103510651    
20160526024442103510661    
20160526024442103510861    
20160526024442103510871    
20160526024442103515261    
20160526024442103515351    
201605260244421035202012   
20160526024442103520331    
20160526024442103520403    
20160526024442103525251    
20160526024442103525261    
20160526024442103525274    
20160526024442103530032    
20160526024442103530042    
20160526024442103530052    
20160526024442103530121    
20160526024442103530381    
20160526024442103530392    
20160526024442103530431    
20160526030203110310141    
20160526030203110310211    
20160526030203110310221    
201605260302031103102510   
20160526030203110310271    
20160526030203110310306    
20160526030203110310348    
20160526030203110310383    
201605260302031103106315   
20160526030203110310682    
20160526030203110310793    
20160526030203110310821    
20160526030203110310862    
20160526030203110310881    
20160526030203110315041    
20160526030203110315171    
20160526030203110315251    
20160526030203110315261    
20160526030203110315291    
20160526030203110315351    
20160526030203110315371    
201605260302031103202012   
20160526030203110320271    
20160526030203110320332    
20160526030203110320402    
20160526030203110325031    
20160526030203110325083    
20160526030203110325093    
201605260302031103300120   
20160526030203110330034    
20160526030203110330061    
20160526030203110330081    
20160526030203110330112    
20160526030203110330192    
20160526030203110330202    
20160526030203110330321    
20160526030203110330331    
20160526030203110330382    
20160526030203110330401    
20160526030203110330451    
20160526030203110330491    
20160526030203110330501    
20160526030203110330521    
20160526030203110330561    
20160526030203110330671    
20160526030203110330701    
20160526030203110330723    
20160526030203110330891    
201605260302031103402710   
