20160303172505101210101    
20160303172505101210257    
20160303172505101210681    
20160303172505101210792    
20160303172505101210802    
20160303172505101230521    
20160303212712101230742    
20160303224307105210258    
201603032243071052103210   
20160303224307105210382    
20160303224307105210421    
20160303224307105210682    
20160303224307105210861    
20160303224307105210881    
20160303224307105220021    
20160303224307105220402    
20160303224307105230013    
20160303224307105230653    
20160303225332104010125    
20160303225332104010175    
20160303225332104010256    
20160303225332104010306    
20160303225332104010431    
20160303225332104010624    
20160303225332104010636    
20160303225332104010681    
20160303225332104010791    
20160303225332104010801    
20160303225332104010862    
20160303225332104010881    
20160303225332104015253    
20160303225332104015351    
20160303225332104020011    
20160303225332104020021    
201603032253321040202012   
201603032253321040300110   
20160303225332104030031    
20160303225332104030053    
20160303225332104030111    
20160303225332104030251    
20160303225332104030431    
20160303225332104030451    
20160303225332104030541    
20160303231517105810124    
20160303231517105810174    
20160303231517105810254    
20160303231517105810271    
20160303231517105810303    
20160303231517105810791    
20160303231517105810801    
201603032315171058202012   
20160303231517105830061    
20160303231637101910343    
20160303231637101910351    
20160303231637101910841    
201603032316371019300110   
20160303231637101930032    
20160303231637101930393    
20160303235302103910383    
20160303235302103910421    
20160303235302103910581    
20160303235302103910651    
20160303235302103910873    
20160303235302103915071    
20160303235302103915113    
20160303235302103915162    
20160303235302103930035    
20160303235302103930251    
20160303235302103930431    
20160304000921105810881    
20160304000921105815251    
20160304000921109110023    
20160304000921109110255    
20160304000921109110271    
20160304000921109110322    
20160304000921109110347    
20160304000921109110622    
20160304000921109110635    
20160304000921109110861    
20160304000921109115261    
20160304000921109115371    
20160304000921109115421    
20160304000921109120202    
20160304000921109125261    
20160304000921109130015    
20160304000921109130041    
20160304000921109130061    
20160304000921109130195    
20160304000921109130301    
20160304000921109130381    
20160304000921109130411    
201603040013521059102515   
20160304001352105910271    
20160304001352105910303    
20160304001352105910342    
20160304001352105910351    
20160304001352105910625    
20160304001352105910651    
20160304001352105910681    
20160304001352105915261    
201603040013521059300110   
20160304001352105930121    
20160304001352105930671    
20160304001352105930701    
20160304001518104510255    
20160304001518104510343    
20160304001518104510632    
20160304001518104530015    
20160304001530108710023    
20160304001530108710253    
20160304001530108710271    
20160304001530108710305    
20160304001530108710345    
20160304001530108710623    
20160304001530108710633    
20160304001530108710651    
20160304001530108710661    
20160304001530108715071    
20160304001530108715231    
20160304001530108715401    
20160304001530108725093    
20160304001530108730061    
20160304001530108730081    
20160304001530108730191    
20160304001530108730271    
20160304001530108730381    
20160304001530108730431    
20160304001530108730561    
20160304001648104310141    
201603040016481043103010   
20160304001648104310324    
20160304001648104310383    
20160304001648104310422    
20160304001648104310471    
20160304001648104310632    
20160304001648104310681    
20160304001648104310861    
20160304001648104320331    
20160304001648104325092    
20160304001648104325161    
20160304001648104330015    
20160304001648104330054    
20160304001648104330172    
20160304001648104330251    
20160304001648104330271    
20160304001648104330403    
20160304001648104330521    
20160304001648104330531    
20160304002931102910022    
20160304002931102910125    
20160304002931102910141    
201603040029311029102510   
20160304002931102910272    
201603040029311029103020   
20160304002931102910471    
20160304002931102910627    
20160304002931102910635    
20160304002931102910652    
20160304002931102910831    
20160304002931102910863    
20160304002931102915041    
20160304002931102915061    
20160304002931102915242    
20160304002931102915261    
20160304002931102915401    
20160304002931102920012    
20160304002931102920021    
201603040029311029300110   
20160304002931102930081    
20160304002931102930271    
20160304002931102930301    
20160304002931102930321    
20160304002931102930395    
20160304002931102930411    
20160304002931102930451    
20160304002931102930541    
20160304002931102930551    
20160304002951106110303    
20160304002951106110861    
20160304002951106115041    
201603040029511061300110   
20160304002951106130053    
20160304002951106130081    
20160304002951106130113    
20160304002951106130251    
20160304002951106130395    
20160304003335103810022    
20160304003335103810122    
20160304003335103810271    
20160304003335103810303    
20160304003335103810381    
20160304003335103810632    
20160304003335103810661    
20160304003335103810681    
20160304003335103815261    
20160304003335103830015    
20160304003335103830111    
20160304003335103830241    
20160304003335103830392    
20160304003713105810661    
20160304004141109710211    
20160304004141109710221    
20160304004141109710411    
20160304004141109710635    
20160304004141109710651    
20160304004141109710861    
20160304004141109710871    
20160304004141109715111    
20160304004141109715161    
20160304004242102510173    
201603040042421025102522   
20160304004242102510344    
20160304004242102510471    
20160304004242102510625    
20160304004242102510651    
20160304004242102510681    
20160304004242102515041    
20160304004242102515161    
20160304004242102515191    
20160304004242102515331    
20160304004242102515371    
20160304004242102520101    
20160304004242102530032    
20160304004242102530045    
20160304004242102530451    
20160304004902100510323    
20160304004902100520262    
20160304004902100515251    
20160304004902100510633    
20160304004902100520461    
20160304004902100510861    
20160304004902100530031    
20160304004902100530271    
20160304004902100530301    
20160304004902100530653    
20160304005410105830521    
20160304005410105830531    
20160304011515109310022    
20160304011515109310123    
20160304011515109310173    
20160304011515109310271    
20160304011515109310302    
20160304011515109310323    
20160304011515109310343    
20160304011515109310651    
20160304011515109310821    
20160304011515109310871    
20160304011515109310881    
20160304011515109315061    
20160304011515109315251    
20160304011515109315371    
201603040115151093202012   
20160304011515109325041    
201603040115151093300110   
20160304011515109330032    
20160304011515109330052    
20160304011515109330081    
20160304011515109330194    
20160304011515109330361    
20160304011515109330431    
20160304011515109330451    
20160304011515109330521    
20160304011515109330691    
20160304011848103310025    
20160304011848103310831    
20160304011848103315371    
20160304011848103320101    
201603040118481033202012   
20160304012017109315121    
20160304012017109315162    
20160304012017109325141    
20160304012017109325241    
20160304012017109330015    
20160304012017109330031    
20160304012017109330195    
20160304012017109330205    
20160304012017109330321    
20160304014830106710122    
20160304014830106710172    
20160304014830106710211    
20160304014830106710221    
20160304014830106710252    
20160304014830106710302    
20160304014830106710433    
20160304014830106710471    
20160304014830106710623    
20160304014830106710651    
20160304014830106710661    
20160304014830106710681    
20160304014830106710862    
20160304014830106710871    
20160304014830106725082    
20160304014830106725092    
20160304014830106725141    
201603040148301067300110   
20160304014830106730183    
20160304014830106730198    
20160304014830106730201    
20160304014830106730251    
20160304021014110210252    
20160304021014110210304    
20160304021014110210322    
20160304021014110210343    
20160304021014110210422    
20160304021014110210431    
20160304021014110210581    
20160304021014110210633    
20160304021014110215071    
20160304021014110230012    
20160304021014110230111    
20160304021014110230251    
20160304021014110230381    
20160304023151103330205    
20160304024714107310322    
20160304024714107310344    
20160304024714107310471    
20160304024714107310651    
20160304024714107310661    
20160304024714107310861    
20160304024714107315331    
20160304024714107325041    
20160304024714107330017    
20160304024714107330032    
20160304024714107330042    
20160304024714107330112    
20160304024714107330121    
20160304024714107330271    
20160304024714107330671    
20160304024714107330691    
20160304024714107330701    
20160304032234104110661    
20160304032234104115351    
20160304032234104120021    
20160304032234104120332    
20160304032234104130081    
20160304032234104130381    
