20160724202744900180021    
20160725195933900110095    
201607252314443102100910   
20160725231444310210106    
20160725231444310210111    
20160725231444310220052    
20160725231444310230022    
20160725231444310240022    
20160725231444310240031    
20160725231444310240041    
20160725231444310240052    
20160725231444310240062    
20160725231444310250061    
20160725231444310251001    
201607252314443102520220   
20160725231444310260022    
20160725231444310260031    
20160725231444310260055    
20160725231444310260101    
20160725231444310260121    
20160725231444310280031    
20160725231444310280042    
20160725231444310280104    
20160725231444310280142    
20160725232812120510095    
20160725232812120510104    
20160725232812120520051    
20160725232812120560082    
20160725232812120580031    
20160725232812120580141    
