20160628154307102010172    
20160628201219108610012    
20160628201219108610022    
20160628201219108610341    
20160628201219108620011    
20160628201219108620061    
20160628201219108620251    
20160628201219108650013    
20160628203018116810013    
20160628203018116810023    
20160628203018116810032    
20160628203018116810173    
20160628204845109110011    
20160628204845109110021    
20160628204845109110341    
20160628204845109120251    
20160628204845109120011    
20160628213054133610011    
20160628213054133610021    
20160628213054133610031    
20160628213054133610041    
20160628215042135410173    
20160628230126128110012    
20160628230126128110022    
20160628230126128110101    
20160628230126128120011    
20160628230126128140011    
20160628230323124510012    
20160628230323124510022    
20160628230323124510172    
20160628230323124510341    
20160628230343139010011    
20160628230626113210011    
20160628230626113210021    
20160628230626113210062    
20160628230626113210171    
20160628230626113210341    
20160628230626113220221    
20160628230840109410064    
20160628231326135010171    
20160628232024137010341    
20160628232346106710011    
20160628232346106710021    
20160628233442119410012    
20160628233442119410022    
20160628233442119440011    
20160628233442119410101    
20160628233459114810011    
20160628233536139410011    
20160628233536139420011    
20160628234209135710011    
20160628234209135710021    
20160628234209135720081    
20160628234209135710342    
20160628235111112010501    
20160628235111112010021    
20160628235111112010031    
20160628235113131510011    
20160628235113131510031    
20160628235113131510172    
20160628235113131510341    
20160628235113131520011    
20160628235113131520151    
20160628235814109610011    
20160628235814109610021    
20160628235814109610341    
20160629000032118410011    
20160629000032118410021    
20160629000032118420011    
20160629000312109810502    
20160629000312109810022    
20160629000312109810341    
20160629000503111210011    
20160629000503111210021    
20160629000503111220011    
20160629000503111220081    
20160629000503111210101    
20160629000803129710012    
20160629000803129710022    
20160629000803129710341    
20160629001323134310022    
20160629001323134310342    
20160629001323134310502    
20160629001323134320011    
20160629001323134320111    
20160629001323134330011    
20160629001323134330151    
20160629001949101510011    
20160629001949101510021    
20160629001949101510341    
20160629001949101510171    
20160629002121101910011    
20160629002121101910101    
20160629002206136420011    
20160629002206136410173    
20160629002206136420081    
20160629002206136420071    
20160629002206136430011    
20160629003321134710012    
20160629003321134710022    
20160629003321134710341    
20160629003340134210072    
20160629003340134210081    
20160629003340134210172    
20160629003437135810011    
20160629003437135810021    
20160629003437135810341    
20160629003437135820012    
20160629003437135820321    
20160629004312137210011    
20160629004312137210021    
20160629004312137220241    
20160629005008131110172    
20160629005008131110181    
20160629005045117210173    
20160629005735137610011    
20160629005735137610021    
20160629005735137610341    
20160629005735137620051    
20160629005735137620071    
20160629005934133810501    
20160629005934133810341    
20160629005934133810021    
20160629005934133820011    
20160629005934133820071    
20160629010805111710012    
20160629010805111710022    
20160629010805111710064    
20160629010805111710101    
20160629010805111720011    
20160629010805111740011    
20160629012610100210011    
20160629012703126110011    
20160629012703126110021    
20160629012703126110341    
20160629012703126120011    
20160629012703126130011    
20160629012703126140011    
20160629013230101210502    
20160629013230101210032    
20160629013230101210341    
20160629013230101220011    
20160629015348105410011    
20160629015348105410341    
20160629023445111410012    
20160629023445111410022    
20160629023445111410342    
201606290234451114101710   
20160629023445111410182    
20160629024135120610011    
20160629024135120610101    
20160629025504134010011    
20160629025504134010021    
20160629025504134010031    
20160629025504134010063    
20160629025504134010173    
20160629030700135210011    
20160629030700135210021    
20160629030700135210031    
20160629030700135210171    
20160629034211138610011    
20160629034211138640011    
20160629034211138610101    
20160629034211138610172    
20160629034211138610181    
20160629034211138620251    
20160629045244104710121    
20160629045244104710181    
