20160318234627200310012    
20160318234627200310173    
20160318234627200310276    
20160318234627200310302    
20160318234627200310322    
20160318234627200310381    
20160318234627200310421    
20160318234627200310633    
20160318234627200310651    
20160318234627200310871    
20160318234627200315211    
20160318234627200315401    
20160318234627200320051    
20160318234627200320111    
20160318234627200320271    
20160318234627200320401    
20160318234627200325251    
20160318234627200330016    
20160318234627200330071    
20160318234627200330193    
20160318234627200330203    
20160318234627200330271    
20160318234627200330411    
20160319023335200210221    
20160319023335200210631    
20160319023335200210634    
20160319023335200225251    
20160319023335200225261    
201603190233352002300110   
20160319023335200230381    
20160319023335200230671    
