20160202142958101810012    
20160202142958101810022    
20160202142958101820011    
20160202142958101810342    
20160202174136138510012    
20160202174136138510031    
20160202182220137610011    
20160202182220137610021    
20160202182220137610341    
20160202182220137620011    
20160202194222130810173    
20160202194222130810183    
20160202204414109110011    
20160202204414109110021    
20160202204414109110341    
20160202204414109120012    
20160202204414109120251    
20160202215917112310011    
20160202215917112310021    
20160202215917112320011    
20160202215917112320151    
20160202215917112320091    
20160202223401135010011    
20160202223401135010021    
20160202223401135020011    
20160202225128109610011    
20160202225128109610021    
20160202225128109610341    
20160202225128109620011    
20160202225339111110011    
20160202225339111110021    
201602022253391111101710   
20160202225339111110181    
20160202230341136510012    
20160202230341136510022    
20160202230341136510031    
20160202230341136510331    
20160202230627106610502    
20160202230627106610022    
20160202230627106610342    
20160202230627106630011    
20160202230627106650014    
20160202231104126810013    
20160202231104126810023    
20160202231104126810105    
20160202231104126820071    
20160202231104126820091    
20160202231104126820141    
20160202231104126820012    
20160202231104126820151    
20160202231104126830012    
20160202231104126840011    
20160202231104126850015    
20160202232353102510011    
20160202232353102510021    
20160202232353102510171    
20160202232353102510182    
20160202232353102510341    
20160202232353102520011    
20160202232353102530011    
20160202233356101910101    
20160202233356101910011    
20160202233646139010072    
20160202233646139010171    
20160202233646139020081    
20160202233818134310022    
20160202233818134310342    
20160202233818134310502    
20160202233818134320011    
20160202233818134330011    
20160202234310136810012    
20160202234310136810341    
20160202234310136820151    
20160202234701102010011    
20160202234701102010021    
20160202234701102030011    
20160202235044131110172    
20160202235611135710011    
20160202235611135710021    
20160202235611135720011    
20160202235611135730011    
20160203000332116810173    
20160203000332116810182    
20160203001116129210012    
20160203001116129210022    
20160203001116129210031    
20160203001724133610011    
20160203001724133610021    
20160203001724133630011    
20160203001724133610064    
20160203001724133620121    
20160203002507139210011    
20160203002507139210021    
20160203002522136410013    
20160203002522136410023    
20160203002522136410342    
20160203002522136420151    
20160203002522136410173    
20160203003429138310041    
20160203003429138320151    
20160203003706137010072    
20160203003706137010082    
20160203003706137010101    
20160203003706137010172    
20160203003706137030131    
20160203003732135610012    
20160203003732135610022    
20160203003900138610011    
20160203003900138610101    
20160203003900138610175    
20160203003900138610181    
20160203003937134710012    
20160203003937134710022    
20160203003937134720151    
20160203004001135810011    
20160203004001135810021    
20160203004001135810341    
20160203004001135840011    
20160203004001135820151    
20160203004001135820251    
20160203004032118410011    
20160203004032118410021    
20160203004032118410341    
20160203004032118420251    
20160203004231114610013    
20160203004231114610023    
20160203004231114610103    
20160203004231114620011    
20160203004231114650015    
20160203004632113210062    
20160203004632113210171    
20160203004632113230011    
20160203004632113230121    
20160203004935131510011    
20160203004935131510172    
20160203005241111210011    
20160203005241111210021    
20160203005241111220011    
20160203005241111220221    
20160203010424134210073    
20160203010424134210081    
20160203010424134210174    
20160203010601100210011    
20160203010601100210032    
20160203010709101210502    
20160203010709101220011    
20160203010709101210341    
20160203012434105410011    
20160203012434105430011    
20160203014618134010011    
20160203014618134010021    
20160203015339137510012    
20160203015339137510022    
20160203015339137520071    
20160203015910124510012    
20160203015910124510022    
20160203015910124510342    
20160203020149111410013    
20160203020149111410023    
20160203020149111410342    
20160203020149111420011    
20160203020149111420251    
20160203020149111430011    
20160203020149111420141    
20160203020149111450013    
20160203020149111450045    
201602030201491114101710   
20160203020149111410182    
20160203020243111710012    
20160203020243111710022    
20160203020243111710066    
20160203020243111710102    
20160203020243111720011    
20160203020243111730011    
20160203020243111740011    
20160203020243111750012    
20160203040509122510013    
20160203040509122510023    
20160203040509122510343    
20160203040509122520012    
20160203040509122520081    
20160203040509122520111    
20160203040509122520151    
20160203040509122530011    
20160203043418135210011    
20160203043418135210021    
20160203043418135220091    
20160203043418135220111    
