201612152218331105313610   
201612152314097002500115   
20161215231409700250031    
20161215231409700250042    
20161215231409700250052    
20161215231409700250071    
20161215231409700250139    
20161215231409700250183    
20161215231409700250193    
20161215231409700250223    
20161215231409700250411    
20161215231409700250811    
20161215231409700250981    
20161215231409700251052    
20161215231409700251271    
20161215232240103830362    
20161215232240103830401    
20161215232240103830545    
201612152322401038307210   
20161215232240103830735    
20161215232240103830871    
20161215232240103831101    
20161215232240103831431    
20161215232240103831452    
20161215234510707050015    
20161215234510707050071    
20161215234510707050133    
20161215234510707050161    
20161215234510707050183    
20161215234510707050631    
20161215234510707050711    
20161215234510707051051    
201612160035357053500112   
20161216003535705350041    
20161216003535705350051    
20161216003535705350141    
20161216003535705350221    
20161216003535705351321    
20161216004310706850017    
20161216004310706850221    
20161216004310706850133    
20161216004310706851062    
20161216004310706851271    
20161216004310706850343    
201612160046557104500110   
20161216004655710450032    
20161216004655710450136    
20161216004655710450162    
20161216004655710450193    
20161216004655710450241    
20161216004655710450391    
20161216004655710450521    
20161216004824703250223    
20161216004824703251191    
20161216004824703251061    
20161216004824703250344    
20161216004824703250192    
20161216004824703250812    
20161216004824703250981    
20161216004824703250682    
20161216004824703251053    
20161216004824703250043    
20161216004824703250052    
201612160048247032500130   
20161216004824703250071    
20161216004824703250741    
20161216005758103130015    
201612160158411030316020   
201612160158411030316220   
20161216015841103030031    
20161216015841103031641    
20161216015841103031034    
20161216015841103030801    
20161216015841103030251    
20161216015841103050773    
20161216015841103031581    
20161216020017103031381    
201612160210297009500125   
20161216021029700950041    
20161216021029700950051    
20161216021029700950061    
20161216021029700950073    
201612160210297009501327   
20161216021029700950141    
20161216021029700950183    
20161216021029700950192    
20161216021029700950221    
20161216021029700950232    
20161216021029700950241    
20161216021029700950252    
20161216021029700950291    
20161216021029700950411    
20161216021029700950811    
20161216021029700950832    
20161216021029700950862    
20161216021029700950912    
20161216021029700951054    
