20160628224108023111053    
20160628224108023112136    
20160628224108023112143    
20160628224108023113012    
20160628224108023116045    
20160628224108023117061    
20160628224108023118071    
201606282322210346110310   
20160628232221034611061    
20160628232221034615043    
20160628232221034617421    
20160628232221034618141    
201606282351500259110220   
201606290002440328110210   
20160629000244032813011    
20160629000244032815013    
20160629000244032816021    
201606290002440328180112   
20160629000244032819091    
20160629000244032815043    
20160629000244032819302    
20160629000244032815061    
20160629000244032812134    
20160629002216033111025    
20160629002216033111053    
20160629002216033111062    
20160629002216033113011    
20160629002216033115121    
20160629002216033115131    
20160629002216033117451    
20160629002216033113091    
201606290036450322110210   
20160629003645032211052    
20160629003645032212131    
20160629003645032212141    
20160629003645032219091    
201606290044190327110210   
20160629004419032713083    
20160629004419032717291    
20160629004419032717351    
20160629004419032717421    
201606290045110156110230   
20160629004511015613011    
20160629004511015611053    
20160629004511015611063    
201606290057320115110210   
20160629005732011511062    
20160629010145008822031    
20160629010145008812141    
20160629010145008813011    
201606290101450088110120   
201606290115270197110210   
20160629011527019711062    
20160629011527019712134    
20160629011527019712142    
20160629011527019713011    
20160629011527019717031    
20160629011527019717061    
201606290131520237110210   
201606290131520237110310   
20160629013152023721141    
201606290135200069110210   
201606290135200069110310   
20160629013520006911052    
20160629013520006911064    
20160629013520006919231    
20160629013520006918011    
201606290136140343110220   
201606290136140343110310   
20160629013614034311053    
20160629013614034311063    
20160629013614034311253    
20160629013614034313091    
20160629013614034316031    
20160629013614034316045    
20160629013614034316101    
20160629013614034317213    
20160629013614034317351    
20160629013614034317421    
20160629013614034317471    
20160629013614034318121    
20160629013614034319221    
201606290146220345110220   
20160629014622034511066    
20160629014622034519201    
20160629014622034517031    
201606290146220345110310   
20160629014622034517421    
20160629014622034517471    
20160629014622034515062    
20160629014622034518121    
201606290152330329110210   
20160629015233032911061    
20160629015233032918011    
201606290203030326110210   
20160629020303032622671    
201606290206580150110110   
20160629020658015017031    
20160629020658015017351    
20160629020658015011064    
20160629020658015011052    
201606290209120011110110   
20160629020912001122041    
201606290209120011121314   
201606290210250284110220   
20160629021025028418081    
201606290213200310110210   
20160629021320031011051    
20160629021320031011061    
20160629021320031013083    
201606290228200347110250   
20160629022820034713012    
20160629022820034712122    
201606290228470341110210   
201606290228470341110310   
20160629022847034111054    
20160629022847034111062    
20160629022847034122671    
201606290229470242110230   
20160629022947024211055    
20160629022947024222032    
20160629022947024219222    
20160629022947024219232    
201606290230360279110310   
20160629023036027911052    
20160629023036027913011    
20160629023036027915132    
20160629023036027915122    
201606290237010041110310   
201606290237010041110510   
20160629023701004117012    
201606290256170055110120   
20160629025617005511062    
20160629025617005517471    
20160629025617005517351    
201606290318320181110210   
201606290318320181110310   
20160629031832018111053    
20160629031832018111063    
20160629031832018122041    
20160629032426022219201    
201606290324260222110210   
20160629032426022211064    
20160629032426022213011    
201606290346400073121320   
20160629034640007317031    
20160629034640007319201    
