20160629132738812710013    
20160629132738812710021    
201606291327388127100515   
20160629132738812710091    
20160629132738812710371    
20160629132738812710421    
20160629132738812710542    
20160629132738812710631    
20160629132738812710661    
20160629132738812710745    
20160629132738812716122    
201606291327388127161510   
20160629132738812720033    
201606291327388127200613   
20160629132738812720074    
20160629132738812720081    
20160629132738812720108    
20160629132738812720121    
20160629140517810010012    
20160629140517810010054    
20160629140517810016152    
20160629140517810020071    
20160629140517810020103    
20160629140517810020112    
20160629140517810020123    
20160629151041815410012    
20160629151041815410091    
20160629151041815410261    
20160629151041815420031    
20160629151041815420065    
20160629151041815420071    
20160629151041815440051    
20160629151041815410301    
20160629151041815410312    
20160629151041815410371    
20160629151041815410421    
20160629151041815410522    
20160629151041815416158    
20160629151041815410551    
20160629151041815410681    
20160629151041815420104    
20160629151041815420111    
20160629151041815420121    
20160629153422805810011    
201606291534228058100510   
20160629153422805810261    
20160629153422805810312    
20160629153422805810371    
20160629153422805810521    
20160629153422805810542    
20160629153422805810632    
20160629153422805810681    
20160629153422805810742    
20160629153422805810753    
20160629153422805816121    
20160629153422805816157    
20160629153422805820031    
20160629153422805820066    
20160629153422805820072    
20160629153422805820102    
20160629153422805840071    
20160629155115814610012    
20160629155115814610031    
20160629155115814620032    
20160629155115814620063    
20160629155115814620071    
201606291551158146100515   
20160629155115814616121    
20160629155115814616156    
20160629155115814610541    
20160629155115814610631    
20160629155115814620103    
20160629155115814610742    
20160629155708811010011    
20160629155708811010261    
20160629155708811016152    
20160629155708811020062    
20160629160053815210012    
20160629160053815210055    
20160629160053815210261    
20160629160053815210541    
20160629160053815210751    
20160629160053815216121    
20160629160053815216153    
20160629160053815220031    
20160629160053815220062    
20160629160053815220071    
20160629160053815220081    
20160629160053815220102    
20160629161641813910012    
20160629161641813910031    
20160629161641813910057    
20160629161641813910081    
20160629161641813910261    
20160629161641813910311    
20160629161641813910372    
20160629161641813910643    
20160629161641813916121    
20160629161641813916158    
20160629161641813920062    
20160629161641813920071    
20160629161641813920121    
20160629171602809010011    
201606291716028090100518   
20160629171602809010262    
20160629171602809010523    
20160629171602809010741    
20160629171602809010755    
20160629171602809016122    
201606291716028090161513   
20160629171602809020032    
20160629171602809020068    
20160629171602809020073    
20160629171602809020081    
20160629171602809020107    
20160629171602809020111    
20160629171602809020121    
20160629171602809040081    
20160629171602809050021    
20160629171602809050091    
20160629171602809050101    
20160629171733811710071    
20160629171733811710302    
20160629171733811710621    
20160629171733811716151    
20160629171733811720032    
20160629171733811720062    
20160629171733811720102    
20160629171733811720111    
20160629171733811730012    
20160629172209814110015    
20160629172209814110021    
20160629172209814110031    
20160629172209814110071    
20160629172209814110091    
20160629172209814110101    
20160629172209814110122    
20160629172209814110264    
20160629172209814120034    
201606291722098141200610   
20160629172209814120076    
20160629172209814120081    
20160629172209814130051    
20160629172209814140052    
20160629172209814110058    
20160629172209814110491    
201606291722098141105210   
20160629172209814116122    
20160629172209814110542    
20160629172209814110645    
20160629172209814110683    
20160629172209814120108    
20160629172209814120113    
20160629172209814110731    
20160629172209814120122    
20160629172209814111013    
20160629172209814110745    
20160629172209814110755    
20160629172402806510055    
20160629172402806510302    
20160629172402806510312    
20160629172402806510361    
20160629172402806510391    
20160629172402806510523    
20160629172402806516121    
20160629172402806516157    
20160629172402806520065    
20160629172402806520073    
20160629173829814140101    
20160629173829814150092    
20160629173829814150102    
20160629173829814150113    
20160629175247805210012    
20160629175247805210055    
20160629175247805210371    
20160629175247805210521    
20160629175247805216121    
20160629175247805216153    
20160629175247805220033    
20160629175247805220066    
20160629175247805220081    
20160629175247805220103    
20160629175247805220112    
20160629175247805250021    
20160629175626813210021    
20160629175626813220031    
20160629175626813220065    
20160629175626813220072    
20160629175626813220081    
20160629175626813230051    
20160629175626813250021    
20160629175626813250061    
20160629175626813250091    
20160629175626813250101    
201606291756268132100510   
20160629175626813216123    
20160629175626813216157    
20160629175626813210541    
20160629175626813210611    
20160629175626813210632    
20160629175626813210681    
20160629175626813220103    
20160629175626813220111    
20160629175626813211012    
20160629180214811820062    
20160629180214811820071    
20160629180214811810054    
20160629180214811810301    
20160629180214811816153    
20160629180214811820102    
20160629180214811820111    
20160629180220815216151    
20160629180220815220061    
20160629180220815220101    
20160629180551814010011    
20160629180551814010031    
20160629180551814020032    
20160629180551814020065    
20160629180551814020071    
20160629180551814050011    
20160629180551814050021    
20160629180551814050091    
20160629180551814010055    
20160629180551814016121    
201606291805518140161510   
20160629180551814020103    
20160629180551814020112    
20160629180551814020121    
20160629181000806410053    
20160629181000806410311    
20160629181000806410521    
20160629181000806410541    
20160629181000806410611    
20160629181000806410751    
20160629181000806416121    
20160629181000806416155    
20160629181000806420065    
20160629181000806420071    
20160629181000806420102    
20160629182035807910013    
20160629182035807910031    
20160629182035807910055    
20160629182035807910091    
20160629182035807910261    
20160629182035807910302    
20160629182035807910311    
20160629182035807910372    
20160629182035807910392    
20160629182035807910421    
20160629182035807910642    
20160629182035807916121    
20160629182035807916158    
20160629182035807920032    
20160629182035807920067    
20160629182035807920072    
20160629182035807920103    
20160629182035807920111    
20160629182035807920121    
20160629182035807940081    
20160629182035807950021    
20160629182054809610011    
20160629182054809610056    
20160629182054809610261    
20160629182054809610391    
20160629182054809610742    
20160629182054809610752    
20160629182054809616121    
20160629182054809616156    
20160629182054809620031    
20160629182054809620063    
20160629182054809620072    
20160629182054809620081    
20160629182054809620104    
20160629182054809620111    
20160629182054809620121    
20160629182054809630012    
20160629182054809630051    
20160629182054809640101    
20160629182054809650011    
20160629182054809650031    
20160629182104808110011    
20160629182104808120032    
20160629182104808120066    
20160629182104808120071    
20160629182104808110053    
20160629182104808110521    
20160629182104808116121    
20160629182104808116157    
20160629182104808120105    
20160629182104808120112    
20160629182739807010011    
20160629182739807020032    
20160629182739807020063    
20160629182739807020071    
20160629182739807050021    
20160629182739807030012    
20160629182739807010053    
20160629182739807010301    
20160629182739807010371    
20160629182739807010391    
20160629182739807010521    
20160629182739807016121    
20160629182739807016153    
20160629182739807010641    
20160629182739807020104    
20160629182739807020112    
20160629182850807510021    
20160629182850807510052    
20160629182850807510301    
20160629182850807520062    
20160629182850807520071    
20160629182850807520081    
20160629182850807530012    
20160629182850807550091    
20160629183258810110051    
20160629183258810110641    
20160629183258810111011    
20160629183258810111021    
20160629183850815110014    
20160629183850815120031    
20160629183850815120064    
20160629183850815120072    
20160629183850815120081    
20160629183850815140101    
20160629183850815110052    
20160629183850815110301    
20160629183850815110371    
20160629183850815116121    
20160629183850815116158    
20160629183850815120101    
20160629183850815120111    
20160629183850815120121    
20160629183850815110741    
20160629183850815110751    
20160629184550809710017    
20160629184550809710021    
20160629184550809710031    
20160629184550809710522    
20160629184550809716122    
201606291845508097161515   
20160629184550809720081    
201606291845508097201015   
20160629190713806910121    
20160629190713806910371    
20160629190713806910633    
20160629190713806916155    
20160629190713806920032    
20160629190713806920065    
20160629190713806920072    
20160629190713806920105    
20160629190713806920112    
20160629190713806930012    
20160629191428806110031    
20160629191428806116122    
20160629191428806116155    
20160629191428806120105    
20160629191658812410013    
201606291916588124100513   
20160629191658812410262    
20160629191658812410303    
20160629191658812410311    
20160629191658812410361    
20160629191658812410372    
20160629191658812410393    
20160629191658812410522    
20160629191658812410551    
20160629191658812416123    
201606291916588124161513   
20160629191658812420033    
20160629191658812420066    
20160629191658812420079    
20160629191658812420081    
20160629191658812420107    
20160629191658812420113    
20160629191658812420122    
20160629191658812430041    
20160629191658812430051    
20160629193201811410012    
20160629193201811416121    
20160629193201811416152    
20160629193201811420062    
20160629193201811420071    
20160629193201811420102    
20160629193216807210055    
20160629193216807210261    
20160629193216807210642    
20160629193216807210742    
20160629193216807216121    
20160629193216807216155    
20160629193216807220032    
20160629193216807220065    
20160629193216807220072    
20160629193216807220103    
20160629193216807240071    
20160629195029814611011    
20160629195029814611027    
20160629195054810410014    
20160629195054810410031    
20160629195054810410056    
20160629195054810410121    
20160629195054810410262    
20160629195054810410302    
20160629195054810410311    
20160629195054810410371    
20160629195054810410521    
20160629195054810410541    
20160629195054810410641    
20160629195054810416121    
201606291950548104161511   
20160629195054810420033    
20160629195054810420064    
20160629195054810420071    
20160629195054810420081    
20160629195054810420109    
20160629195054810420112    
20160629195054810420122    
20160629195054810430015    
20160629195054810440071    
20160629195054810450101    
20160629195204808310011    
20160629195204808310053    
20160629195204808310741    
20160629195204808310751    
20160629195204808316121    
20160629195204808316151    
20160629195204808320031    
20160629195204808320062    
20160629195204808320072    
20160629195204808320081    
20160629195204808320101    
20160629195744812010012    
20160629195744812010021    
20160629195744812010031    
201606291957448120100510   
20160629195744812010091    
20160629195744812010263    
20160629195744812010372    
20160629195744812010523    
20160629195744812010621    
20160629195744812010661    
20160629195744812010746    
20160629195744812016122    
201606291957448120161520   
20160629195744812020033    
201606291957448120200612   
20160629195744812020073    
20160629195744812020081    
20160629195744812020107    
20160629195744812040081    
20160629195744812050091    
20160629195744812050101    
20160629195900804610011    
20160629195900804610302    
20160629195900804610642    
20160629195900804616121    
201606291959008046161510   
20160629195900804620031    
20160629195900804620068    
20160629195900804620081    
20160629195900804620105    
20160629200020813110012    
20160629200020813110441    
20160629200020813110542    
20160629200020813116121    
20160629200020813116155    
20160629200020813120033    
20160629200020813120063    
20160629200020813120105    
20160629200256813610012    
20160629200256813610059    
20160629200256813610262    
20160629200256813610372    
20160629200256813610392    
20160629200256813610521    
20160629200256813610632    
20160629200256813610742    
20160629200256813616122    
201606292002568136161511   
20160629200256813620033    
20160629200256813620068    
20160629200256813620072    
20160629200256813620081    
20160629200256813620105    
20160629200256813620122    
20160629200425814710012    
20160629200425814716158    
20160629200425814720071    
20160629200425814720102    
20160629200425814720122    
20160629200801814410012    
20160629200801814410031    
20160629200801814420032    
20160629200801814420064    
20160629200801814420072    
20160629200801814450021    
20160629200801814450091    
20160629200801814450101    
201606292008018144100510   
20160629200801814410302    
20160629200801814410371    
20160629200801814410392    
20160629200801814410522    
20160629200801814416121    
201606292008018144161510   
20160629200801814410542    
20160629200801814410551    
20160629200801814410611    
20160629200801814410642    
20160629200801814450181    
20160629200801814420105    
20160629200801814420112    
20160629200801814420121    
20160629200801814411013    
201606292008018144110220   
20160629200801814410742    
20160629202419809210015    
20160629202419809210021    
20160629202419809210031    
201606292024198092100515   
20160629202419809210264    
20160629202419809210301    
20160629202419809210311    
20160629202419809210371    
20160629202419809210391    
20160629202419809210525    
20160629202419809210551    
20160629202419809210634    
20160629202419809210645    
20160629202419809210681    
20160629202419809216122    
201606292024198092161515   
201606292024198092200615   
20160629202419809220076    
20160629202419809220081    
20160629202419809250101    
