20161017104606161640021    
20161017104606161640031    
20161017104606161650011    
20161017104606161660591    
20161017104748161660391    
20161017104748161650101    
20161017105704141540002    
20161017105704141540011    
20161017105704141540021    
20161017105704141550103    
20161017105704141560321    
20161017111649821040001    
20161017111649821050101    
20161017111649821060001    
20161017122844542850121    
20161017122844542860011    
20161017122844542860351    
20161017122844542860391    
20161017122844542860592    
