20160530141606100810021    
20160530141606100810033    
20160530141606100810188    
20160530141606100810202    
20160530141606100810261    
20160530141606100820001    
201605301416061008200110   
20160530141606100820021    
20160530141606100820051    
20160530141606100820062    
20160530141606100820081    
20160530141606100840016    
20160530141606100840023    
20160530141606100840151    
20160530141606100840061    
20160530141606100841034    
20160530141606100841041    
20160530141606100831031    
20160530172249202810021    
20160530172249202810041    
20160530172249202810132    
201605301722492028101810   
20160530172249202810202    
20160530172249202810222    
20160530172249202810262    
20160530172249202820001    
20160530172249202820021    
20160530172249202830121    
201605301722492028310320   
20160530172249202840051    
20160530172249202841034    
201605301727392044100325   
20160530172739204410042    
20160530172739204410061    
20160530172739204410134    
20160530172739204410202    
20160530172739204410223    
20160530172739204410262    
20160530172739204420001    
20160530172739204420011    
20160530172739204420025    
20160530172739204420052    
20160530172739204420073    
20160530172739204420101    
201605301727392044300410   
201605301727392044310320   
20160530172739204440002    
20160530172739204440015    
20160530172739204440022    
20160530172739204440053    
20160530172739204440152    
20160530172739204440191    
20160530172739204441032    
20160530172739204441042    
20160530172739204441071    
20160530172739204450011    
20160530173003203410022    
20160530173003203410031    
20160530173003203410081    
20160530173003203410191    
20160530173003203410202    
20160530173003203410222    
20160530173003203420001    
20160530173003203440052    
20160530173003203440151    
20160530173003203441032    
20160530173003203441041    
20160530173003203460071    
20160530184945204810011    
20160530184945204810021    
201605301849452048100319   
20160530184945204810043    
20160530184945204810134    
20160530184945204810161    
20160530184945204810202    
20160530184945204810223    
20160530184945204810264    
20160530184945204820002    
20160530184945204820012    
20160530184945204820023    
20160530184945204820055    
20160530184945204820061    
20160530184945204820073    
20160530184945204830044    
201605301849452048310319   
20160530184945204840051    
20160530184945204841034    
20160530184945204841041    
20160530184945204850031    
20160530184945204877791    
20160530184945204877801    
20160530185443204310021    
20160530185443204310181    
20160530185443204310202    
20160530185443204310261    
20160530185443204320081    
20160530185443204340001    
20160530185443204340011    
20160530185443204340093    
20160530185443204377811    
20160530191624203810041    
20160530191624203810184    
20160530191624203810202    
20160530191624203810222    
20160530191624203810261    
20160530191624203820011    
20160530191624203820022    
20160530191624203820051    
20160530191624203820071    
20160530191624203820101    
20160530191624203840001    
20160530191624203841033    
20160530191624203841041    
20160530193015204320011    
20160530211407101510061    
20160530211407101510161    
20160530211407101520066    
20160530211407101520082    
20160530211407101510141    
20160530211407101510221    
20160530211407101520011    
20160530211407101520022    
20160530211407101520052    
20160530211407101541033    
20160530211407101510201    
20160530213752205020011    
20160530213752205020021    
20160530213752205020052    
20160530213752205020072    
20160530213752205020101    
20160530213752205040093    
20160530213752205040111    
20160530221805201410011    
20160530221805201410021    
201605302218052014100320   
20160530221805201410052    
20160530221805201440031    
20160530221805201440151    
20160530221805201441032    
20160530221805201441051    
20160530221805201450012    
20160530224834204610021    
201605302248342046100320   
20160530224834204610041    
20160530224834204610051    
20160530224834204610061    
20160530224834204610133    
20160530224834204610201    
20160530224834204610222    
20160530224834204610262    
20160530224834204620011    
20160530224834204620072    
20160530224834204630043    
20160530224834204640013    
20160530224834204640021    
20160530224834204640191    
20160530224834204641033    
20160530224834204641051    
20160530224834204641071    
20160530225546204710021    
201605302255462047100320   
20160530225546204710041    
20160530225546204710131    
20160530225546204710182    
20160530225546204710202    
20160530225546204710224    
20160530225546204710261    
20160530225546204720001    
20160530225546204740051    
20160530225546204741051    
20160530225546204777791    
20160530230107101310011    
20160530230107101310021    
20160530230107101320072    
20160530230107101310202    
20160530230107101340054    
20160530230107101341034    
20160530230107101341041    
20160530230107101320021    
20160530230107101320041    
20160530230107101320051    
20160530230107101340031    
20160530230107101310041    
20160530230107101310032    
20160530230107101310091    
20160530230107101310142    
20160530230107101310223    
20160530230107101310185    
20160530230107101310262    
20160530230107101310137    
20160530230107101377791    
20160530230107101340151    
20160530231158103210011    
20160530231158103210022    
201605302311581032100320   
20160530231158103210041    
20160530231158103210051    
20160530231158103210081    
20160530231158103210091    
20160530231158103210133    
20160530231158103210141    
20160530231158103210202    
20160530231158103210223    
20160530231158103220001    
20160530231158103240016    
20160530231158103240022    
20160530231158103240051    
20160530231158103240151    
20160530231158103241035    
