20161219203353502210051    
20161219203353502230281    
20161219203353502230401    
20161219203353502260051    
20161219204747606220042    
20161219204747606250012    
20161219204747606250022    
20161219204747606250031    
20161219204747606270163    
20161219210232100210012    
20161219210232100210041    
20161219210232100230031    
20161219210232100230045    
20161219210232100230262    
20161219210232100230282    
20161219210232100240041    
20161219210232100240114    
20161219222211609910012    
20161219222211609910052    
20161219222211609930283    
20161219224106603010051    
20161219224106603030121    
20161219224106603030161    
20161219224106603030281    
20161219224106603030311    
20161219224106603040111    
20161219224106603060091    
20161219231402606910051    
20161219231402606960221    
20161219231557609791022    
20161219231557609791041    
20161219231557609791081    
20161219231557609791091    
20161219231557609791321    
20161219231557609791362    
20161219231557609791431    
20161219231557609791551    
20161219231557609791562    
20161219231557609791861    
20161219231557609791921    
20161220010854607040112    
20161220010854607030251    
20161220010854607010051    
20161220010854607010041    
20161220010854607030123    
20161220010854607050011    
20161220010854607020041    
20161220010854607040131    
20161220010854607070012    
20161220010854607060131    
20161220011109505230031    
20161220011109505230251    
20161220011109505230381    
20161220011109505240081    
20161220011109505240091    
20161220011109505250031    
20161220011109505270011    
20161220011109505270162    
20161220015718606010041    
20161220015718606010051    
20161220015718606012571    
20161220015718606020041    
20161220015718606030011    
20161220015718606040112    
20161220015718606040131    
20161220015718606050032    
20161220015718606050081    
20161220015718606060061    
20161220020433600210051    
20161220020433600210061    
20161220020433600210071    
20161220020433600230031    
20161220020433600230043    
20161220020433600230282    
20161220020433600270021    
20161220033847604230422    
