201609161936551394100120   
20160916193655139410301    
20160916193655139410311    
20160916193655139410292    
201609162003110170100140   
201609162012400884100160   
201609162012400884102910   
20160916201240088410605    
2016091620174617341001100  
20160916201746173410061    
20160916201746173410293    
20160916201746173410433    
20160916201746173415991    
201609162027390141100140   
20160916202739014110134    
2016091620433601901001120  
20160916204336019010061    
20160916204336019010134    
20160916204336019010304    
20160916204336019010313    
20160916204336019013395    
20160916204336019010572    
201609162043421614100160   
20160916204342161410131    
201609162044341324100180   
20160916204434132410303    
20160916204434132410313    
20160916204434132410433    
201609162055201494100120   
20160916205520149410181    
20160916205520149410293    
201609162055201494105310   
2016091620565902301001100  
20160916205659023010111    
20160916205659023010134    
201609162056590230102910   
20160916205659023010573    
20160916205659023013492    
20160916205659023014291    
201609162057331794100140   
20160916205733179410281    
20160916205733179410462    
201609162058131764100180   
20160916205813176410111    
20160916205813176410171    
20160916205813176410423    
20160916205813176410582    
201609162102561854100180   
20160916210256185410133    
20160916210256185410181    
20160916210256185410301    
20160916210256185410311    
2016091621025618541052100  
20160916210256185413393    
20160916210256185413493    
20160916210256185418291    
20160916210256185419993    
2016091621035705941001280  
20160916210357059410141    
2016091621040302491001120  
20160916210403024910061    
20160916210403024910101    
20160916210403024910121    
20160916210403024910132    
20160916210403024910222    
201609162104030249105320   
20160916210403024915991    
20160916210403024916991    
201609162104320156100160   
20160916210432015610132    
