20160712120653137210012    
20160712120653137210022    
20160712120653137210342    
20160712165954129710012    
20160712165954129710022    
20160712165954129710341    
20160712165954129730011    
20160712195656113010014    
20160712195656113010342    
20160712195656113020011    
20160712195656113020091    
20160712195656113020241    
20160712210531112310011    
20160712210531112310021    
20160712210531112350031    
20160712212411139010011    
20160712212411139010071    
20160712212411139010171    
20160712212411139010181    
20160712220815102810011    
20160712220815102810021    
20160712222214138710011    
20160712222214138720111    
20160712222214138710171    
20160712222320138710171    
20160712223934130810172    
20160712224930109610011    
20160712224930109610021    
20160712225023108610012    
20160712225023108610022    
20160712225023108610342    
20160712225023108630011    
20160712225023108620011    
20160712225549133610011    
20160712225549133610021    
20160712225549133610031    
20160712225549133620011    
20160712225719133610011    
20160712225719133610021    
20160712225719133610031    
20160712225719133620011    
20160712225719133610172    
20160712232410134310022    
20160712232410134310341    
20160712232410134310502    
20160712232653100210011    
20160712232813111210011    
20160712232813111210021    
20160712232813111220011    
20160712232813111210101    
20160712232813111220121    
20160712233328131110011    
20160712233328131110021    
20160712233328131120151    
20160712233328131110173    
20160712233328131110181    
20160712234336102010011    
20160712234336102010021    
20160712234336102010101    
20160712234336102020151    
20160712234707135010011    
20160712234707135010021    
20160712234707135010341    
20160712235431137010012    
20160712235431137010022    
20160712235431137010341    
20160712235431137020011    
20160712235542119410012    
20160712235542119410022    
20160712235542119410101    
20160712235542119430041    
20160713000005135810011    
20160713000005135810021    
20160713000005135810341    
20160713000134109810502    
20160713000134109810022    
20160713000134109810341    
20160713000536126810012    
20160713000536126810022    
20160713000536126810101    
20160713000536126820011    
20160713000536126820081    
20160713000936135710012    
20160713000936135710022    
20160713000936135710342    
20160713001216113210011    
20160713001216113210021    
20160713001216113210062    
20160713001216113210171    
20160713001216113210341    
20160713001216113220081    
20160713001216113230071    
20160713001216113250011    
20160713003152134710173    
20160713003727112010501    
20160713003727112010021    
20160713003727112050011    
20160713003727112030011    
20160713004058137210073    
20160713004058137210083    
20160713004058137210172    
20160713004336103410012    
20160713004336103410022    
20160713004336103410101    
20160713004909103210012    
20160713005024118410011    
20160713005024118410021    
20160713005024118410031    
20160713005024118410341    
20160713005024118420251    
20160713005342131510011    
20160713005342131510172    
20160713005342131510341    
20160713005346136410012    
20160713005346136410022    
20160713005346136410173    
20160713005924109110011    
20160713005924109110021    
20160713010459133410012    
20160713010459133410022    
20160713010459133420012    
20160713010459133410341    
20160713010554111710011    
20160713010554111710021    
20160713010554111730011    
20160713010935139410011    
20160713010935139420011    
20160713010935139450044    
20160713010935139420081    
20160713010935139410173    
20160713012227126110012    
20160713012227126110022    
20160713012227126110341    
20160713012227126120011    
20160713012227126130011    
20160713012840124510012    
20160713012840124510022    
20160713012840124510172    
20160713014151134010011    
20160713014151134010021    
20160713014151134010063    
20160713014151134010173    
20160713014151134030061    
20160713014443137610011    
20160713014443137610021    
20160713014553137510013    
20160713014553137510023    
20160713014553137510031    
20160713014553137520081    
20160713015827114610013    
20160713015827114610023    
20160713015827114610031    
20160713015827114610102    
20160713015827114620011    
20160713015827114650015    
20160713020250101210502    
20160713020250101210341    
20160713020250101210031    
20160713020250101220012    
20160713020943111410012    
20160713020943111410022    
20160713020943111410341    
20160713021127138610011    
20160713021127138610101    
20160713021127138610171    
20160713022113120610011    
20160713022113120620011    
20160713023458105410011    
20160713023720135210011    
20160713023720135210021    
20160713023720135210031    
20160713023720135220011    
20160713023720135210171    
20160713023943131610061    
20160713051225134210012    
20160713051225134210022    
20160713051225134210042    
20160713053514114010012    
