201605252228430259110220   
20160525222843025912121    
201605252257440123110110   
20160525225744012311063    
20160525225744012315013    
20160525225744012318071    
20160525225744012319201    
201605252320040231110210   
20160525232004023111053    
20160525232004023112143    
20160525232004023114011    
20160525232004023115045    
20160525232004023115061    
20160525232004023116045    
201605252352110088110120   
20160525235211008811061    
20160525235211008811051    
20160525235211008816101    
20160525235211008812135    
20160526003626019711062    
20160526003626019713083    
20160526003626019715012    
20160526003626019715022    
20160526003626019717192    
201605260040220310110210   
20160526004022031014011    
20160526004418000121011    
201605260044180001121314   
201605260045500116110110   
20160526004550011611051    
201605260051020326110210   
20160526005102032611051    
20160526005102032611062    
20160526005102032613011    
20160526005102032613091    
20160526005102032617301    
20160526005102032617451    
201605260053040156110220   
20160526005304015613011    
20160526005304015611053    
20160526005304015611063    
20160526005304015621061    
201605260058150343110230   
201605260058150343110310   
20160526005815034313085    
20160526005815034315013    
20160526005815034315071    
20160526005815034318011    
20160526005815034318141    
201605260102120011110110   
20160526010212001113011    
20160526010212001114011    
201605260102120011121314   
20160526010330012419222    
201605260103300124110110   
20160526010330012417301    
20160526010330012417191    
20160526010330012417061    
20160526010330012417031    
20160526010330012419231    
201605260106480069110210   
201605260106480069110310   
20160526010648006911053    
20160526010648006917451    
20160526010648006919201    
20160526010648006913091    
201605260109010065110110   
201605260114310345110210   
20160526011431034511053    
20160526011431034511065    
20160526011431034517252    
201605260122410210110210   
20160526012241021011065    
20160526012241021013011    
20160526012241021014011    
20160526012241021021171    
20160526014259023711053    
20160526014259023717421    
20160526014259023717331    
201605260144480320110210   
20160526014448032012131    
20160526014448032012141    
20160526015525023717191    
201605260156350087110310   
20160526015635008711051    
20160526015635008711063    
20160526015635008713091    
201605260200370341110210   
20160526020037034111055    
20160526020037034111061    
20160526020037034111071    
20160526020037034115041    
20160526020037034117421    
201605260203290150110110   
201605260210310284110210   
201605260222330055110110   
20160526022233005511062    
20160526022233005513011    
20160526022233005517351    
20160526022634034115012    
201605260232010242110230   
20160526023201024211063    
20160526023201024213012    
20160526023201024221072    
20160526023201024222032    
20160526023201024219201    
20160526023201024216081    
201605260235000279110310   
20160526023500027911053    
20160526023500027913011    
201605260247500115110210   
20160526024750011513011    
20160526024750011511062    
20160526024750011517031    
20160526024750011517041    
20160526024750011517351    
20160526025621008717031    
20160526032349018111052    
20160526032349018111063    
20160526032349018117031    
20160526032349018117291    
201605260332440071110210   
20160526033244007111053    
20160526033244007111062    
20160526033244007119201    
20160526033244007117351    
20160526033244007117451    
201605260335580222110210   
201605260335580222110310   
20160526033558022211053    
20160526033558022211062    
20160526033558022213011    
20160526033558022217041    
201605260340010076110210   
20160526034001007611062    
20160526034001007617041    
201605260351340073110210   
20160526035134007313011    
201605260354250327110210   
20160526035425032711052    
20160526035425032711061    
20160526035425032715131    
