20160627145812105110012    
20160627145812105110171    
20160627145812105110291    
20160627145812105120021    
20160627145812105130221    
20160627145812105130682    
20160627145812105150011    
20160627145812105160292    
20160627194338106530261    
20160627194338106530271    
20160627194338106530281    
201606271943381065401310   
20160627194338106540231    
20160627194338106540241    
20160627194338106540251    
20160627205011102720051    
20160627205011102730221    
20160627205011102740115    
20160627205011102740191    
20160627205011102740272    
20160627205011102750061    
20160627205011102760062    
20160627205011102760092    
20160627205011102760281    
20160627205011102760371    
20160627205011102760874    
201606272050111027919312   
20160627220056104310291    
20160627220056104320012    
20160627220056104320104    
20160627220056104330042    
20160627220056104330221    
20160627223436109410012    
20160627223436109410131    
20160627223436109410291    
201606272234361094400110   
20160627223436109460121    
20160627223436109460201    
20160627223436109460222    
20160627225500109110013    
20160627225500109110173    
20160627225500109110291    
20160627225500109120023    
20160627225500109120061    
20160627225500109130222    
20160627225500109130641    
20160627225500109140141    
20160627225500109140251    
20160627225500109140262    
20160627225500109150011    
20160627225500109150061    
20160627225500109150081    
20160627225500109160222    
20160627225500109160251    
20160627225500109160272    
20160627225500109160281    
20160627230738108710013    
20160627230738108710142    
20160627230738108710173    
20160627230738108720012    
20160627230738108730122    
20160627230738108730131    
20160627230738108730232    
20160627230738108730292    
20160627230738108730312    
20160627230738108730641    
20160627230738108730682    
201606272307381087400310   
20160627230738108740251    
20160627230738108740271    
20160627230738108740301    
20160627230738108750081    
20160627230738108760042    
20160627230738108760201    
20160627231704110610012    
20160627231704110610131    
20160627231704110610171    
20160627231704110610291    
20160627231704110620022    
20160627231704110620061    
20160627231704110630042    
20160627231704110630102    
20160627231704110630221    
20160627231704110630291    
20160627231704110630312    
20160627231704110630491    
20160627231704110640231    
20160627231704110640241    
20160627231704110650081    
20160627231704110660031    
20160627231704110660201    
20160627231704110660281    
20160627234346112410018    
20160627234346112420021    
20160627234346112430221    
20160627234346112430232    
20160627234346112430242    
20160627234346112430251    
20160627234346112430311    
20160627234346112430641    
20160627234346112430681    
20160627234346112440272    
20160627234346112450011    
20160627234346112460281    
20160627234346112460292    
20160628001230102610012    
20160628001230102610131    
20160628001230102610172    
20160628001230102620021    
20160628001230102630221    
20160628001230102630261    
20160628001230102630271    
20160628001230102630641    
20160628001230102640271    
20160628001230102650061    
20160628001230102650081    
20160628003357104610013    
20160628003357104610131    
20160628003357104610171    
20160628003357104620022    
20160628003357104630102    
20160628003357104630123    
20160628003357104630221    
20160628003357104630231    
20160628003357104640231    
20160628003357104640262    
20160628003357104660032    
20160628003357104660281    
20160628012946110110012    
20160628012946110120022    
20160628012946110130041    
20160628012946110130221    
20160628012946110140051    
20160628012946110140125    
20160628012946110140271    
20160628012946110150012    
20160628012946110160201    
20160628012946110160261    
20160628012946110160272    
20160628012946110160281    
20160628012946110191072    
20160628014204101210016    
20160628014204101210293    
20160628014204101250042    
20160628014204101250052    
20160628042610101910011    
20160628042610101910171    
20160628042610101910291    
20160628042610101930261    
20160628042610101930271    
20160628042610101930281    
