201605222105051017100040   
20160522210505101712072    
20160522210505101712124    
20160522210505101713071    
20160522210505101714042    
20160522210505101717062    
20160522210505101717072    
20160522210505101753032    
201605222105567000120412   
20160522210556700013031    
201605222105567000130512   
201605222105567000140810   
20160522210556700016026    
20160522210556700016051    
20160522210556700030031    
20160522210556700050013    
201605222105567000500512   
20160522210556700051055    
201605222105567000520010   
20160522210556700060013    
20160522210556700060023    
20160522213441300114019    
201605222134413001140420   
20160522213441300114152    
20160522213441300115179    
20160522213441300116042    
20160522213441300116053    
20160522213441300116065    
20160522213441300116102    
201605222134413001501220   
20160522213441300152194    
20160522213441300153092    
20160522213441300153102    
20160522213441300160013    
20160522213441300160023    
20160522213441300172201    
20160522220257110012073    
20160522220257110013072    
20160522220257110015142    
20160522220257110016031    
20160522221434116612082    
20160522221434116612132    
20160522221434116613091    
20160522221434116614011    
201605222214341166140210   
20160522221434116614033    
201605222214341166140710   
20160522225633114512074    
20160522225633114512136    
20160522225633114513041    
20160522225633114513052    
20160522225633114514026    
20160522232201500113072    
20160522232201500113081    
20160522232201500115133    
20160522232201500131002    
20160522232201500132052    
20160522232201500151052    
20160522232201500172101    
20160523093537116010005    
20160523093537116012062    
20160523093537116012095    
20160523093537116013091    
20160523093537116014061    
20160523093537116016021    
20160523101508700412134    
20160523101508700413053    
20160523101508700414103    
20160523101508700430031    
20160523101508700450071    
20160523101508700450091    
201605231041131063100010   
201605231041131063100110   
20160523105104100512132    
20160523105104100513091    
20160523105104100514002    
20160523105104100514024    
20160523105104100515052    
20160523105104100515142    
20160523110232116212082    
20160523110232116213031    
20160523110232116213091    
20160523110232116214034    
20160523110232116215056    
201605231102321162151410   
201605231104581165100010   
20160523110458116512136    
20160523110458116515055    
20160523111109112012061    
20160523111109112012081    
20160523111109112013081    
20160523111109112013091    
20160523111109112013311    
20160523111109112014022    
20160523111109112014031    
201605231119201027100010   
20160523112921110312133    
20160523112921110314023    
20160523112921110315053    
20160523112921110315143    
20160523112921110316011    
20160523114704104516001    
20160523122512112613051    
20160523122532116113051    
201605231225321161140210   
20160523122532116113092    
20160523123105100513041    
20160523124130116313041    
20160523124130116315062    
20160523124130116315071    
20160523124130116315121    
20160523124130116315131    
20160523125242111712071    
20160523125242111713021    
20160523125242111716024    
201605231256441100100110   
20160523125644110012072    
20160523125748105712072    
20160523125748105714021    
201605231257481057150610   
20160523125955700213051    
20160523125955700230031    
20160523125955700251052    
20160523131103100514031    
20160523131920112513042    
201605231320511130100010   
201605231325071034100010   
20160523135047111013041    
20160523135148111314002    
20160523135148111314025    
20160523135148111314032    
20160523135148111314091    
201605231351481113150510   
