20160526100614020000106    
20160526100614020000034    
20160526100614020000042    
20160526100614020000074    
20160526100614020005011    
20160526100614020005021    
20160526100614020005032    
20160526100614020005042    
201605261006140200050720   
20160526100614020005123    
20160526100614020005133    
20160526100614020005162    
20160526132905006600033    
20160526132905006600043    
20160526132905006600106    
20160526134023006200102    
20160526134023006200031    
20160526134023006200041    
20160526134023006205023    
20160526134023006200631    
20160526135412025500071    
20160526135412025500061    
20160526135412025500721    
20160526135412025540211    
20160526135412025540555    
20160526135412025580012    
20160526135412025505021    
20160526135412025505031    
20160526135412025505041    
20160526135412025505075    
20160526135412025505131    
20160526135412025540131    
20160526135412025505081    
20160526135746002700032    
20160526135746002700042    
20160526135746002700103    
20160526135746002700201    
20160526140045008900033    
20160526140045008900041    
20160526140045008900104    
20160526140045008900061    
20160526140045008900071    
20160526140045008900571    
20160526140045008900211    
20160526140045008905021    
20160526140045008905042    
20160526140045008905151    
20160526140045008905173    
20160526140045008940111    
20160526140045008940171    
20160526140110004805043    
20160526140110004805032    
20160526140110004805022    
20160526140110004800104    
20160526140110004800042    
20160526140110004800032    
20160526140208014400034    
20160526140208014400042    
20160526140208014400241    
20160526140208014400571    
20160526140208014400106    
20160526140208014405021    
20160526140208014405041    
201605261402080144050710   
20160526140208014405081    
20160526140208014405132    
20160526140208014405151    
20160526140700009500105    
20160526140700009500032    
20160526140700009500043    
20160526140700009500061    
20160526141454007900102    
20160526141454007900032    
20160526141454007900571    
20160526141454007900081    
20160526141454007900072    
20160526141454007900022    
20160526141454007900241    
20160526141454007940525    
20160526141454007940555    
20160526141454007905022    
20160526141454007905034    
20160526141454007905152    
20160526141841013900102    
20160526141841013900031    
20160526141841013900041    
20160526141841013905041    
20160526141841013900061    
20160526141841013940525    
20160526141841013940535    
201605261419590198000313   
201605261419590198000412   
201605261419590198001022   
20160526141959019800451    
20160526141959019800731    
20160526141959019800401    
20160526141959019800061    
20160526142005014405075    
20160526142005014405131    
20160526142007020700062    
20160526142007020700072    
20160526142007020700211    
20160526142007020700221    
20160526142007020700242    
20160526142007020700401    
20160526142007020740527    
20160526142007020740537    
201605261420070207405510   
20160526142007020780012    
20160526142007020780021    
20160526142007020705021    
20160526142007020705031    
201605261420070207050710   
20160526142007020740113    
20160526142326027900103    
20160526142326027900032    
20160526142326027900041    
20160526142326027900571    
20160526142326027900062    
20160526142326027900071    
20160526142326027900201    
20160526142326027980041    
20160526142326027905031    
20160526142326027905163    
20160526142352003200105    
20160526142352003200033    
20160526142352003200042    
20160526142352003200072    
20160526142352003200221    
20160526142352003205032    
20160526142352003205172    
20160526142352003240011    
20160526142428027940392    
20160526142505000300102    
20160526142505000300032    
20160526142505000300571    
20160526142505000300211    
20160526142505000300301    
20160526142505000305033    
20160526142505000305041    
20160526142505000305161    
20160526142505000305122    
20160526142802008200032    
20160526142802008200041    
20160526142802008200105    
20160526142802008200451    
20160526142802008205032    
20160526142802008200061    
201605261428020082050710   
20160526142802008205171    
20160526142802008205044    
20160526142802008240211    
201605261429090248001016   
20160526142909024800038    
20160526142909024800047    
20160526142909024800571    
20160526142909024800081    
20160526142909024800064    
20160526142909024800071    
20160526142909024800202    
201605261429090248050720   
20160526142909024805081    
20160526142909024805134    
20160526142909024805143    
20160526142909024805155    
20160526142909024805161    
20160526142909024840171    
20160526143650002000032    
20160526143650002000041    
20160526143650002000104    
20160526143650002040533    
20160526143650002000211    
20160526143650002080024    
20160526143718027400102    
20160526143718027400031    
20160526143718027400041    
20160526143718027440212    
20160526143718027480018    
20160526143718027405045    
20160526143718027405152    
20160526144013022400102    
20160526144013022400031    
20160526144013022400041    
20160526144013022400062    
20160526144013022405022    
20160526144013022405042    
20160526144013022405162    
20160526144013022480018    
20160526144918003800241    
20160526144918003800251    
20160526144918003800231    
20160526144918003800061    
20160526144918003800071    
20160526144918003805042    
20160526144918003805162    
20160526144918003800031    
20160526144918003800041    
20160526144918003800102    
20160526144940025100102    
20160526144940025100032    
20160526144940025100041    
20160526144940025100062    
20160526144940025100071    
20160526144940025100021    
20160526144940025100201    
20160526144940025100211    
20160526144940025100241    
20160526144940025100301    
20160526144940025100281    
20160526144940025140555    
20160526144940025180014    
20160526144940025105031    
20160526144940025105042    
20160526144940025105121    
20160526144940025105161    
20160526144940025140391    
20160526145537015600107    
20160526145537015600034    
20160526145537015600042    
20160526145537015600062    
20160526145537015600072    
20160526145537015600201    
20160526145537015600211    
20160526145537015600301    
20160526145537015600751    
20160526145537015640532    
20160526145537015640211    
20160526145537015640555    
20160526145537015605022    
20160526145537015605042    
20160526145537015605081    
20160526145537015605124    
20160526145537015605141    
20160526145537015605152    
20160526145537015605163    
20160526145537015605203    
20160526145609013100103    
20160526145609013100031    
20160526145609013100041    
20160526145609013100071    
20160526145609013100202    
20160526145609013100211    
20160526145609013100222    
20160526145609013100242    
20160526145609013140535    
20160526145609013180014    
20160526145609013105021    
20160526145609013105031    
201605261456090131050710   
20160526145609013105132    
20160526145609013105141    
20160526145609013105151    
20160526145609013105163    
20160526145609013140111    
20160526145609013140171    
20160526145633026500032    
20160526145633026500041    
20160526145633026500103    
20160526145633026500281    
20160526145633026505041    
20160526145633026505075    
20160526145633026505131    
20160526145633026505161    
20160526145633026540211    
20160526145633026540531    
20160526145633026580012    
20160526145633026580021    
20160526145736014800212    
201605261457360148050720   
201605261457360148405215   
20160526145736014800631    
20160526145736014800032    
20160526145736014800042    
20160526145736014800106    
20160526145736014800072    
20160526145816024000108    
20160526145816024000035    
20160526145816024000043    
20160526145816024000211    
20160526145816024000241    
20160526145816024000581    
20160526145816024040222    
20160526145816024080013    
20160526145816024005011    
20160526145816024005042    
20160526145816024005122    
20160526145816024040172    
20160526145816024040391    
20160526145816024005202    
20160526150049008700102    
20160526150049008700031    
20160526150049008700041    
20160526150049008700571    
20160526150049008700201    
201605261500490087405510   
20160526150049008780014    
20160526150049008705031    
20160526150049008705152    
20160526150049008705162    
20160526150049008740021    
20160526150049008740391    
20160526150207004100104    
20160526150207004100032    
20160526150207004100042    
20160526150207004100061    
20160526150207004100211    
20160526150207004100231    
20160526150312015900102    
20160526150312015900032    
20160526150312015905042    
20160526150312015900061    
20160526150347024700102    
20160526150347024700031    
20160526150347024700041    
20160526150347024700062    
20160526150347024700073    
20160526150347024700241    
20160526150347024780014    
20160526150347024780031    
20160526150436021300021    
20160526150436021300033    
20160526150436021300043    
20160526150436021300201    
20160526150436021300211    
20160526150436021300221    
20160526150436021300241    
20160526150436021300251    
20160526150436021300571    
20160526150436021300751    
20160526150436021300105    
20160526150436021300081    
20160526150436021300131    
20160526150436021305021    
20160526150436021305032    
20160526150436021305042    
20160526150436021305124    
20160526150436021305152    
20160526150436021340113    
20160526150436021340141    
20160526150436021340211    
20160526150436021340532    
201605261504360213405510   
20160526150436021300064    
20160526150436021300076    
201605261504500077001010   
20160526150450007700035    
20160526150450007700043    
20160526150450007700571    
20160526150450007700072    
20160526150450007705033    
20160526150450007700212    
201605261504500077050730   
20160526150500024700401    
20160526150625007600032    
20160526150625007600041    
20160526150625007600103    
20160526150625007600061    
20160526150625007640211    
20160526150625007680014    
20160526150625007680021    
20160526151003005700032    
20160526151003005700042    
20160526151003005700104    
20160526151003005700451    
20160526151003005705121    
20160526151003005780031    
20160526151003005780013    
20160526151003005700061    
20160526151003005700071    
20160526151003005740552    
20160526151035022100105    
20160526151035022100033    
20160526151035022100043    
20160526151035022105075    
20160526151035022100571    
20160526151035022100071    
201605261511100232001011   
20160526151110023200035    
20160526151110023200045    
20160526151110023200571    
20160526151110023200062    
20160526151110023200075    
20160526151110023200202    
20160526151110023200282    
20160526151110023200731    
20160526151110023200753    
20160526151110023200401    
20160526151110023280018    
20160526151110023205032    
20160526151110023205043    
20160526151110023205125    
20160526151110023205141    
20160526151110023205165    
20160526151110023205175    
20160526151249010800104    
20160526151249010800032    
20160526151249010800042    
20160526151249010800221    
20160526151249010805202    
20160526151249010840525    
20160526151249010840535    
20160526151404016900103    
20160526151404016900031    
20160526151404016900041    
20160526151404016900061    
20160526151404016900073    
20160526151404016940523    
20160526151404016940535    
20160526151404016940211    
20160526151404016940555    
20160526151404016905172    
20160526151509007700062    
20160526151540003300103    
20160526151540003300032    
20160526151540003300041    
20160526151540003300061    
20160526151540003305041    
20160526151540003340391    
20160526151543020100103    
20160526151543020100032    
20160526151543020100041    
20160526151543020100062    
20160526151543020180041    
20160526151621018900032    
20160526151621018900042    
20160526151621018900211    
20160526151621018900221    
20160526151621018900104    
20160526151621018905021    
20160526151621018905075    
20160526151621018905122    
20160526151621018905131    
20160526151621018905202    
20160526151621018940212    
20160526151621018940555    
201605261521410197050730   
20160526152141019740213    
20160526152141019700072    
20160526152141019700062    
20160526152141019700031    
20160526152141019700041    
20160526152141019700102    
20160526152305016300103    
20160526152305016300032    
20160526152305016300041    
20160526152305016300061    
20160526152305016300072    
20160526152305016300281    
20160526152305016305041    
201605261523050163050710   
20160526152305016305121    
20160526152305016305132    
20160526152305016305161    
20160526152305016340171    
20160526152305016340525    
20160526152305016305202    
20160526152333022700104    
20160526152333022700032    
20160526152333022700042    
20160526152333022700081    
20160526152333022700201    
20160526152333022700211    
20160526152333022700221    
20160526152333022700591    
20160526152333022740211    
201605261523330227405510   
20160526152333022740391    
20160526152454024605041    
20160526152454024605123    
20160526152454024605172    
20160526152454024680012    
20160526152454024680024    
20160526152454024640391    
20160526152454024600101    
20160526152454024600031    
20160526152607019780022    
20160526152607019705122    
20160526152626026600102    
20160526152626026600031    
20160526152626026600041    
20160526152626026600061    
20160526152626026600071    
20160526152626026600021    
20160526152626026600201    
20160526152626026600751    
20160526152626026640555    
20160526152626026680012    
20160526152626026605021    
20160526152626026605031    
20160526152626026605041    
20160526152626026605075    
20160526152626026605161    
20160526152649012500101    
20160526152649012500031    
20160526152649012500221    
20160526152649012500282    
20160526152649012540201    
20160526152649012580042    
20160526152649012505172    
20160526152649012540021    
20160526152649012505203    
20160526152708023700103    
20160526152708023700042    
20160526152708023700021    
20160526152708023700221    
20160526152708023700241    
20160526152708023700401    
20160526152708023740522    
20160526152708023740532    
20160526152708023740211    
20160526152708023740555    
20160526152708023780022    
20160526152708023705201    
20160526152708023705211    
20160526152708023705041    
20160526152708023705075    
20160526152708023705121    
20160526152708023705131    
20160526152708023705141    
20160526152708023705151    
20160526152708023705161    
20160526152714007600041    
20160526152714007600101    
20160526152736001100107    
20160526152736001100034    
20160526152736001100043    
20160526152736001100061    
20160526152736001100071    
201605261527360011405510   
20160526152744006700031    
20160526152744006700041    
20160526152744006700102    
20160526152744006705043    
20160526152744006740211    
20160526152744006705032    
20160526152744006705171    
20160526152744006705152    
20160526152744006700021    
20160526152744006700241    
20160526152744006740021    
20160526152744006740391    
20160526152744006740141    
20160526152744006780014    
20160526152744006780024    
20160526152744006700401    
20160526152753009800105    
20160526152753009800032    
20160526152753009800043    
20160526152753009800062    
20160526152753009800072    
20160526152753009800201    
20160526152753009800211    
20160526152753009800231    
20160526152753009800241    
20160526152753009800251    
20160526152753009840522    
20160526152753009840532    
20160526152753009840212    
201605261527530098405510   
20160526152753009880013    
20160526152753009805021    
20160526152753009805031    
201605261527530098050710   
20160526152753009805122    
20160526152753009805132    
20160526152753009805155    
20160526152753009805164    
20160526152842013000104    
20160526152842013000033    
20160526152842013000041    
20160526152842013000064    
20160526152842013005132    
201605261528420130050710   
20160526152842013005125    
20160526152842013000431    
20160526152842013000441    
20160526152915019600021    
20160526152915019600031    
20160526152915019600041    
20160526152915019600241    
20160526152915019600421    
20160526152915019605021    
20160526152915019605041    
201605261529150196050710   
20160526152915019605081    
20160526152915019605132    
20160526152915019640212    
20160526152915019640535    
20160526152915019600061    
20160526153028009300204    
20160526153028009300215    
20160526153028009300244    
20160526153028009300251    
20160526153028009300631    
20160526153028009340218    
201605261531560157850010   
20160526153156015700032    
20160526153156015700041    
20160526153156015700571    
20160526153156015700062    
20160526153156015700073    
20160526153156015700202    
20160526153156015700212    
20160526153156015700231    
20160526153156015700241    
20160526153156015700421    
20160526153156015740212    
201605261531560157405520   
20160526153156015780014    
20160526153156015705011    
20160526153156015705022    
20160526153156015705032    
20160526153156015705042    
201605261531560157050730   
20160526153156015705133    
20160526153156015705143    
20160526153156015705151    
20160526153156015705163    
20160526153156015740021    
20160526153156015740391    
20160526153226016100102    
20160526153226016100031    
20160526153226016100041    
20160526153226016100062    
20160526153226016100071    
20160526153226016100021    
20160526153226016100281    
20160526153226016140212    
201605261532260161405520   
20160526153226016105021    
20160526153226016105042    
20160526153226016105132    
20160526153226016105151    
20160526153226016105163    
20160526153226016105172    
20160526153326025800021    
20160526153326025800041    
20160526153326025800242    
20160526153326025800572    
20160526153326025800101    
20160526153326025800081    
20160526153326025840201    
20160526153326025800073    
20160526153335019300104    
20160526153335019300032    
20160526153335019300042    
20160526153335019300062    
20160526153335019300072    
20160526153335019300201    
20160526153335019300211    
20160526153335019300301    
20160526153335019305022    
20160526153335019305033    
20160526153335019305042    
20160526153335019305151    
20160526153335019305163    
20160526153335019340111    
20160526153335019340525    
201605261533350193405310   
201605261533350193405510   
20160526153335019380014    
20160526153335019380021    
20160526153335019380031    
201605261533440063001014   
20160526153344006300037    
20160526153344006300046    
20160526153344006300571    
20160526153344006300081    
201605261533440063000612   
201605261533440063000712   
20160526153344006300021    
20160526153344006300203    
20160526153344006300213    
20160526153344006300221    
20160526153344006300243    
20160526153344006300281    
20160526153344006300631    
20160526153344006300751    
20160526153344006300401    
20160526153344006300431    
20160526153344006300421    
20160526153344006300581    
20160526153344006300591    
201605261533440063405210   
20160526153344006340535    
20160526153344006340215    
201605261533440063405540   
201605261533440063800116   
20160526153344006305011    
20160526153344006305023    
20160526153344006305036    
20160526153344006305044    
201605261533440063050730   
20160526153344006305081    
201605261533440063051210   
20160526153344006305136    
20160526153344006305154    
20160526153344006305166    
20160526153344006340117    
20160526153344006340392    
20160526153406011405141    
20160526153406011440525    
20160526153406011440212    
20160526153406011400031    
20160526153406011400041    
20160526153406011400102    
20160526153652022300102    
20160526153652022300032    
20160526153652022300041    
20160526153652022300081    
20160526153652022300062    
20160526153652022300071    
20160526153652022300231    
20160526153652022300281    
20160526153652022305042    
20160526153652022305121    
20160526153652022305141    
20160526153652022305171    
20160526153652022340171    
20160526153700026700031    
20160526153700026700041    
20160526153700026700102    
20160526153700026705161    
20160526153700026780011    
20160526153700026700072    
20160526153805013400105    
20160526153805013400033    
20160526153805013400041    
20160526153805013400061    
20160526153805013400076    
20160526153805013400751    
20160526153805013400201    
20160526153805013400721    
20160526153805013400421    
20160526153805013405011    
20160526153805013405042    
20160526153805013405123    
20160526153805013405131    
20160526153805013405142    
20160526153805013405162    
20160526153852023640115    
20160526153852023600731    
20160526153852023600062    
20160526153852023600081    
20160526153852023600072    
20160526153852023600032    
20160526153852023600042    
20160526153852023600104    
20160526154115007200035    
20160526154115007200044    
20160526154115007200109    
20160526154115007200401    
20160526154115007200212    
20160526154156026900102    
20160526154156026900031    
20160526154156026900041    
20160526154156026900062    
20160526154156026900072    
20160526154156026900241    
20160526154156026900751    
20160526154156026900581    
20160526154156026980013    
20160526154156026980022    
20160526154156026905075    
20160526154156026905131    
20160526154156026940112    
20160526154223027600031    
20160526154223027600041    
20160526154223027600202    
20160526154223027600301    
20160526154223027600103    
20160526154223027605122    
20160526154223027605141    
20160526154223027605152    
20160526154223027640131    
20160526154223027640221    
20160526154223027680014    
20160526154223027680024    
20160526154249026100031    
20160526154249026100041    
20160526154249026100102    
20160526154249026100071    
20160526154249026100061    
20160526154249026105151    
201605261542490261050710   
20160526154249026140211    
20160526154249026105163    
20160526154249026180012    
20160526154249026105132    
20160526154316022900031    
20160526154316022900041    
20160526154316022900401    
20160526154316022900301    
20160526154316022900102    
20160526154316022900081    
20160526154316022900061    
20160526154340027700102    
20160526154340027700031    
20160526154340027700041    
20160526154340027700571    
20160526154340027700081    
20160526154340027700131    
20160526154340027700062    
20160526154340027700072    
20160526154340027700211    
20160526154340027700221    
20160526154340027700281    
20160526154340027740525    
201605261543400277405310   
20160526154340027780014    
20160526154340027780022    
20160526154340027705022    
20160526154340027705042    
20160526154340027705152    
20160526154340027705162    
20160526154459013300104    
20160526154459013300032    
20160526154459013300041    
20160526154459013340525    
20160526154726027000061    
20160526154726027000071    
20160526154726027000281    
20160526154726027080012    
20160526154726027040532    
201605261547260270050710   
20160526154726027005132    
201605261547260270405510   
20160526154824023900102    
20160526154824023900031    
20160526154824023900041    
20160526154824023900071    
20160526154824023900202    
20160526154824023900212    
20160526154824023900301    
20160526154824023900451    
20160526154824023900581    
20160526154824023905022    
20160526154824023905123    
20160526154926027200107    
20160526154926027200033    
20160526154926027200043    
20160526154926027280014    
20160526155255023000581    
20160526155255023000591    
20160526155255023000301    
20160526155255023000281    
20160526155255023000201    
20160526155255023000221    
20160526155255023000242    
20160526155255023005172    
20160526155255023005141    
20160526155255023000061    
20160526155255023000105    
20160526155255023000033    
20160526155255023000042    
20160526155255023000401    
20160526155255023080014    
20160526155255023005122    
20160526155421010700033    
20160526155421010700043    
20160526155421010700106    
20160526155421010700591    
20160526155421010700073    
20160526155421010700571    
20160526155421010700061    
20160526155421010700212    
20160526155718027800101    
20160526155718027800031    
20160526155718027805022    
20160526155827027800571    
20160526155904026800102    
20160526155904026800032    
20160526155904026800072    
20160526155904026800571    
20160526155904026800751    
