201611050018290088110130   
20161105001829008811052    
20161105001829008815131    
20161105001829008811071    
20161105001829008813011    
20161105001829008815042    
20161105002117034811035    
20161105002117034813011    
201611050021470343110230   
201611050021470343110310   
20161105002147034311052    
20161105002147034311061    
20161105002147034315061    
20161105002147034317213    
20161105002147034317471    
201611050031190123110220   
20161105003119012311052    
20161105003119012313011    
20161105003119012317351    
20161105003119012317421    
201611050048420010110210   
20161105004842001013011    
20161105004842001017011    
20161105004842001012134    
201611050049520116110110   
20161105004952011621011    
20161105004952011612132    
20161105004952011612142    
201611050052090001110110   
20161105005209000117031    
201611050055280345110230   
20161105005528034511054    
201611050055280345110610   
201611050055280345110310   
201611050058510299110310   
20161105005851029912133    
20161105005851029912141    
20161105005851029913085    
20161105005851029915015    
20161105005851029917031    
20161105005851029917351    
20161105005851029919221    
20161105005851029919231    
20161105005851029922061    
201611050059380124110110   
20161105005938012417301    
20161105005938012417191    
20161105005938012417071    
20161105005938012417031    
20161105011254032211052    
20161105011254032211062    
20161105011254032212141    
20161105011254032213091    
20161105011254032215041    
20161105011254032217431    
20161105011254032222031    
201611050114250069110220   
201611050114250069110310   
20161105011425006911055    
20161105011425006913091    
20161105011425006914011    
20161105011425006921061    
20161105011425006921141    
201611050116230190110120   
20161105011623019013011    
20161105011623019017041    
20161105011623019017031    
201611050117000055110110   
20161105011700005511052    
20161105011700005517031    
201611050134440065110110   
20161105013750006911051    
20161105013901011511061    
201611050139010115110320   
20161105013901011513011    
20161105013901011517451    
201611050140300156110240   
20161105014030015613013    
20161105014030015611058    
20161105014030015611067    
20161105014030015615134    
20161105014030015617451    
201611050144110011110120   
20161105014411001113011    
20161105014411001112121    
201611050144110011121310   
201611050145410284110220   
20161105014541028411062    
20161105014541028417641    
201611050154000247110210   
20161105015400024711052    
20161105015400024713011    
20161105015400024717351    
201611050154000247110310   
20161105015400024717421    
201611050205020041110310   
201611050205020041110510   
20161105020502004115062    
20161105020647015019071    
201611050206470150110120   
20161105020647015011065    
20161105020647015017031    
201611050209530237110310   
20161105020953023711053    
20161105020953023712134    
201611050218390222110210   
20161105021839022211052    
20161105021839022213011    
20161105021839022215134    
201611050218390222110310   
20161105021839022217421    
20161105021839022212142    
20161105021839022213031    
20161105021839022211062    
20161105023452005517255    
201611050238570071110220   
20161105023857007111055    
20161105023857007111063    
20161105023857007113011    
201611050238570071110320   
20161105023857007115061    
20161105023857007112134    
201611050249050320110220   
20161105024905032013012    
20161105024905032017031    
20161105024905032017291    
20161105024905032017451    
201611050250460242110210   
20161105025046024217041    
20161105025046024219222    
20161105025046024217353    
20161105025046024217631    
201611050252540279110310   
20161105025254027911055    
20161105025254027917301    
20161105025254027917451    
201611050334420087110210   
201611050334420087110310   
20161105033442008711053    
20161105033442008711063    
20161105033442008713011    
20161105033442008713091    
20161105033442008717291    
20161105033442008717351    
201611050334560029110210   
20161105033456002911052    
20161105033456002913011    
20161105033456002915061    
201611050348110185110220   
20161105034811018511063    
20161105034811018511053    
20161105034811018515013    
20161105034811018515122    
20161105034811018513011    
20161105034811018517011    
20161105034811018521061    
20161105034811018519031    
20161105034811018516091    
201611050353410327110220   
201611050353410327110310   
20161105035341032711053    
20161105035341032711061    
20161105035341032711071    
201611050354290073110230   
20161105035429007311065    
201611050354290073121320   
20161105035429007313011    
