20160421235023114812025    
20160421235023114814011    
20160421235023114814021    
20160421235023114814091    
20160421235023114814191    
20160421235023114823771    
201604212350231148265615   
20160421235023114827295    
201604212350231148282510   
20160421235023114840131    
20160421235023114862355    
20160421235023114868475    
20160421235023114889512    
20160421235023114889683    
20160421235023114889705    
20160421235023114889765    
20160421235023114889791    
20160421235023114889841    
20160421235023114889991    
20160421235023114890025    
20160421235023114890211    
20160421235023114890393    
20160421235023114890441    
