20160320201608107910013    
20160320201608107910173    
20160320201608107910281    
20160320201608107920051    
20160320201608107930221    
20160320201608107930312    
20160320201608107940251    
20160320201608107950042    
20160320201608107950052    
20160320201608107960062    
20160320201608107960271    
20160320215827110910012    
20160320215827110920011    
20160320215827110920051    
20160320215827110930102    
20160320215827110930221    
20160320215827110940271    
20160320215827110950071    
20160320215827110950101    
20160320215827110960011    
20160320215827110960041    
20160320215827110960061    
20160320215827110960072    
20160320215827110960171    
20160320215827110960241    
20160320215827110960291    
20160320223353108710013    
20160320223353108710131    
20160320223353108710175    
20160320223353108710293    
20160320223353108720014    
20160320223353108720072    
20160320223353108730084    
20160320223353108730105    
20160320223353108730121    
20160320223353108730223    
20160320223353108730233    
20160320223353108730261    
20160320223353108730271    
20160320223353108730281    
20160320223353108730292    
20160320223353108730312    
20160320223353108730641    
20160320223353108740091    
20160320223353108740181    
20160320223353108740191    
20160320223353108740252    
20160320223353108740271    
20160320223353108740311    
20160320223353108750011    
20160320223353108760021    
20160320223353108760062    
201603202233531087600710   
20160320223353108760081    
20160320223353108760101    
20160320223353108760111    
20160320223353108760171    
20160320223353108760201    
20160320223353108760224    
20160320223353108760251    
20160320223353108760371    
20160320223947108410012    
20160320223947108410141    
20160320223947108410171    
20160320223947108410291    
20160320223947108420012    
20160320223947108420022    
20160320223947108420091    
20160320223947108420101    
20160320223947108430491    
20160320223947108450011    
20160320223947108460021    
20160320223947108460061    
20160320223947108460121    
20160320223947108460261    
20160320223947108460271    
20160320225118109210016    
20160320225118109210132    
20160320225118109210171    
20160320225118109210293    
20160320225118109220026    
20160320225118109220091    
20160320225118109220102    
20160320225118109230082    
20160320225118109230103    
20160320225118109230122    
20160320225118109230221    
20160320225118109230682    
20160320225118109250071    
20160320225118109250092    
20160320225118109260281    
201603202307151105100111   
20160320230715110510171    
20160320230715110510291    
201603202307151105200210   
20160320230715110530312    
201603202307151105400110   
20160320230715110540053    
20160320230715110540081    
201603202307151105401210   
20160320230715110540142    
20160320230715110540171    
20160320230715110540231    
20160320230715110540301    
20160320230715110540321    
20160320230715110550013    
20160320230715110550031    
20160320230715110550081    
20160320230715110550101    
20160320230715110560043    
20160320230715110560071    
20160320230715110560223    
20160320230715110560231    
20160320230715110560241    
20160320230715110560252    
20160320230715110560261    
20160320230715110560281    
20160320230715110560372    
20160320232043109410014    
20160320232043109410132    
20160320232043109410172    
20160320232043109410292    
20160320232043109430103    
20160320232043109430125    
20160320232043109430261    
20160320232043109430271    
20160320232043109430281    
20160320232043109430292    
20160320232043109430331    
201603202320431094400110   
20160320232043109450011    
20160320232043109450071    
20160320232043109450101    
20160320232043109460011    
20160320232043109460111    
20160320232043109460281    
20160320232043109460292    
20160320232744111010014    
20160320232744111010132    
20160320232744111010173    
20160320232744111010292    
20160320232744111020016    
20160320232744111020024    
20160320232744111020051    
20160320232744111020073    
20160320232744111030033    
20160320232744111030042    
20160320232744111030221    
20160320232744111030231    
20160320232744111030293    
20160320232744111030313    
20160320232744111040272    
20160320232744111050011    
20160320232744111050051    
20160320232744111060101    
20160320232744111060121    
20160320232744111060171    
20160320232744111060253    
20160320232744111060261    
20160320232744111060281    
20160320234529110310145    
20160320234529110310174    
20160320234529110340015    
20160320234529110340035    
20160320234529110340105    
20160320234529110340181    
20160320234529110350041    
20160320234529110350051    
20160320234529110350081    
20160320234529110360211    
20160320234702112710013    
20160320234702112710132    
20160320234702112710171    
20160320234702112710294    
20160320234702112720012    
20160320234702112720051    
20160320234702112730106    
20160320234702112730221    
20160320234702112730231    
20160320234702112730244    
20160320234702112730293    
20160320234702112730322    
201603202347021127401210   
20160320234702112740271    
20160320234702112750011    
20160320234702112750071    
20160320234702112760075    
20160320234702112760223    
20160320234702112760281    
20160320234920100510014    
20160320234920100510172    
20160320234920100520024    
20160320234920100520061    
20160320234920100520101    
20160320234920100530103    
20160320234920100530222    
20160320234920100530243    
20160320234920100530251    
20160320234920100530341    
20160320234920100540191    
20160320234920100550091    
20160320234920100560272    
20160320234920100560281    
20160321001639110110014    
20160321001639110110171    
20160321001639110110292    
20160321001639110120022    
20160321001639110120101    
20160321001639110130222    
20160321001639110130231    
20160321001639110130311    
20160321001639110130322    
20160321001639110150011    
20160321001639110160021    
201603210016391101800510   
20160321025542112110012    
20160321025542112110172    
20160321025542112110292    
20160321025542112120013    
20160321025542112120071    
20160321025542112130103    
20160321025542112130312    
20160321025542112140211    
20160321025542112160261    
