20161125104319802000105    
20161125104319802000033    
20161125104319802000042    
20161125104319802000061    
20161125104319802000072    
20161125104319802000021    
20161125104319802000201    
20161125104319802000221    
20161125104319802000591    
20161125104319802005122    
20161125111521801900109    
20161125111521801900033    
20161125111521801900043    
20161125111521801900061    
20161125111521801900202    
20161125111521801900241    
20161125111521801900441    
20161125111521801905034    
20161125111521801905042    
20161125111521801905176    
20161125122709802800032    
20161125122709802800042    
20161125122709802800571    
20161125122709802800104    
20161125122709802805034    
20161125122709802805042    
20161125122709802805162    
20161125122709802800062    
20161125122709802800072    
201611251243368013000316   
201611251243368013000415   
20161125124336801300216    
20161125124336801300231    
20161125124336801300251    
20161125124336801300401    
20161125124336801300423    
20161125124336801300731    
201611251243368013001031   
20161125124336801305082    
20161125124336801300062    
20161125124711803000032    
20161125124711803000043    
20161125124711803000201    
20161125124711803000242    
20161125124711803000462    
20161125124711803000631    
20161125124711803000721    
20161125124711803000752    
20161125124711803000105    
20161125124711803000771    
20161125124711803005035    
20161125124711803005042    
20161125124711803005081    
20161125124711803005121    
20161125124711803005151    
20161125124711803005173    
20161125124711803040111    
20161125124711803040121    
20161125124711803005201    
20161125124711803040525    
20161125124711803040535    
20161125124711803080031    
20161125124711803080041    
20161125124711803000062    
20161125124711803000073    
20161125124711803040391    
20161125125232801400033    
20161125125232801400042    
20161125125232801400202    
20161125125232801400571    
20161125125232801400105    
20161125125232801405011    
20161125125232801405022    
20161125125232801405031    
20161125125232801405042    
20161125125232801405123    
20161125125232801405141    
20161125125232801405153    
20161125125232801405173    
20161125125232801405201    
20161125125232801400062    
20161125125232801400071    
20161125130505801800032    
20161125130505801800042    
20161125130505801800221    
20161125130505801800401    
20161125130505801800104    
20161125130505801800771    
20161125130505801805011    
20161125130505801805031    
20161125130505801805121    
20161125130505801805141    
20161125130505801805152    
20161125130505801805162    
20161125130505801840525    
20161125130505801840535    
20161125130505801800061    
20161125130505801800071    
20161125132744016100072    
20161125132744016100401    
20161125132744016105152    
201611251330160198000314   
201611251330160198000414   
201611251330160198001028   
20161125133016019800401    
20161125133111800000021    
201611251331118000000314   
201611251331118000000411   
201611251331118000000620   
20161125133111800000079    
20161125133111800000084    
201611251331118000001020   
20161125133111800000201    
20161125133111800000218    
20161125133111800000223    
20161125133111800000246    
20161125133111800000285    
20161125133111800000301    
20161125133111800000401    
20161125133111800000578    
20161125133111800000721    
201611251331118000007514   
20161125133111800000776    
20161125133111800005029    
201611251331118000050312   
20161125133111800005043    
20161125133111800005083    
20161125133111800005123    
20161125133111800005145    
201611251331118000051527   
20161125133111800005177    
20161125133111800040021    
20161125133111800040116    
20161125133111800040121    
20161125133111800040172    
20161125133111800040392    
201611251331118000405240   
2016112513311180004053115  
20161125133111800085003    
201611251331118000990130   
201611251331118000990212   
20161125133154027900101    
20161125133154027900041    
20161125133154027900571    
20161125133154027900201    
20161125133154027900721    
20161125133154027905021    
20161125133154027905041    
20161125133154027905161    
20161125133249803000722    
20161125133249803000772    
20161125133413800000591    
20161125133649802100031    
20161125133649802100041    
20161125133649802100201    
20161125133649802100242    
20161125133649802100581    
20161125133649802100721    
20161125133649802100103    
20161125133649802100081    
20161125133649802105022    
20161125133649802105123    
20161125133649802105162    
20161125133649802105201    
20161125133649802100061    
20161125134340802500041    
20161125134340802500221    
20161125134340802500242    
20161125134340802500571    
20161125134340802500102    
20161125134340802505021    
20161125134340802500061    
20161125134340802500072    
20161125135040020700109    
20161125135040020700035    
20161125135040020700043    
20161125135040020700571    
20161125135040020700062    
20161125135040020700073    
20161125135040020700211    
20161125135040020700241    
20161125135040020700251    
20161125135040020700301    
20161125135040020700721    
20161125135040020700751    
20161125135040020740525    
20161125135040020740555    
20161125135040020780015    
20161125135040020780022    
20161125135040020705021    
20161125135040020705032    
20161125135040020705041    
20161125135040020705073    
20161125135040020705081    
20161125135040020705126    
20161125135040020705131    
20161125135040020705142    
20161125135040020740114    
201611251359120032001010   
20161125135912003200036    
20161125135912003200044    
20161125135912003200571    
20161125135912003200062    
20161125135912003200073    
20161125135912003200221    
20161125135912003205033    
20161125135912003205173    
20161125135912003205151    
20161125135912003205022    
20161125135935002700571    
20161125135935002705203    
20161125135935002700034    
20161125135935002700044    
20161125135935002700107    
20161125135940023200108    
20161125135940023200034    
20161125135940023200043    
20161125135940023200063    
20161125135940023200071    
20161125135940023200721    
20161125135940023200401    
20161125135940023205202    
20161125135940023240211    
201611251359400232800113   
20161125135940023205042    
20161125135940023205123    
20161125135940023205142    
20161125135940023205163    
20161125135940023205173    
20161125140147027700105    
20161125140147027700033    
20161125140147027700042    
20161125140147027700571    
20161125140147027700081    
20161125140147027700131    
20161125140147027700062    
20161125140147027700074    
20161125140147027700211    
20161125140147027700221    
20161125140147027740522    
20161125140147027740535    
20161125140147027780015    
20161125140147027780021    
20161125140147027705011    
20161125140147027705021    
20161125140147027705031    
20161125140147027705081    
20161125140147027705122    
20161125140147027705141    
20161125140147027705153    
20161125140147027705162    
20161125140147027705201    
20161125140147027740112    
20161125140229019500104    
20161125140229019500032    
20161125140229019500042    
20161125140229019500571    
20161125140229019500081    
20161125140229019500062    
20161125140229019500073    
20161125140229019505202    
20161125140229019500211    
20161125140229019500221    
20161125140229019500241    
20161125140229019500251    
20161125140229019500301    
20161125140229019500281    
20161125140229019500401    
20161125140229019500451    
201611251402290195405310   
20161125140229019580018    
20161125140229019580022    
20161125140229019505021    
20161125140229019505033    
20161125140229019505043    
20161125140229019505081    
20161125140229019505121    
20161125140229019505143    
20161125140229019505156    
20161125140229019540021    
20161125140229019540111    
20161125140229019540392    
20161125140444007600032    
20161125140444007600042    
20161125140444007600104    
20161125140444007600061    
20161125140444007600071    
20161125140444007605032    
20161125140444007605152    
20161125140444007605161    
20161125140444007605141    
20161125140444007680014    
20161125140444007680021    
20161125140450802300104    
20161125140450802300032    
20161125140450802300042    
20161125140450802300571    
20161125140450802300062    
20161125140450802300071    
20161125140450802300201    
20161125140450802300221    
20161125140450802300241    
20161125140450802300401    
20161125140450802305122    
20161125140450802305152    
20161125140450802305173    
20161125140450802305201    
20161125140450802340131    
20161125140450802305142    
20161125141544004800107    
20161125141544004800034    
20161125141544004800042    
20161125141544004880031    
20161125141544004840171    
20161125141544004800631    
20161125141544004805131    
20161125141544004805076    
20161125141544004805043    
20161125141544004805021    
20161125141544004800061    
20161125141544004800071    
201611251421320079001010   
20161125142132007900035    
20161125142132007900045    
20161125142132007900571    
20161125142132007900081    
20161125142132007900074    
20161125142132007905022    
20161125142132007905034    
20161125142132007905152    
20161125142227000300105    
20161125142227000300033    
20161125142227000300042    
20161125142227000300081    
20161125142227000300021    
20161125142227000300201    
20161125142227000305123    
20161125142227000305161    
20161125142419801700035    
20161125142419801700043    
20161125142419801700201    
20161125142419801700211    
20161125142419801700572    
20161125142419801700721    
20161125142419801700751    
20161125142419801700109    
20161125142419801705021    
20161125142419801705034    
20161125142419801705042    
20161125142419801705124    
20161125142419801705142    
20161125142419801705151    
20161125142419801705162    
20161125142419801700061    
20161125142419801700071    
20161125142424023700103    
20161125142424023700031    
20161125142424023700042    
20161125142424023700063    
20161125142424023700072    
20161125142424023700221    
20161125142424023700281    
20161125142424023700731    
20161125142424023780015    
20161125142424023780023    
20161125142424023705205    
20161125142424023705021    
20161125142424023705041    
20161125142424023705125    
20161125142424023705153    
20161125142424023705164    
20161125142849802400102    
20161125142849802400031    
20161125142849802400041    
20161125142849802400061    
20161125142849802400072    
20161125142849802400221    
20161125142849802400301    
20161125142849802480031    
20161125142849802405032    
20161125142849802405151    
20161125142849802405171    
20161125142849802440391    
20161125142849802440114    
20161125143644024700103    
20161125143644024700031    
20161125143644024700041    
20161125143644024700571    
20161125143644024700071    
20161125143644024700201    
20161125143644024700211    
20161125143644024740536    
20161125143644024780023    
20161125143644024780031    
20161125143644024705022    
20161125143644024705031    
20161125143644024705041    
20161125143644024705122    
20161125143644024705141    
20161125143644024705151    
20161125143644024705202    
201611251437330072001014   
20161125143733007200038    
20161125143733007200046    
20161125143733007200212    
20161125143905026500033    
20161125143905026500043    
20161125143905026500105    
20161125143905026500771    
20161125143905026500282    
20161125143905026505041    
20161125143905026505121    
20161125143905026505163    
20161125143905026540531    
20161125143905026580014    
20161125143905026580021    
20161125143905026580031    
20161125143905026500061    
20161125143905026500071    
201611251439090229001010   
20161125143909022900035    
20161125143909022900045    
20161125143909022900071    
20161125143909022900211    
20161125143909022905022    
20161125143909022905042    
20161125143909022905131    
20161125143909022905141    
20161125143909022905154    
201611251440590095001010   
20161125144059009500035    
20161125144059009500046    
20161125144059009500072    
20161125144059009500062    
20161125144059009500571    
20161125144059009500401    
201611251442130248001022   
201611251442130248000311   
20161125144213024800049    
20161125144213024800573    
20161125144213024800081    
20161125144213024800065    
20161125144213024800075    
20161125144213024800201    
20161125144213024800771    
20161125144213024800401    
20161125144213024805041    
20161125144213024805081    
20161125144213024805145    
201611251442130248051510   
20161125144213024805162    
20161125144213024840171    
20161125144254027400109    
20161125144254027400035    
20161125144254027400044    
20161125144254027400076    
20161125144254027400721    
20161125144254027400731    
20161125144254027480014    
20161125144254027405043    
20161125144254027400501    
20161125144254027405142    
20161125144254027405154    
201611251444360066000311   
201611251444360066000411   
201611251444360066001022   
20161125144457801500021    
20161125144457801500036    
20161125144457801500046    
20161125144457801500202    
20161125144457801500572    
20161125144457801500631    
20161125144457801500752    
201611251444578015001012   
20161125144457801505011    
20161125144457801505022    
20161125144457801505036    
20161125144457801505042    
20161125144457801505124    
20161125144457801505142    
20161125144457801505153    
20161125144457801505176    
20161125144457801540112    
20161125144457801505203    
20161125144457801540535    
20161125144457801580031    
20161125144457801500073    
20161125144530008700035    
20161125144530008700043    
20161125144530008700212    
20161125144530008700221    
20161125144530008700241    
20161125144530008700251    
20161125144530008700571    
20161125144530008700721    
20161125144530008700751    
20161125144530008700108    
20161125144530008705022    
20161125144530008705032    
20161125144530008705042    
20161125144530008705123    
20161125144530008705142    
20161125144530008705154    
20161125144530008705162    
20161125144530008740021    
20161125144530008740113    
20161125144530008740141    
20161125144530008740171    
20161125144530008740211    
201611251445300087405213   
201611251445300087405310   
20161125144530008740555    
20161125144530008780014    
20161125144530008780024    
20161125144530008700063    
20161125144530008700072    
20161125144530008740391    
20161125144549002000061    
20161125144549002000301    
20161125144549002005162    
20161125144549002005041    
20161125144549002005032    
20161125144549002040533    
20161125144549002000034    
20161125144549002000043    
20161125144549002000108    
20161125144549002080024    
20161125144549002000073    
20161125144643801600106    
20161125144643801600032    
20161125144643801600044    
20161125144643801600571    
20161125144643801600081    
20161125144643801600062    
20161125144643801600072    
20161125144643801600202    
20161125144643801600211    
20161125144643801600221    
20161125144643801600241    
20161125144643801600631    
20161125144643801600751    
20161125144643801600451    
201611251446438016405210   
20161125144643801605036    
20161125144643801605043    
20161125144643801605122    
20161125144643801605141    
20161125144643801605155    
20161125144643801605167    
20161125144643801640112    
20161125144643801640171    
20161125144836006200106    
20161125144836006200032    
20161125144836006200043    
20161125144836006205022    
20161125144836006200632    
20161125145002025500103    
20161125145002025500032    
20161125145002025500041    
20161125145002025500061    
20161125145002025500071    
20161125145002025500211    
20161125145002025500281    
20161125145002025500721    
20161125145002025500771    
20161125145002025580014    
20161125145002025505021    
20161125145002025505042    
20161125145051027200102    
20161125145051027200031    
20161125145051027200041    
20161125145051027200571    
20161125145051027200062    
20161125145051027200072    
20161125145051027200201    
20161125145051027200581    
20161125145051027200591    
20161125145051027240533    
20161125145051027280013    
20161125145051027280022    
20161125145051027205021    
20161125145051027240391    
20161125145051027205031    
201611251451170156001021   
20161125145117015600039    
20161125145117015600047    
20161125145117015600571    
20161125145117015600065    
20161125145117015600077    
20161125145117015600021    
20161125145117015600203    
20161125145117015600212    
20161125145117015600221    
20161125145117015600241    
20161125145117015600751    
20161125145117015600421    
20161125145117015640526    
20161125145117015640536    
20161125145117015640211    
20161125145117015640555    
20161125145117015680031    
20161125145117015605022    
20161125145117015605035    
20161125145117015605042    
20161125145117015605081    
20161125145117015605128    
20161125145117015605143    
20161125145117015605156    
20161125145117015605168    
20161125145117015605207    
20161125145417799800076    
20161125145417799805161    
20161125145417799899016    
20161125145558012500061    
20161125145558012500071    
20161125145558012500211    
20161125145558012500221    
20161125145558012580014    
20161125145558012580032    
20161125145558012505022    
20161125145558012505031    
20161125145558012505042    
20161125145558012505122    
20161125145558012505141    
20161125145558012505151    
20161125145558012505171    
20161125145558012505203    
20161125145746026900104    
20161125145746026900033    
20161125145746026900042    
20161125145746026900072    
20161125145746026900201    
20161125145746026900212    
20161125145746026900731    
20161125145746026900751    
20161125145746026900581    
20161125145746026940525    
20161125145746026940538    
20161125145746026980014    
20161125145746026980022    
20161125145746026905021    
20161125145746026905041    
20161125145746026905151    
20161125145746026905171    
20161125145746026940112    
20161125145746026940171    
20161125150401014400021    
20161125150401014400033    
20161125150401014400043    
20161125150401014400211    
20161125150401014400221    
20161125150401014400241    
20161125150401014400451    
20161125150401014400571    
20161125150401014400731    
20161125150401014400107    
20161125150401014405021    
20161125150401014405032    
20161125150401014405042    
20161125150401014405152    
20161125150401014405164    
20161125150401014400062    
20161125150401014400072    
20161125150552025800033    
20161125150552025800043    
20161125150552025800201    
20161125150552025800221    
20161125150552025800231    
20161125150552025800241    
20161125150552025800107    
20161125150552025800281    
20161125150552025805011    
20161125150552025840021    
20161125150552025840113    
20161125150552025805202    
20161125150552025840527    
20161125150552025800073    
20161125150858020000109    
20161125150858020000035    
20161125150858020000043    
20161125150858020000571    
20161125150858020000061    
20161125150858020000075    
20161125150858020000721    
20161125150858020005021    
20161125150858020005032    
20161125150858020005152    
20161125150858020005162    
20161125150858020005141    
20161125151000021300202    
20161125151000021300211    
20161125151000021300242    
20161125151000021300401    
20161125151000021300571    
20161125151000021300731    
20161125151000021300301    
20161125151000021300081    
20161125151000021300131    
20161125151000021305022    
20161125151000021305032    
20161125151000021305081    
20161125151000021305124    
20161125151000021305154    
20161125151000021340112    
20161125151000021340141    
20161125151000021305202    
20161125151000021340211    
20161125151000021340555    
20161125151000021300064    
20161125151000021300076    
20161125151000021340391    
20161125151405005700035    
20161125151405005700044    
20161125151405005700109    
20161125151405005705123    
20161125151405005700061    
20161125151405005700073    
20161125151405005780012    
20161125151405005705041    
20161125151405005700571    
20161125151717027600031    
20161125151717027600431    
20161125151717027600581    
20161125151717027600101    
20161125151717027605022    
20161125151717027640525    
20161125151717027680014    
20161125151717027600062    
20161125151817008900035    
20161125151817008900044    
20161125151817008900109    
20161125151817008900066    
20161125151817008900073    
20161125151817008900081    
20161125151817008900572    
20161125151817008905021    
20161125151817008900211    
20161125151817008905032    
20161125151817008905154    
20161125151817008905173    
20161125151904008905021    
201611251520130033001011   
20161125152013003300036    
20161125152013003300045    
20161125152013003300073    
20161125152013003300731    
20161125152013003300401    
20161125152013003305033    
20161125152013003305153    
20161125152013003305173    
20161125152013003340171    
20161125152034011400063    
20161125152034011405032    
20161125152034011400032    
20161125152034011400041    
20161125152034011400103    
20161125152034011400071    
20161125152037009300076    
20161125152037009300066    
20161125152037009305122    
20161125152037009300753    
20161125152037009305022    
20161125152037009340393    
201611251520370093405540   
201611251520370093051610   
20161125152038020100108    
20161125152038020100033    
20161125152038020100043    
20161125152038020100201    
20161125152038020100221    
20161125152038020100241    
201611251520380201405310   
20161125152038020140211    
20161125152038020180041    
20161125152038020105021    
20161125152038020105032    
20161125152038020105044    
20161125152038020105122    
20161125152038020105152    
20161125152038020180014    
20161125152111023740534    
20161125152111023740523    
20161125152356023600073    
20161125152356023600061    
20161125152356023600241    
20161125152356023600571    
20161125152356023600034    
20161125152356023600044    
20161125152356023600108    
20161125152527013000109    
20161125152527013000036    
20161125152527013000042    
20161125152527013000202    
20161125152527013000213    
20161125152527013000773    
20161125152527013000061    
20161125152527013005022    
20161125152527013000071    
201611251525270130051213   
20161125152548026100032    
20161125152548026100041    
20161125152548026100104    
20161125152548026100061    
20161125152548026100071    
20161125152548026105163    
20161125152548026140533    
20161125152548026100751    
20161125152548026180022    
20161125152548026180012    
20161125152729026800107    
20161125152729026800034    
20161125152729026800043    
20161125152729026800073    
20161125152729026800572    
20161125152729026800401    
201611251528150221001013   
20161125152815022100037    
20161125152815022100046    
20161125152815022100064    
20161125152815022100021    
20161125152815022100241    
20161125152815022100281    
20161125152815022140112    
20161125152815022105035    
20161125152815022105011    
20161125152815022100073    
20161125152815022100572    
20161125152950013100103    
20161125152950013100032    
20161125152950013100041    
20161125152950013100061    
20161125152950013100202    
20161125152950013100221    
20161125152950013100301    
20161125152950013105021    
20161125152950013105031    
20161125152950013105141    
20161125152950013105151    
20161125152950013105161    
20161125152950013140111    
20161125153017015900104    
20161125153017015900032    
20161125153017015900042    
20161125153017015905042    
20161125153156025100104    
20161125153156025100033    
20161125153156025100042    
20161125153156025100571    
20161125153156025100063    
20161125153156025100073    
20161125153156025100201    
20161125153156025100211    
20161125153156025100281    
20161125153156025100581    
20161125153156025140533    
20161125153156025180016    
20161125153156025180022    
20161125153156025105021    
20161125153156025105122    
20161125153156025105164    
20161125153156025105202    
20161125153156025140021    
20161125153156025140391    
20161125153226013300105    
20161125153226013300034    
20161125153226013300043    
20161125153226013300072    
20161125153226013340523    
20161125153226013340114    
20161125153227003800032    
20161125153227003800041    
20161125153227003800104    
20161125153227003805041    
20161125153227003805162    
20161125153227003800062    
20161125153227003800071    
20161125153227003800591    
20161125153230004100106    
20161125153230004100033    
20161125153230004100043    
20161125153230004100081    
20161125153230004100063    
20161125153230004100072    
20161125153230004100211    
20161125153230004100301    
20161125153230004105031    
201611251533170077001016   
20161125153317007700037    
20161125153317007700046    
20161125153317007700571    
20161125153317007700063    
20161125153317007700075    
20161125153317007700401    
20161125153457026600102    
20161125153457026600031    
20161125153457026600041    
20161125153457026600061    
20161125153457026600071    
20161125153457026600201    
20161125153457026600221    
20161125153457026640535    
20161125153457026640555    
20161125153457026680012    
20161125153457026680041    
20161125153457026605021    
20161125153457026605041    
20161125153457026605161    
20161125153457026640112    
20161125153457026605202    
20161125153759016900103    
20161125153759016900031    
20161125153759016900041    
20161125153759016900072    
20161125153759016900631    
20161125153759016940535    
20161125153759016940391    
20161125153807018900031    
20161125153807018900041    
20161125153807018900591    
20161125153807018900102    
20161125153807018905122    
20161125153807018940112    
20161125153807018940535    
20161125153818006300021    
20161125153818006300038    
20161125153818006300048    
20161125153818006300066    
201611251538180063000712   
20161125153818006300081    
201611251538180063001012   
20161125153818006300211    
20161125153818006300221    
20161125153818006300241    
20161125153818006300421    
20161125153818006300573    
20161125153818006300582    
20161125153818006300721    
20161125153818006300752    
20161125153818006305021    
20161125153818006305032    
20161125153818006305042    
201611251538180063051210   
20161125153818006305156    
20161125153818006305165    
20161125153818006340113    
20161125153818006340141    
20161125153818006340392    
201611251538180063405210   
201611251538180063405310   
201611251538180063800112   
20161125153818006380026    
20161125153837022300105    
20161125153837022300033    
20161125153837022300042    
20161125153837022305124    
20161125153837022300073    
20161125153837022300211    
20161125153837022380022    
20161125153837022300401    
20161125153837022305021    
20161125153837022305031    
20161125153837022300063    
20161125153837022340113    
20161125153837022300081    
20161125153837022340171    
20161125153837022340391    
20161125153837022305152    
20161125153837022305173    
20161125153837022340525    
20161125153837022305141    
20161125153958009800035    
20161125153958009800045    
20161125153958009800062    
20161125153958009800073    
20161125153958009800081    
201611251539580098001011   
20161125153958009800202    
20161125153958009800212    
20161125153958009800221    
20161125153958009800242    
20161125153958009800571    
20161125153958009805011    
20161125153958009805035    
20161125153958009805125    
20161125153958009840114    
20161125153958009840211    
20161125153958009840391    
20161125153958009840523    
20161125153958009840535    
20161125153958009840555    
20161125153958009880015    
20161125154148019800102    
20161125154250022700031    
20161125154250022700211    
20161125154250022705031    
20161125154250022705141    
20161125154250022705151    
20161125154250022705171    
20161125154301019600031    
20161125154301019600041    
20161125154301019600421    
20161125154301019600102    
20161125154301019605021    
20161125154301019605141    
20161125154301019640171    
20161125154301019600072    
20161125154335019600631    
20161125154337026100281    
20161125154503010800107    
20161125154503010800033    
20161125154503010800043    
20161125154503010805201    
201611251545030108405310   
20161125154503010800571    
20161125154503010800074    
20161125154503010800061    
20161125154503010800021    
20161125154503010880016    
20161125154632006700032    
20161125154632006700042    
20161125154632006700104    
20161125154632006700072    
20161125154632006705031    
20161125154632006705171    
20161125154632006780014    
20161125154723028100108    
20161125154723028100034    
20161125154723028100044    
20161125154723028105204    
20161125154723028100075    
20161125154723028100065    
20161125154723028100571    
20161125154723028140525    
20161125154723028100771    
20161125154723028100021    
20161125154723028100221    
20161125154723028105021    
20161125154723028140111    
20161125154727024600103    
20161125154727024600034    
20161125154727024600043    
20161125154727024600071    
20161125154727024600202    
20161125154727024600241    
20161125154727024605032    
20161125154727024605043    
20161125154727024605076    
20161125154727024605127    
20161125154727024605131    
20161125154727024605153    
20161125154727024605176    
20161125154727024640171    
20161125154727024640391    
20161125154727024640534    
20161125154748016900101    
20161125154748016900031    
201611251548480011001024   
201611251548480011000311   
201611251548480011000411   
20161125154848001100572    
20161125154848001100065    
20161125154848001100076    
20161125154848001100631    
20161125154848001100731    
20161125154848001105152    
20161125154848001140525    
20161125154848001140535    
20161125155024019300104    
20161125155024019300032    
20161125155024019300042    
20161125155024019300571    
20161125155024019300081    
20161125155024019300061    
20161125155024019300071    
20161125155024019300201    
20161125155024019300211    
20161125155024019300221    
20161125155024019300241    
20161125155024019300301    
20161125155024019300281    
20161125155024019305021    
20161125155024019305032    
20161125155024019305042    
20161125155024019305081    
20161125155024019305141    
20161125155024019340112    
201611251550240193405210   
201611251550240193405320   
20161125155024019340555    
20161125155024019380016    
20161125155053023000032    
20161125155053023000043    
20161125155053023000106    
20161125155053023080014    
20161125155053023080024    
20161125155053023000071    
20161125155053023000571    
20161125155053023000581    
20161125155053023000061    
20161125155053023040212    
20161125155053023040525    
20161125155053023040533    
20161125155053023005141    
20161125155053023005151    
20161125155053023005172    
20161125155053023005041    
20161125155053023000301    
20161125155053023000201    
20161125155053023000241    
20161125155053023000281    
20161125155313022400108    
20161125155313022400034    
20161125155313022400044    
20161125155313022405022    
20161125155313022405152    
20161125155313022440525    
20161125155313022440535    
20161125155313022400401    
20161125155313022480032    
20161125155337019340121    
20161125155758016300571    
20161125155758016300073    
20161125155758016300021    
20161125155758016300241    
20161125155758016300771    
20161125155758016305151    
20161125155758016305161    
20161125155758016340131    
20161125155758016380011    
20161125155758016380021    
20161125155854027800102    
20161125155854027800031    
20161125155854027800041    
20161125155854027805162    
20161125155854027840535    
20161125160034019305153    
20161125160034019305163    
