201608092213440678000420   
20160809221344067802181    
201608092213440678060110   
201608092213440678007515   
201608092304170219000210   
20160809230417021900132    
20160809230417021900142    
201608100011531223001120   
20160810001153122300045    
20160810001153122300073    
20160810001153122306015    
20160810001153122300133    
20160810001153122300145    
20160810001153122301111    
20160810001153122300921    
201608100034160901006315   
20160810003416090100711    
20160810003416090101113    
201608100034160901031735   
20160810003416090106013    
20160810005521040000141    
201608100055210400005860   
20160810005521040000711    
201608100055210400010610   
20160810005521040001112    
201608100100560040001115   
20160810010056004000295    
20160810010056004000585    
20160810010056004000761    
20160810010056004001112    
20160810010056004006013    
20160810010137135800761    
20160810010137135801072    
201608100101371358031710   
20160810010811135400041    
201608100108111354001120   
20160810010811135401111    
20160810021048001800118    
20160810021048001800041    
20160810021048001806011    
20160810021048001800142    
20160810021055063001063    
201608100210550630000415   
20160810021055063000931    
20160810021055063001111    
20160810021055063000622    
201608100325020815000230   
201608100325020815060110   
201608100705221401008010   
201608100705221401012480   
20160810070547139900136    
201608100705471399001415   
20160810070547139906018    
201608100706140024000410   
20160810070614002401111    
20160810070614002406015    
20160810070614002406221    
20160810070614002406241    
20160810070637002500595    
20160810070637002503181    
20160810070709003100297    
20160810070709003100887    
20160810070709003101111    
20160810070726000500132    
20160810070726000500142    
20160810070810004600883    
20160810070810004601111    
20160810070830141303155    
201608100709070012004910   
20160810070907001200996    
201608100709470503000410   
20160810070947050300355    
201608100710422002005820   
20160810071042200200981    
20160810071042200201062    
20160810071042200201111    
20160810071042200201171    
20160810071150001600185    
20160810071150001600774    
201608100711500016007960   
201608100711500016008015   
201608100712041353000410   
201608100713000080000440   
20160810071300008001112    
