201603222117171143100010   
201603222148181017100050   
20160322214818101713091    
201603222157571128100010   
201603222245084004100010   
201603230926311069100020   
20160323092631106913051    
201603230953211147100010   
20160323095321114712002    
20160323095321114712042    
20160323095321114712053    
20160323095321114712063    
20160323095321114714001    
20160323095321114714022    
20160323095905110912063    
20160323095905110912072    
20160323095905110913022    
20160323095905110913031    
20160323095905110913091    
20160323095905110914075    
20160323095905110914092    
20160323095905110915001    
20160323095905110915042    
20160323095905110916031    
201603231011321043100010   
201603231012091158100010   
20160323101631700313031    
20160323101631700314063    
20160323101631700351055    
20160323101751700353051    
20160323102125115912073    
201603231021251159120910   
20160323102125115914022    
20160323102125115914031    
20160323102125115914041    
20160323102125115914061    
20160323102125115914101    
201603231040521005100010   
201603231042051063100020   
201603231050541027100020   
20160323105054102713021    
20160323105054102713091    
201603231055401162100010   
201603231133171053100020   
201603231217511034100010   
201603231236057002133010   
20160323123605700251051    
201603231245461165100010   
20160323124546116512134    
20160323124546116516022    
201603231253501150100020   
20160323125350115013075    
20160323125350115014031    
20160323125350115015031    
20160323130518100212072    
20160323130518100214021    
20160323130518100214031    
20160323130518100212133    
20160323130518100215142    
20160323130722106716001    
20160323131539111313031    
20160323131539111313051    
201603231317561100120710   
20160323131756110013021    
20160323131756110013071    
20160323131756110014025    
20160323131756110014031    
201603231323571160120910   
20160323132357116014022    
20160323132357116014041    
20160323132357116014061    
20160323132357116014101    
20160323132357116016031    
20160323132549112513073    
20160323132549112514091    
20160323132549112514101    
201603231330141141100010   
20160323133014114113021    
20160323133014114116001    
201603231331571152120710   
201603231341091130100010   
20160323134109113012084    
20160323134109113012124    
20160323134109113012132    
20160323134109113013081    
20160323134109113014021    
20160323134109113014031    
20160323134109113014041    
201603231341091130150510   
20160323134109113015142    
201603231342541161100020   
20160323134254116113052    
20160323134254116113091    
20160323134254116114027    
20160323134254116114091    
20160323134254116117061    
201603231347541110100020   
20160323134754111012135    
20160323134754111013041    
20160323134754111015001    
20160323134754111015011    
201603231347541110150510   
20160323134754111016024    
20160323140039111713092    
20160323140039111714011    
20160323140039111714024    
20160323140039111714031    
20160323140039111716031    
