20160607095648551040001    
20160607095648551060001    
20160607095648551060011    
20160607095648551060321    
20160607095648551060461    
20160607095648551060601    
20160607095648551050151    
20160607095648551049991    
20160607095648551060391    
20160607095648551060411    
20160607100724600340002    
20160607100724600360002    
20160607100724600360331    
20160607100819061240001    
20160607100819061260002    
20160607101020021540001    
20160607101020021540011    
20160607101020021550101    
20160607101020021560381    
