201611211404361305010110   
201611212046391309010120   
20161121204639130901131    
20161121204639130901141    
20161121204639130903011    
20161121204639130903082    
20161121204639130902113    
20161121204639130902321    
201611212252041319010130   
20161121225204131901081    
20161121225204131901332    
20161121225204131901483    
20161121225204131902072    
201611212252041319021115   
201611212314111281010120   
20161121231411128101051    
20161121231411128101071    
20161121231411128101143    
201611212314111281013510   
20161121231411128101473    
20161121231411128102116    
20161121231411128102281    
20161121231411128102341    
20161121231411128103072    
20161121231411128103082    
20161121234536126201142    
20161121234536126202072    
20161121234536126202282    
20161121234536126260012    
201611220034391205010120   
20161122003439120501443    
20161122003439120502115    
20161122003439120502522    
20161122003439120503011    
201611220057221296010120   
20161122005722129601081    
20161122005722129601355    
20161122005722129602115    
20161122005722129602831    
201611220119571290010125   
20161122011957129001041    
20161122011957129003081    
20161122011957129002114    
20161122011957129013112    
20161122011957129002295    
20161122011957129001352    
20161122012150129001015    
20161122012150129001485    
201611220135211009010120   
20161122013521100913051    
201611220256551237010130   
20161122025655123701041    
20161122025655123701071    
20161122025655123701131    
20161122025655123701141    
20161122025655123702071    
20161122025655123703011    
20161122025655123703062    
20161122025655123703071    
20161122025655123723131    
20161122025655123703081    
20161122025655123702117    
20161122025655123702221    
20161122025655123713112    
20161122025655123703175    
20161122025655123760011    
20161122025655123702522    
20161122025655123701482    
20161122025655123702581    
201611220303001251010110   
20161122030300125101081    
20161122030300125101141    
20161122030300125101161    
20161122030300125101202    
20161122030300125102071    
20161122030300125102281    
20161122030300125102771    
20161122030300125102845    
20161122030300125103081    
201611220318151310010120   
20161122031815131001051    
20161122031815131001061    
20161122031815131001071    
20161122031815131001081    
20161122031815131001141    
20161122031815131003072    
20161122031815131002115    
