20160210214224707050016    
20160210214224707050071    
20160210214224707050136    
20160210214224707050141    
20160210214224707050221    
20160210214224707050711    
20160210214224707050682    
20160210214224707051052    
20160210214224707050091    
20160210231626704150012    
20160210231626704150133    
20160210231626704150342    
20160210231626704151281    
20160210231626704150711    
20160210231626704150081    
20160210231626704150911    
20160210231626704150192    
20160210231626704150252    
20160210234510706850139    
20160210234510706850221    
20160210234510706850141    
20160210234510706850982    
20160211011637107230016    
20160211013930100531061    
20160211013930100531301    
20160211013930100530031    
20160211013930100530323    
20160211013930100531031    
20160211013930100531363    
