201603222305490219000210   
201603230013140901006310   
20160323001314090100711    
20160323001314090101071    
20160323001314090101112    
201603230013140901031720   
20160323001314090106012    
201603230026130678000420   
20160323002613067801112    
201603230026130678060110   
201603230026130678001110   
20160323003322063600625    
20160323003322063600861    
20160323003322063601381    
20160323003322063606017    
201603230104040040001120   
20160323010404004000142    
201603230104040040005810   
20160323010404004000761    
20160323010404004001111    
20160323010404004006015    
201603230104071354001120   
20160323010407135401111    
20160323010407135402181    
20160323010407135400041    
201603230104251343000415   
20160323010425134301111    
20160323010425134300143    
20160323010425134306014    
20160323010425134300621    
20160323010527135406293    
201603230131310744000210   
20160323013131074400931    
201603230134450400005850   
20160323013445040000711    
20160323013445040000981    
201603230134450400010610   
20160323013445040001112    
20160323015157063001061    
201603230151570630000415   
20160323015157063001111    
20160323021450131000115    
20160323021450131000143    
20160323031056001800114    
20160323031056001800143    
201603230337120815000220   
20160323033712081506015    
20160323070823200200305    
20160323070823200200353    
201603230708232002005820   
20160323070823200200981    
20160323070823200201041    
20160323070823200201063    
20160323070823200201111    
201603230709010080000440   
20160323070901008001092    
20160323070901008001112    
201603230709280011003815   
20160323070928001100724    
201603230709570032004925   
20160323070957003201531    
20160323071039003501112    
201603230710390035031920   
20160323071111139900132    
20160323071111139900144    
20160323071111139902181    
20160323071111139906014    
201603230711300005001110   
20160323071130000501111    
201603230711501413031510   
20160323071150141306011    
201603230712260031031510   
201603230713061401007940   
201603230713061401008010   
20160323071306140103184    
201603230713290024000415   
20160323071329002400623    
20160323071329002400761    
20160323071329002406015    
20160323071353135300045    
20160323071353135300143    
20160323071353135300351    
20160323071353135300761    
20160323071535143700334    
201603230715351437007915   
20160323071535143700805    
201603230718310809000210   
20160323071831080900141    
20160323071831080900292    
