20160604004324200310253    
20160604004324200310323    
20160604004324200310342    
20160604004324200310632    
20160604004324200310791    
20160604004324200310801    
20160604004324200310811    
20160604004324200315071    
20160604004324200315371    
20160604004324200320011    
20160604004324200320021    
20160604004324200320051    
20160604004324200320111    
201606040043242003202012   
20160604004324200320331    
20160604004324200320401    
20160604004324200325251    
20160604004324200325261    
20160604004324200330016    
20160604004324200330053    
20160604004324200330071    
20160604004324200330462    
20160604004324200330705    
20160604030340200210175    
20160604030340200210185    
20160604030340200210211    
20160604030340200210221    
20160604030340200210305    
20160604030340200210651    
20160604030340200225031    
20160604030340200230055    
20160604030340200230203    
20160604030340200230891    
