20160330170300203841401    
20160330170300203840881    
20160330170300203841081    
20160330170300203840841    
20160330182028116820127    
20160330182028116830051    
201603301828282037201110   
20160330182828203740841    
20160330182828203740922    
20160330182828203741104    
20160330182828203741112    
20160330182828203741172    
20160330182828203741192    
201603301828282037414010   
20160330182828203741458    
20160330232346116920125    
20160330232346116931011    
20160330232346116931052    
20160330232346116930142    
20160331000518105820123    
20160331001334203541441    
20160331001334203541402    
20160331001334203540791    
201603310109031152200215   
201603310109031152200315   
20160331010903115220041    
20160331010903115220051    
20160331010903115220141    
20160331010903115231041    
