20160328224503105212081    
20160328224503105214111    
20160328224503105214191    
20160328224503105215062    
20160328224503105217031    
20160328224503105223661    
20160328224503105226581    
20160329032558109311071    
20160329032558109314081    
20160329032558109314142    
20160329032558109314181    
20160329032558109323631    
20160329032558109323661    
20160329032558109323772    
20160329032558109323832    
20160329032558109326271    
20160329032558109326541    
20160329032558109362371    
20160329032558109389353    
20160329032558109389362    
20160329032558109390021    
20160329032558109390044    
