20160722153912301611014    
20160722153912301611022    
20160722153912301611051    
20160722160522100211023    
20160722160522100211015    
20160722173435100711013    
20160722173435100711022    
201607221734351007111110   
20160722173533102711022    
20160722173533102711031    
20160722173533102711051    
20160722173533102711061    
20160722173533102711012    
20160722173533102712031    
20160722173607100411011    
20160722173607100411022    
20160722174855200111015    
20160722174855200111025    
20160722174855200111051    
20160722174855200111061    
20160722174855200111101    
20160722174855200111132    
20160722174855200112031    
20160722175223302211021    
20160722175223302211031    
20160722175223302211051    
20160722175223302211013    
20160722175223302212031    
20160722175943302411012    
20160722175943302411022    
20160722181049302111013    
20160722181049302111022    
20160722181633100211021    
20160722182507300511021    
20160722182507300511012    
20160722185056200611012    
20160722185056200611021    
20160722185056200611061    
20160722191901200411011    
20160722191901200411021    
20160722191901200411061    
20160722191947200411011    
20160722193638100211011    
20160722195458301111012    
20160722195458301111021    
20160722200609300111013    
20160722200609300111022    
20160722200810201011022    
20160722200810201011011    
20160722202506102511011    
20160722202506102511021    
20160722202506102511031    
20160722202506102512022    
20160722202506102513071    
20160722204035101911012    
20160722204035101911021    
20160722204541202311061    
20160722204541202311011    
20160722204653102411021    
20160722204653102411061    
20160722204653102411013    
20160722204653102412031    
20160722205009301411012    
20160722205009301411022    
20160722205254200511022    
20160722205254200511013    
20160722205715302511022    
20160722205715302511051    
20160722205715302511061    
20160722205715302511014    
20160722210153200811012    
20160722210153200811022    
20160722211201200311013    
20160722211201200311022    
20160722211201200311063    
20160722211201200311131    
