20160610210414109110015    
20160610210414109110132    
20160610210414109110172    
20160610210414109120013    
20160610210414109120023    
20160610210414109130102    
20160610210414109130221    
20160610210414109130243    
20160610210414109130252    
20160610210414109140181    
20160610210414109140191    
20160610210414109140262    
20160610210414109150011    
20160610210414109160032    
20160610210414109160073    
20160610210414109160081    
20160610210414109160092    
20160610210414109160121    
20160610210414109160222    
20160610210414109160272    
20160610210414109160361    
20160610211445112410017    
20160610211445112410131    
20160610211445112410171    
20160610211445112410291    
20160610211445112420023    
20160610211445112430101    
20160610211445112430222    
20160610211445112430291    
20160610211445112430641    
20160610211445112440012    
20160610211445112440022    
20160610211445112440051    
20160610211445112450011    
20160610211445112450011    
20160610211445112450071    
20160610211445112450071    
20160610211445112450091    
20160610211445112450091    
20160610211445112460121    
20160610211445112460222    
20160610211445112460231    
20160610211445112460281    
20160610211445112460292    
20160610211445112491051    
20160610213535109210014    
20160610213535109210133    
20160610213535109220023    
20160610213535109240251    
20160610213535109240271    
20160610213535109250041    
20160610213535109250051    
20160610215929105110012    
20160610215929105110131    
20160610215929105110172    
20160610215929105110291    
20160610215929105120022    
20160610215929105130104    
20160610215929105130121    
20160610215929105130221    
20160610215929105130231    
20160610215929105130261    
20160610215929105130271    
20160610215929105130281    
20160610215929105130682    
20160610215929105140231    
20160610215929105150051    
20160610222557100520023    
20160610222557100530203    
20160610222557100530221    
20160610222557100540191    
20160610222557100550041    
20160610222557100550051    
20160610222557100550071    
20160610222557100560211    
201606102225571005919320   
20160610222922104310014    
20160610222922104310142    
20160610222922104310171    
20160610222922104330041    
20160610222922104330102    
201606102229221043602910   
20160610224125110610013    
20160610224125110610131    
20160610224125110610141    
20160610224125110610171    
20160610224125110610292    
20160610224125110620012    
20160610224125110620022    
20160610224125110630041    
20160610224125110630104    
20160610224125110630122    
20160610224125110630222    
20160610224125110630261    
20160610224125110630271    
20160610224125110630281    
20160610224125110630491    
20160610224125110630511    
20160610224125110640171    
20160610224125110640211    
20160610224125110640271    
20160610224125110640301    
20160610224125110650011    
20160610224125110660031    
20160610224125110691941    
20160610224216109410014    
20160610224216109420054    
20160610224216109420104    
20160610224216109430122    
20160610224216109430131    
20160610224216109430222    
20160610224216109430231    
20160610224216109430641    
201606102242161094400310   
201606102242161094400410   
20160610224216109440251    
20160610224216109440271    
20160610224216109450071    
20160610224216109450101    
20160610224216109460061    
20160610224216109460202    
20160610224216109460221    
20160610224613107910012    
20160610224613107910173    
20160610224613107910281    
20160610224613107920023    
20160610224613107940261    
20160610224613107950071    
20160610224613107950081    
20160610224613107960142    
20160610224613107960281    
20160610232111102710171    
20160610232111102720024    
20160610232111102730222    
20160610232111102750121    
201606102321111027608710   
20160610232111102791113    
201606102321111027919320   
20160610235413110510014    
201606102354131105608710   
201606102354131105919315   
20160610235413110591942    
20160611000013110120022    
20160611000013110130101    
20160611000013110130232    
20160611000013110130291    
20160611000013110140123    
20160611000013110140271    
20160611000013110150012    
20160611000013110160162    
20160611000013110160171    
20160611000013110160261    
20160611000013110191075    
20160611004027102610015    
20160611004027102610131    
20160611004027102610173    
20160611004027102620021    
20160611004027102620051    
20160611004027102630221    
20160611004027102630231    
20160611004027102650011    
20160611004027102650061    
20160611004027102660151    
20160611014423108710019    
20160611014423108710134    
20160611014423108710173    
20160611014423108710293    
20160611014423108720014    
20160611014423108730083    
20160611014423108730106    
20160611014423108730131    
20160611014423108730223    
20160611014423108730261    
20160611014423108730271    
20160611014423108730281    
20160611014423108730293    
20160611014423108730511    
20160611014423108730641    
20160611014423108730682    
20160611014423108740251    
20160611014423108740271    
20160611014423108750012    
20160611014423108750062    
20160611014423108750081    
20160611014423108760021    
20160611014423108760101    
20160611014423108760171    
20160611014423108760202    
20160611014423108760223    
20160611014423108760251    
