201607181603234117110215   
20160718160323411716023    
201607181603234117160315   
20160718160323411716043    
20160718160323411732031    
20160718201216419916024    
20160718201216419916035    
20160718201216419916042    
20160718201216419945021    
20160718233313419111025    
20160718233313419116035    
20160718233313419131061    
20160718233313419145011    
20160718233313419161393    
20160718233313419180001    
20160718233313419198002    
20160718233313419198011    
20160718235040416311023    
20160718235040416313025    
20160718235040416316035    
20160718235040416332051    
20160718235040416345012    
20160718235040416362512    
201607190032394162110210   
20160719003239416231041    
20160719003239416243021    
20160719003239416251071    
201607190045444215110210   
20160719004544421516022    
20160719004544421516035    
20160719004544421516042    
201607190315374213110210   
20160719031537421331021    
20160719031537421331061    
20160719031537421352113    
20160719031537421361191    
20160719031537421361201    
