201605132139461104100160   
20160513213946110410052    
20160513213946110410061    
20160513213946110410133    
20160513213946110410222    
201605132140470240100140   
20160513214047024010132    
20160513214047024010401    
20160513214047024010571    
201605132149040192100120   
20160513214904019210133    
20160513214904019210141    
2016051321505302491001140  
20160513215053024910062    
20160513215053024910101    
20160513215053024910111    
20160513215053024910133    
20160513215053024910224    
201605132150530249105220   
20160513215053024915994    
201605132155250190100160   
20160513215525019010131    
20160513215525019010401    
