20160907202412593210043    
20160907202412593210091    
20160907202412593210101    
20160907202412593210272    
20160907202412593210283    
20160907202412593210355    
20160907202412593210541    
20160907202412593210583    
20160907202412593210601    
20160907202412593210651    
20160907202412593210751    
20160907202412593210821    
20160907202412593211181    
20160907202412593211071    
20160907202412593211011    
20160907202412593211253    
20160907202412593211274    
20160907202412593211303    
201609072024125932113310   
20160907202412593211425    
20160907202412593211521    
20160907202412593211611    
20160907202412593211744    
20160907202412593211832    
20160907202412593211844    
20160907202412593220821    
20160907202412593220701    
20160907202412593222994    
201609072024125932221815   
20160907202412593222223    
20160907202412593222521    
20160907202412593211321    
