201604090011410695001115   
20160409001141069500131    
20160409001141069500141    
20160409001141069500921    
20160409001141069501111    
20160409001141069502181    
201604090011410695060110   
201604090011570678000430   
20160409001157067800921    
20160409001157067801115    
20160409001157067801193    
201604090011570678060120   
201604090011570678007525   
201604090013571223001130   
20160409001357122300044    
20160409001357122300073    
20160409001357122301063    
20160409001357122306012    
20160409001357122300131    
20160409001357122300142    
20160409001357122300357    
20160409001357122300622    
20160409001357122302181    
20160409005554040000141    
201604090055540400005850   
20160409005554040000713    
20160409005554040000982    
201604090055540400010615   
20160409005554040001115    
20160409005554040002181    
20160409011222135803175    
201604090113501343000415   
20160409011350134301111    
20160409011350134300143    
20160409011350134306014    
20160409015349135400041    
201604090153491354001120   
20160409015349135401111    
20160409015349135402181    
20160409015349135400711    
201604090154300630000410   
20160409015430063001111    
20160409015430063000622    
201604090200020018001110   
20160409020002001806011    
201604090237050815000210   
20160409023705081506015    
2016040907063600800004110  
20160409070636008000711    
20160409070636008001092    
20160409070636008001118    
20160409070705002801532    
201604090707050028031560   
201604090707502001001110   
20160409070750200100143    
20160409070750200100402    
20160409070750200100711    
20160409070750200101111    
201604090707502001060110   
20160409070843200200112    
20160409070843200200142    
201604090708432002005835   
20160409070843200200712    
20160409070843200200741    
20160409070843200201065    
20160409070843200201092    
20160409070843200201111    
201604090709161374000410   
20160409070916137400116    
20160409070916137402181    
201604090709161374063210   
20160409071002140100778    
2016040907100214010079140  
201604090710021401008025   
201604090710290024000415   
20160409071029002406013    
