20160229094757201410021    
201602290947572014100320   
20160229094757201410041    
20160229094757201410061    
20160229094757201410133    
20160229094757201410184    
20160229094757201410201    
20160229094757201430042    
20160229094757201430072    
20160229094757201440013    
20160229094757201440021    
20160229094757201440191    
20160229094757201441034    
20160229094757201477791    
20160229140410100810021    
20160229140410100810033    
20160229140410100810041    
20160229140410100810203    
20160229140410100820001    
20160229140410100820013    
20160229140410100820021    
20160229140410100820063    
20160229140410100820071    
20160229140410100840019    
20160229140410100840024    
20160229140410100840051    
20160229140410100840151    
20160229140410100810188    
20160229140410100810262    
20160229140410100810223    
20160229140410100841036    
20160229172211203410031    
20160229172211203410071    
20160229172211203410133    
20160229172211203410185    
20160229172211203410202    
20160229172211203410222    
20160229172211203430071    
20160229172211203431031    
20160229172211203440031    
20160229172211203440052    
20160229172211203441032    
20160229172211203460071    
20160229172211203477791    
20160229180615202810022    
20160229180615202810042    
20160229180615202810132    
201602291806152028101810   
20160229180615202810191    
20160229180615202810202    
20160229180615202810224    
20160229180615202810262    
20160229180615202820001    
20160229180615202830061    
201602291806152028310320   
20160229180615202840051    
20160229180615202841036    
20160229180615202841041    
20160229192148205010021    
201602291921482050100380   
20160229192148205010044    
201602291921482050101310   
201602291921482050101810   
20160229192148205010201    
20160229192148205010223    
20160229192148205010261    
20160229192148205020002    
20160229192148205030045    
201602291921482050310315   
20160229192148205040003    
20160229192148205040014    
20160229192148205040022    
20160229192148205040031    
20160229192148205040053    
20160229192148205040152    
20160229192148205040191    
20160229192148205041033    
20160229192148205041042    
20160229192148205041051    
20160229192148205041061    
20160229192148205041071    
20160229192148205050025    
20160229192148205077801    
20160229192148205077811    
20160229195922103710011    
20160229195922103710021    
20160229195922103710041    
20160229195922103710131    
20160229195922103710183    
20160229195922103720061    
20160229195922103740001    
20160229195922103740015    
20160229195922103740021    
20160229195922103740051    
20160229195922103741032    
20160229195922103760091    
20160229200815204310021    
201602292008152043100340   
20160229200815204310041    
20160229200815204310061    
20160229200815204310131    
20160229200815204310187    
20160229200815204310202    
20160229200815204310261    
20160229200815204320001    
20160229200815204320061    
20160229200815204330045    
201602292008152043310310   
20160229200815204340003    
20160229200815204340014    
20160229200815204340022    
20160229200815204340031    
20160229200815204341032    
20160229200815204341051    
20160229200815204341061    
20160229200815204377811    
201602292026432038100325   
20160229202643203810041    
20160229202643203810081    
20160229202643203810131    
20160229202643203810185    
20160229202643203810202    
20160229202643203810223    
20160229202643203810262    
20160229202643203820081    
20160229202643203840002    
20160229202643203840014    
20160229202643203840021    
20160229202643203840093    
20160229202643203841032    
20160229202643203841041    
20160229202643203841061    
20160229213655101510081    
20160229213655101520051    
20160229213655101520066    
20160229213655101541033    
20160229213655101510141    
20160229215057204810011    
20160229215057204810021    
201602292150572048100320   
20160229215057204810041    
20160229215057204810133    
20160229215057204810191    
20160229215057204810201    
20160229215057204810222    
20160229215057204820002    
20160229215057204830043    
20160229215057204830071    
20160229215057204840031    
20160229215057204840051    
20160229215057204841034    
20160229215057204841042    
20160229215452204410021    
201602292154522044100330   
20160229215452204410043    
20160229215452204410134    
20160229215452204410191    
20160229215452204410204    
20160229215452204410223    
20160229215452204410263    
20160229215452204420001    
20160229215452204420081    
20160229215452204440003    
20160229215452204440016    
20160229215452204440023    
20160229215452204440053    
20160229215452204440151    
20160229215452204440191    
20160229215452204441034    
20160229215452204441043    
20160229215452204441051    
20160229215452204441061    
20160229215452204450011    
20160229215452204450073    
20160229215452204450094    
20160229221113204210011    
20160229221113204210022    
201602292211132042100340   
20160229221113204210041    
20160229221113204210133    
20160229221113204210182    
20160229221113204210201    
20160229221113204210223    
20160229221113204210262    
20160229221113204230043    
20160229221113204230061    
201602292211132042310320   
20160229221113204240003    
20160229221113204240015    
20160229221113204240052    
20160229221113204240151    
20160229221113204241032    
20160229221113204241042    
20160229221113204241061    
20160229221113204241071    
20160229221113204250011    
20160229222157103810042    
20160229222157103810061    
20160229222157103810135    
20160229222157103810183    
20160229222157103810192    
20160229222157103810225    
20160229222157103810265    
20160229222157103820002    
20160229222157103820063    
20160229222157103820082    
20160229222157103831031    
20160229222157103840052    
20160229222157103840151    
20160229222157103841032    
20160229222157103841041    
20160229222157103850015    
201602292221571038500910   
201602292240582047100340   
20160229224058204710042    
20160229224058204710133    
20160229224058204710188    
20160229224058204710202    
20160229224058204710222    
20160229224058204710262    
20160229224058204720001    
20160229224058204740052    
20160229224058204741033    
20160229224058204741041    
20160229224058204777801    
20160229232928101310011    
20160229232928101310023    
20160229232928101310203    
20160229232928101340056    
20160229232928101341038    
20160229232928101341041    
20160229232928101310042    
20160229232928101340061    
20160229232928101310032    
20160229232928101310161    
20160229232928101310051    
20160229232928101310081    
20160229232928101310143    
20160229232928101310226    
20160229232928101310188    
20160229232928101310263    
20160229232928101340191    
201602292329281013101310   
20160229232928101340151    
20160229232928101340071    
