2016072223182901671001100  
20160722231829016710133    
20160722231829016710071    
20160722231829016710141    
201607222331431724100160   
20160722233143172410061    
20160722233143172410111    
20160722233143172410132    
20160722233143172410141    
20160722233143172410295    
20160722233143172410401    
20160722233143172410442    
20160722233143172413394    
20160722233143172413492    
2016072223352202111001100  
20160722233522021110061    
20160722233522021110135    
20160722233522021110292    
20160722233522021113492    
20160722233522021113691    
