201610281743251297010120   
20161028174325129702611    
201610282110261241010130   
20161028211026124103011    
20161028211026124103063    
20161028211026124103082    
20161028211026124102115    
20161028211026124102525    
201610282336071212010110   
20161028233607121201041    
20161028233607121203011    
20161028233607121202115    
20161028233607121202221    
20161028233607121202281    
20161028233607121201443    
20161028233607121201475    
20161028233607121202535    
201610290115281251010115   
20161029011528125101141    
20161029011528125102281    
20161029011528125102341    
20161029011528125113081    
201610290117571318010110   
20161029011757131801141    
20161029011757131803011    
20161029011757131803062    
20161029011757131803073    
20161029011757131803081    
20161029011757131802114    
20161029011757131801354    
201610290153201205010120   
20161029015320120501191    
20161029015320120502522    
201610290208211306010110   
20161029020821130603071    
201610290240441237010120   
20161029024044123701071    
20161029024044123701131    
20161029024044123701141    
20161029024044123702071    
20161029024044123703081    
20161029024044123701201    
20161029024044123702116    
20161029024044123701352    
20161029024044123701391    
20161029024044123702522    
20161029024044123701473    
20161029024044123702822    
201610290246391290010120   
20161029024639129001131    
20161029024639129001141    
20161029024639129002071    
20161029024639129002131    
20161029024639129013112    
20161029024639129002281    
20161029024639129060011    
20161029024639129001485    
20161029024923130201015    
20161029024923130203061    
20161029024923130201161    
20161029024923130203071    
20161029024923130201211    
20161029024923130202281    
20161029024923130201355    
20161029024923130202521    
20161029024923130202611    
20161029024923130202771    
201610290357421310010120   
20161029035742131001061    
20161029035742131001071    
20161029035742131001141    
20161029035742131003011    
20161029035742131003072    
20161029035742131003081    
20161029035742131001203    
20161029035742131001485    
201610290527301319010130   
20161029052730131902117    
20161029052730131903011    
20161029052730131903082    
