20160831093611100610012    
20160831093611100610028    
20160831093611100610043    
20160831093611100611061    
20160831093611100612022    
201608310936111006130110   
20160831093611100613021    
20160831093611100618012    
20160831093611100618021    
20160831093611100620022    
20160831103410101010012    
20160831103410101010025    
20160831103410101010091    
20160831103410101010101    
20160831103410101011022    
20160831103410101011031    
20160831103410101011042    
20160831103410101011051    
20160831103410101011071    
20160831103410101012011    
20160831103410101012024    
20160831103410101013017    
20160831103410101013021    
20160831103410101020121    
20160831111659101310014    
201608311116591013100210   
20160831111659101310041    
20160831111659101310091    
20160831111659101310102    
20160831111659101311024    
20160831111659101311031    
20160831111659101311042    
20160831111659101311082    
20160831111659101312011    
20160831111659101312025    
20160831111659101313017    
20160831111659101313022    
20160831111659101314011    
20160831111659101315021    
20160831111659101315031    
20160831111659101318012    
20160831111659101320021    
20160831111659101320091    
20160831111659101330023    
20160831111659101340095    
20160831121640101210081    
20160831121640101210101    
20160831121640101211011    
20160831121640101211022    
20160831121640101211031    
20160831121640101211042    
20160831121640101211061    
20160831121640101211085    
20160831121640101213014    
20160831121640101213021    
20160831121640101215011    
20160831121640101215031    
20160831121640101217011    
20160831121640101230022    
201608311222001009100220   
20160831122200100910042    
20160831122200100910081    
20160831122200100910091    
20160831122200100910102    
20160831122200100911011    
20160831122200100911024    
20160831122200100911032    
20160831122200100911042    
20160831122200100911051    
201608311222001009120210   
201608311222001009130115   
20160831122200100913023    
20160831122200100913051    
20160831122200100915012    
20160831122200100915045    
20160831122200100920022    
20160831122200100920041    
20160831122200100920141    
20160831122200100930031    
20160831123125100410011    
201608311231251004100228   
20160831123125100410041    
20160831123125100410081    
20160831123125100410102    
20160831123125100411011    
20160831123125100411022    
20160831123125100411031    
20160831123125100411041    
20160831123125100411061    
20160831123125100411081    
20160831123125100412011    
201608311231251004120212   
201608311231251004130115   
20160831123125100413023    
20160831123125100415011    
20160831123125100418012    
20160831123125100420021    
20160831123125100430031    
20160831123337101110012    
201608311233371011100210   
20160831123337101110091    
20160831123337101110102    
20160831123337101111023    
20160831123337101111031    
20160831123337101111042    
20160831123337101111051    
20160831123337101111085    
201608311233371011120210   
20160831123337101112031    
201608311233371011130112   
20160831123337101113022    
20160831124152100110016    
201608311241521001100214   
20160831124152100110031    
20160831124152100110041    
20160831124152100110092    
20160831124152100111072    
20160831124152100111085    
20160831124152100112014    
201608311241521001130110   
20160831124152100113022    
20160831124152100115011    
20160831124152100115033    
20160831124152100115041    
20160831124152100130031    
20160831125249100810015    
201608311252491008100212   
20160831125249100810041    
20160831125249100810092    
20160831125249100810102    
20160831125249100811024    
20160831125249100811032    
20160831125249100811043    
20160831125249100811051    
20160831125249100811072    
20160831125249100811083    
20160831125249100812025    
201608311252491008130110   
20160831125249100813023    
20160831125249100815012    
20160831125249100818012    
20160831125249100820022    
