20160928132438302111012    
20160928132438302111021    
20160928160515100911013    
20160928160515100911021    
20160928160515100911031    
20160928160515100911115    
20160928162631102711023    
20160928162631102711061    
20160928162631102711016    
20160928162631102712031    
20160928172628102711021    
20160928175614101211012    
20160928175614101211021    
20160928183128200411011    
20160928183128200412011    
20160928184004101011012    
20160928184004101011021    
20160928184957200111012    
20160928184957200112061    
20160928184957200112071    
20160928191939200711011    
20160928192411301611012    
20160928192411301611021    
20160928192411301611031    
20160928192411301611061    
20160928201426202311041    
20160928201426202311061    
20160928201426202311011    
