20160807224756114816012    
20160807224756114817161    
20160807224756114818062    
20160807224756114823591    
20160807224756114823656    
20160807224756114823781    
20160807224756114824191    
20160807224756114825181    
20160807224756114826531    
20160807224756114826565    
20160807224756114827295    
20160807224756114827381    
20160807224756114840131    
20160807224756114850032    
20160807224756114868481    
20160807224756114889221    
20160807224756114889461    
20160807224756114889512    
20160807224756114889932    
20160807224756114889941    
20160807224756114890062    
20160807224756114890361    
