20161013195947528711521    
20161013195947528722183    
20161013195947528722971    
20161013195947528711612    
20161013195947528710741    
20161013195947528711621    
20161013195947528711141    
20161013195947528723013    
20161013195947528710921    
20161013195947528711661    
20161013195947528711631    
20161013195947528711641    
20161013195947528710328    
20161013195947528710431    
20161013195947528710461    
20161013195947528710821    
20161013195947528710353    
20161013195947528711425    
20161013195947528710571    
20161013195947528710391    
20161013195947528722991    
20161013195947528711791    
20161013195947528710333    
20161013195947528710343    
20161013201930765610151    
20161013201930765610161    
20161013201930765610323    
20161013201930765610651    
20161013201930765610742    
201610132019307656111680   
201610132019307656113718   
20161013210207395910022    
20161013210207395910272    
20161013210207395910281    
20161013210207395910301    
20161013210207395910311    
201610132102073959103210   
201610132102073959103310   
20161013210207395910411    
20161013210207395910461    
20161013210207395910494    
20161013210207395910551    
20161013210207395910561    
20161013210207395910585    
20161013210207395910821    
20161013210207395910751    
20161013210207395911122    
20161013210207395911141    
20161013210207395925074    
20161013210207395911181    
20161013210207395911791    
20161013210207395911861    
20161013210207395912021    
20161013210207395920132    
20161013210207395920741    
