201609082326550040001115   
20160908232655004000585    
20160908232655004001112    
20160908232655004001191    
20160909000945040000141    
201609090009450400005860   
20160909000945040000712    
20160909000945040000981    
201609090009450400010615   
20160909000945040001112    
20160909000945040001141    
20160909000945040002181    
201609090014440901006330   
20160909001444090100711    
20160909001444090101073    
20160909001444090101114    
201609090014440901031745   
201609090023150636000210   
20160909002315063600624    
20160909002315063600861    
20160909002315063606014    
20160909005518005101112    
20160909005518005101192    
201609090055180051060110   
201609090113591408005810   
20160909011359140800741    
20160909011359140800871    
201609090132440730001110   
20160909013244073001112    
20160909015612063001062    
201609090156120630000415   
20160909015612063001111    
20160909020455001800041    
20160909020455001800141    
20160909020455001806011    
20160909020455001800116    
20160909024454135400041    
201609090244541354001130   
20160909024454135401111    
20160909024454135402181    
20160909024454135400711    
20160909024454135401191    
201609090315170744000210   
20160909031517074400931    
201609090316140503000420   
20160909031614050300295    
20160909031614050300761    
20160909031614050301112    
201609090346250815000220   
201609090346250815060115   
20160909053143135000045    
20160909053143135000305    
201609090531431350010610   
201609090702280080000450   
20160909070228008001112    
20160909070347003100703    
201609090703470031008815   
20160909070414003603155    
201609090704391401008010   
201609090704391401012470   
20160909070525004101531    
201609090705250041031510   
20160909070525004106011    
20160909070616004600884    
20160909070631000500115    
201609090706471413031525   
201609090707140024000410   
20160909070714002400761    
20160909070714002401111    
20160909070714002406221    
20160909070714002406241    
201609090707390012004916   
20160909070739001200994    
20160909070739001201531    
201609090708320809000210   
20160909070832080900142    
20160909070832080900351    
20160909070832080900921    
20160909070832080901111    
20160909070832080901385    
20160909070832080906013    
201609090708570011003815   
20160909070857001100724    
20160909070857001100995    
201609090709242002005810   
20160909070924200200871    
20160909070924200202181    
201609090709541399001310   
201609090709541399001420   
20160909070954139902182    
201609090709541399060112   
20160909071017002500885    
20160909071017002501111    
20160909071105001600182    
201609090711050016007950   
201609090711050016008010   
201609090711341437007915   
20160909071156135300045    
20160909071156135300142    
20160909071156135306012    
