20160311193205204420141    
20160311193205204440793    
20160311193205204440922    
20160311193205204441111    
20160311193205204441171    
20160311193205204441191    
20160311193205204420115    
20160311193205204441452    
20160311221157204941401    
20160311222435203540792    
20160311222435203531071    
20160311222435203541051    
20160311224359203540921    
20160311232547201741191    
20160311232547201741405    
20160311232547201741082    
20160312002728203540841    
201603120055341152200230   
201603120055341152200330   
20160312005534115220043    
20160312005534115220053    
20160312005534115220141    
201603120055341152202710   
201603120055341152202810   
20160312005534115230061    
20160312014710200731031    
20160312014710200730121    
20160312014710200731071    
201603120147102007407912   
20160312014710200740881    
20160312014710200741002    
20160312014710200741042    
20160312014710200741051    
20160312014710200741081    
20160312014710200741121    
20160312014710200741131    
20160312014710200741441    
