20160718000434023700105    
20160718000434023700032    
20160718000434023700042    
20160718000434023700571    
20160718000434023700281    
20160718000434023700401    
20160718000434023700591    
20160718000434023740523    
20160718000434023740533    
20160718000434023705041    
20160718000434023705075    
20160718000434023705151    
20160718000434023705161    
20160718000434023740391    
20160718000553023700021    
20160718102055027700102    
20160718102055027700031    
20160718102055027700041    
20160718102055027700081    
20160718102055027700131    
20160718102055027700061    
20160718102055027700022    
20160718102055027700211    
20160718102055027700771    
20160718102055027700431    
20160718102055027700591    
20160718102055027780014    
20160718102055027705042    
20160718102055027705201    
20160718102055027705121    
20160718102055027705141    
20160718102055027705163    
20160718102055027740131    
20160718102055027740391    
20160718102959802200102    
20160718102959802200031    
20160718102959802200041    
20160718102959802200061    
20160718102959802200071    
20160718102959802200201    
20160718102959802200721    
20160718102959802205022    
20160718102959802205031    
201607181029598022050710   
20160718102959802205132    
20160718102959802205151    
20160718104009802000105    
20160718104009802000033    
20160718104009802000042    
20160718104009802000061    
20160718104009802000201    
20160718104009802000241    
20160718104009802000591    
20160718104009802005035    
20160718104009802005043    
20160718104009802005075    
20160718104009802005122    
20160718104009802005131    
20160718104009802040132    
201607181116208005000742   
20160718111620800500401    
201607181116208005051520   
201607181116208005800160   
201607181116208005990160   
201607181116208005990260   
20160718111843801900108    
20160718111843801900034    
20160718111843801900044    
20160718111843801900571    
20160718111843801900061    
20160718111843801900021    
20160718111843801900202    
20160718111843801900221    
20160718111843801900242    
20160718111843801905011    
20160718111843801905034    
20160718111843801905042    
20160718111843801905082    
20160718111843801905123    
20160718111843801905154    
20160718111843801905176    
20160718111843801900081    
201607181129007997000760   
20160718112900799700402    
20160718112900799700451    
201607181129007997990160   
201607181129007997990260   
201607181130437996000718   
20160718113043799600401    
20160718113043799600731    
201607181130437996990218   
201607181131117995000718   
201607181131117995990118   
201607181131117995990218   
20160718120928801500032    
20160718120928801500042    
20160718120928801500201    
20160718120928801500241    
20160718120928801505043    
20160718120928801505124    
20160718120928801505151    
20160718120928801505172    
20160718122358024700102    
20160718122358024700031    
20160718122358024700041    
20160718122358024700211    
20160718122358024740536    
20160718122358024780031    
20160718131417802500032    
20160718131417802500041    
20160718131417802500572    
20160718131417802500103    
20160718131417802505021    
20160718131417802505122    
20160718131417802540112    
20160718131417802500072    
20160718133131802100031    
20160718133131802100041    
20160718133131802100201    
20160718133131802100211    
20160718133131802100102    
20160718133131802105021    
20160718133131802105042    
20160718133131802105121    
20160718133131802105163    
20160718133131802140112    
20160718133131802140171    
20160718133131802105201    
20160718133131802180031    
20160718133131802140391    
20160718133250801400032    
20160718133250801400042    
20160718133250801400581    
20160718133250801400105    
20160718133250801405022    
20160718133250801405034    
20160718133250801405042    
201607181332508014050714   
20160718133250801405124    
20160718133250801405132    
20160718133250801405141    
20160718133250801405152    
20160718133250801405173    
20160718133250801405202    
20160718133250801440211    
20160718133250801480031    
20160718133250801400061    
20160718133250801400071    
20160718134111007200104    
20160718134111007200032    
20160718134111007200042    
201607181343458013000313   
201607181343458013000413   
201607181343458013001026   
20160718134345801300206    
20160718134345801300731    
20160718134345801300401    
20160718134345801300423    
20160718134345801300581    
20160718134345801300591    
20160718135022019800038    
20160718135022019800046    
201607181350220198001014   
20160718135022019800401    
20160718135022019800431    
20160718135205009500106    
20160718135205009500033    
20160718135205009500043    
20160718135205009500571    
20160718140015016900102    
20160718140015016900031    
20160718140015016900041    
20160718140015016900073    
20160718140015016940211    
201607181400150169405510   
201607181400150169050710   
20160718140015016905152    
20160718140015016905172    
20160718140015016940111    
20160718140143006600035    
20160718140143006600044    
20160718140143006600109    
20160718140631020000021    
20160718140631020000231    
20160718140631020000281    
20160718140631020000772    
20160718140631020005021    
20160718140631020005042    
20160718140631020005141    
20160718140631020040021    
20160718140631020000072    
20160718141021799805021    
20160718141021799805034    
20160718141021799805153    
20160718141021799805164    
201607181410217998990112   
20160718141021799899026    
20160718141111020000033    
20160718141111020000042    
20160718141111020000571    
20160718141111020000105    
20160718141155004800104    
20160718141155004800032    
20160718141155004800042    
20160718141155004805042    
20160718141452800305152    
20160718141452800300066    
20160718141452800399016    
20160718141511003800032    
20160718141511003800041    
20160718141511003800103    
20160718141511003805162    
20160718141759020700105    
20160718141759020700033    
20160718141759020700042    
20160718141759020700061    
20160718141759020700211    
20160718141759020700731    
20160718141759020700401    
20160718141759020740533    
20160718141759020780012    
20160718141759020780021    
20160718141759020705031    
20160718141759020705131    
20160718141759020705072    
20160718141850027400103    
20160718141850027400032    
20160718141850027400041    
20160718141850027400076    
20160718141850027405141    
20160718142309800000034    
20160718142309800000045    
20160718142309800000069    
20160718142309800000079    
20160718142309800000106    
20160718142309800000201    
20160718142309800000212    
20160718142309800000242    
20160718142309800000283    
20160718142309800000302    
20160718142309800000574    
20160718142309800000581    
20160718142309800000591    
20160718142309800000724    
20160718142309800000751    
20160718142309800000773    
20160718142309800005021    
20160718142309800005035    
20160718142309800005047    
201607181423098000050715   
20160718142309800005081    
20160718142309800005123    
20160718142309800005133    
20160718142309800005142    
20160718142309800005156    
20160718142309800005173    
20160718142309800040115    
20160718142309800040121    
20160718142309800040173    
20160718142309800040214    
20160718142309800040391    
201607181423098000405315   
201607181423098000405520   
20160718142309800080031    
201607181423098000850011   
20160718142726801800101    
20160718142726801800041    
20160718142726801800071    
20160718142726801800021    
20160718142726801800221    
20160718142726801840525    
20160718142726801805021    
20160718142726801805031    
20160718142726801805141    
20160718142726801805151    
20160718142826015900103    
20160718142826015900032    
20160718142838014400033    
20160718142838014400043    
20160718142838014400241    
20160718142838014400401    
20160718142838014400571    
20160718142838014400106    
20160718142838014405021    
20160718142838014405041    
20160718142838014405162    
20160718142838014400061    
20160718142838014400071    
20160718143643002700032    
20160718143643002700042    
20160718143643002700104    
20160718143643002700062    
20160718143643002705202    
20160718144155801400251    
20160718144220007900105    
20160718144220007900033    
20160718144220007900042    
20160718144220007900571    
20160718144220007900072    
20160718144220007905151    
20160718144221013900101    
20160718144221013900041    
20160718144221013900571    
20160718144221013905041    
20160718144221013900061    
20160718144221013900071    
20160718144221013980012    
20160718144221013980021    
20160718144235800000022    
20160718144235800000203    
20160718144235800000221    
20160718144235800000723    
20160718144235800005172    
20160718144235800040214    
201607181442358000405215   
201607181442358000405330   
201607181442358000405520   
20160718144235800099016    
20160718144235800099026    
20160718144641013400106    
20160718144641013400033    
20160718144641013400042    
20160718144641013400081    
20160718144641013400076    
20160718144641013400021    
20160718144641013400211    
20160718144641013400231    
20160718144641013400401    
20160718144641013440212    
20160718144641013405123    
20160718144641013405141    
20160718144641013405152    
20160718144641013405162    
20160718144811027600032    
20160718144811027600201    
20160718144811027600213    
20160718144811027600571    
20160718144811027600301    
20160718144811027600102    
20160718144811027605121    
20160718145154012500101    
20160718145154012500031    
20160718145154012500071    
20160718145154012540525    
20160718145154012580014    
20160718145154012505121    
20160718145154012505152    
201607181452020114050720   
20160718145202011400062    
20160718145202011400031    
20160718145202011400041    
20160718145202011400102    
20160718145217800000021    
20160718145217800000031    
20160718145217800000041    
20160718145217800000072    
20160718145217800000102    
20160718145217800040112    
20160718145226010700043    
20160718145226010700032    
20160718145226010700106    
20160718145226010700571    
20160718145226010700072    
20160718145236801700036    
20160718145236801700044    
20160718145236801700202    
20160718145236801700212    
20160718145236801700221    
20160718145236801700241    
20160718145236801700571    
20160718145236801700581    
20160718145236801700721    
20160718145236801700751    
20160718145236801700301    
201607181452368017001010   
20160718145236801700081    
20160718145236801705022    
20160718145236801705033    
20160718145236801705043    
20160718145236801705076    
20160718145236801705125    
20160718145236801705131    
20160718145236801705141    
20160718145236801705151    
20160718145236801780041    
20160718145236801700061    
20160718145236801700071    
20160718145307027900104    
20160718145307027900032    
20160718145307027900042    
20160718145307027900061    
20160718145307027900071    
20160718145307027900201    
20160718145307027900301    
20160718145307027900631    
201607181453070279405510   
20160718145307027905121    
20160718145307027905161    
20160718145311025500101    
20160718145311025500031    
20160718145311025500061    
20160718145311025500071    
20160718145311025500211    
20160718145311025540211    
20160718145311025540555    
20160718145311025505021    
20160718145311025505042    
20160718145446006700032    
20160718145446006700041    
20160718145446006700103    
20160718145446006705032    
20160718145446006740211    
20160718145446006700021    
20160718145446006740021    
20160718145446006780014    
20160718145446006780024    
20160718150124003200104    
20160718150124003200042    
20160718150124003200081    
20160718150124003200072    
20160718150124003240212    
20160718150124003200752    
20160718150124003205033    
20160718150124003205152    
20160718150124003205172    
20160718150124003200032    
20160718150333802300571    
20160718150333802300081    
20160718150333802300032    
20160718150333802300041    
20160718150333802300103    
20160718150333802300201    
20160718150333802300211    
20160718150333802300221    
201607181503338023405210   
201607181503338023405520   
20160718150333802305022    
20160718150333802305032    
201607181503338023050720   
20160718150333802305131    
20160718150333802305142    
20160718150333802305163    
20160718150333802340112    
20160718150333802340171    
20160718150333802340391    
20160718150344024100103    
20160718150344024100031    
20160718150344024100301    
20160718150344024180041    
20160718150344024105033    
20160718150344024105123    
20160718150344024100772    
20160718150407006300021    
20160718150407006300036    
20160718150407006300043    
20160718150407006300062    
20160718150407006300074    
20160718150407006300081    
20160718150407006300108    
20160718150407006300201    
20160718150407006300212    
20160718150407006300281    
20160718150407006300771    
20160718150407006305022    
20160718150407006305042    
201607181504070063050730   
20160718150407006305125    
20160718150407006305134    
20160718150407006305152    
20160718150407006305164    
20160718150407006340021    
20160718150407006340112    
20160718150407006340391    
20160718150407006340525    
20160718150407006340535    
201607181504070063800112   
20160718150407006380024    
20160718150605004100103    
20160718150605004100032    
20160718150605004100041    
20160718150605004100061    
20160718150605004100071    
20160718150605004100731    
20160718150605004105161    
20160718150607005700032    
20160718150607005700041    
20160718150607005700104    
20160718150607005705121    
20160718150607005705161    
20160718150607005780011    
20160718150607005700071    
20160718150624020100102    
20160718150624020100031    
20160718150624020100041    
20160718150624020100081    
20160718150624020100061    
20160718150624020100072    
20160718150624020100401    
201607181506340232001010   
20160718150634023200036    
20160718150634023200043    
20160718150634023200571    
20160718150634023200064    
20160718150634023200073    
20160718150634023200211    
20160718150634023200731    
20160718150634023200401    
20160718150634023240212    
201607181506340232800112   
20160718150634023205033    
20160718150634023205124    
20160718150634023205154    
20160718150634023205165    
20160718150634023205175    
20160718150641021300021    
20160718150641021300033    
20160718150641021300042    
20160718150641021300211    
20160718150641021300106    
20160718150641021300131    
20160718150641021305042    
20160718150641021305075    
20160718150641021305121    
20160718150641021340112    
20160718150641021340555    
20160718150641021300072    
20160718150701026500031    
20160718150701026500041    
20160718150701026500102    
20160718150701026500281    
20160718150701026505121    
20160718150701026505161    
20160718150701026540531    
20160718150701026580011    
20160718150701026540391    
20160718150908801600034    
20160718150908801600043    
20160718150908801600202    
20160718150908801600211    
20160718150908801600221    
20160718150908801600231    
20160718150908801600242    
20160718150908801600571    
20160718150908801600107    
20160718150908801600081    
20160718150908801600771    
20160718150908801605034    
20160718150908801605044    
201607181509088016050730   
20160718150908801605081    
20160718150908801605121    
20160718150908801605132    
20160718150908801605154    
20160718150908801605164    
20160718150908801640112    
20160718150908801640171    
20160718150908801600062    
20160718150945800000401    
20160718150945800000731    
201607181509458000990124   
201607181509458000990224   
20160718151107022100104    
20160718151107022100032    
20160718151107022100042    
20160718151107022100234    
20160718151107022105032    
20160718151542022700102    
20160718151542022700031    
20160718151542022700041    
20160718151542022700061    
20160718151542022700241    
20160718151542022705043    
20160718151542022705122    
20160718151542022740533    
20160718151542022740211    
201607181515420227405510   
20160718151713006200102    
20160718151713006200031    
20160718151713006200041    
20160718151713006205023    
20160718151713006200631    
201607181518550248001015   
20160718151855024800038    
20160718151855024800046    
20160718151855024800572    
20160718151855024800081    
20160718151855024800063    
20160718151855024800072    
20160718151855024800201    
20160718151855024800241    
20160718151855024800401    
20160718151855024805075    
20160718151855024805081    
20160718151855024805131    
20160718151855024805143    
201607181518550248051510   
20160718151855024805162    
20160718151855024840171    
20160718151923019600031    
20160718151923019600041    
20160718151923019600102    
20160718151923019600061    
20160718151923019600072    
20160718151957000300104    
20160718151957000300032    
20160718151957000300042    
20160718151957000300061    
20160718151957000300072    
20160718151957000340211    
20160718151957000305031    
20160718151957000305041    
20160718151957000305075    
20160718151957000305123    
20160718151957000305131    
20160718151957000305161    
201607181521280077001013   
20160718152128007700036    
20160718152128007700045    
20160718152128007700571    
20160718152128007700061    
20160718152128007700071    
20160718152128007700212    
20160718152128007700233    
20160718152128007700303    
20160718152128007700223    
201607181521280077050710   
20160718152128007700431    
20160718152143002000031    
20160718152143002000041    
20160718152143002000102    
20160718152212026100031    
20160718152212026100101    
20160718152212026100071    
20160718152212026105151    
20160718152212026105162    
20160718152212026105131    
20160718152212026105075    
20160718152212026100721    
20160718152212026100281    
20160718152212026180011    
20160718152212026180022    
20160718152230025800021    
20160718152230025800033    
20160718152230025800043    
20160718152230025800221    
20160718152230025800241    
20160718152230025800106    
20160718152230025800081    
201607181522300258050730   
20160718152230025840113    
20160718152230025800062    
20160718152230025800072    
20160718152429023900102    
20160718152429023900031    
20160718152429023900041    
20160718152429023900071    
201607181524490236050710   
20160718152449023605132    
20160718152449023605011    
20160718152923001100106    
20160718152923001100033    
20160718152923001100043    
20160718152923001100073    
20160718152923001140535    
20160718153025019300104    
20160718153025019300032    
20160718153025019300042    
20160718153025019300571    
20160718153025019300061    
20160718153025019300071    
20160718153025019300201    
20160718153025019300211    
20160718153025019300241    
20160718153025019300281    
20160718153025019340535    
20160718153025019340555    
20160718153025019380014    
20160718153025019305021    
20160718153025019305032    
20160718153025019305075    
20160718153025019305131    
20160718153025019305151    
20160718153025019305161    
20160718153025019340391    
20160718153149015600107    
20160718153149015600033    
20160718153149015600042    
20160718153149015600062    
20160718153149015600072    
20160718153149015600021    
20160718153149015600202    
20160718153149015600211    
20160718153149015600241    
20160718153149015600751    
20160718153149015600421    
20160718153149015640532    
20160718153149015605032    
20160718153149015605042    
20160718153149015605123    
20160718153149015605151    
20160718153149015605164    
20160718153149015605202    
20160718153157013000103    
20160718153157013000033    
20160718153157013000041    
20160718153157013005132    
201607181531570130050710   
20160718153157013005124    
20160718153302008700038    
20160718153302008700046    
20160718153302008700202    
20160718153302008700212    
20160718153302008700572    
20160718153302008700582    
201607181533020087001016   
20160718153302008705032    
20160718153302008705042    
20160718153302008705082    
20160718153302008705152    
20160718153302008705162    
20160718153302008740212    
201607181533020087405520   
20160718153302008780018    
20160718153302008700062    
201607181533020087000716   
20160718153317016100201    
20160718153317016100241    
20160718153317016100451    
20160718153317016180022    
20160718153317016105132    
20160718153317016140011    
201607181533350195050730   
20160718153335019505136    
201607181533350195405520   
20160718153335019540212    
20160718153520025580012    
20160718153851022400102    
20160718153851022400031    
20160718153851022400041    
20160718153851022405162    
20160718153851022405022    
201607181538510224050710   
20160718153851022405132    
20160718153851022480014    
20160718153930010900062    
20160718153930010900571    
20160718153930010900071    
20160718153930010900042    
20160718153930010900031    
20160718153930010900103    
20160718153930010905021    
20160718154117003300103    
20160718154117003300032    
20160718154117003300041    
20160718154117003300401    
20160718154117003340525    
20160718154117003305173    
20160718154117003340391    
20160718154123022300101    
20160718154123022300031    
20160718154123022305122    
20160718154123022300081    
20160718154123022380031    
20160718154123022305021    
20160718154123022305032    
20160718154123022305041    
201607181541230223050710   
20160718154123022305131    
20160718154123022305172    
20160718154123022340021    
20160718154232022900104    
20160718154232022900032    
20160718154232022900042    
20160718154232022900571    
20160718154232022900061    
20160718154232022900071    
20160718154311026900103    
20160718154311026900032    
20160718154311026900041    
20160718154311026900571    
20160718154311026900062    
20160718154311026900073    
20160718154311026900281    
20160718154311026900581    
20160718154311026940556    
20160718154311026980014    
20160718154311026980022    
201607181543110269050710   
20160718154311026905132    
20160718154311026905152    
20160718154311026905171    
20160718154311026905021    
20160718154311026940112    
20160718154448026600101    
20160718154448026600031    
20160718154448026600571    
20160718154448026600241    
20160718154448026640211    
20160718154448026680012    
20160718154448026680022    
20160718154448026605021    
20160718154448026605031    
20160718154448026605041    
20160718154448026605151    
20160718154638009300202    
20160718154638009300242    
20160718154638009340393    
201607181546380093402110   
2016071815463800934055100  
201607181546380093050410   
20160718154638009305152    
20160718155025023000032    
20160718155025023000042    
20160718155025023000104    
20160718155025023080014    
20160718155025023080024    
20160718155025023000571    
20160718155025023080041    
20160718155025023000061    
20160718155025023040525    
20160718155025023005042    
20160718155025023000211    
20160718155025023040221    
20160718155132015600041    
20160718155248027100032    
20160718155248027100041    
20160718155248027100103    
20160718155355013300103    
20160718155355013300032    
20160718155355013300041    
20160718155355013305081    
20160718155510026700031    
20160718155510026700041    
20160718155510026700211    
20160718155510026700102    
20160718155510026705021    
20160718155510026705031    
20160718155510026705121    
20160718155510026780021    
20160718155510026700061    
20160718155510026700071    
20160718155510018900021    
20160718155510018900031    
20160718155510018900041    
20160718155510018900221    
20160718155510018900591    
20160718155510018900102    
20160718155510018900081    
20160718155510018905122    
20160718155510018940555    
20160718155510018980024    
20160718155553019700031    
20160718155553019700041    
20160718155553019700102    
20160718155553019700571    
20160718155553019740535    
20160718155553019700231    
20160718155553019740111    
20160718155639027000102    
20160718155639027000031    
20160718155639027000041    
20160718155639027000062    
20160718155639027040211    
20160718155639027040555    
20160718155656024600106    
20160718155656024600034    
20160718155656024600044    
20160718155656024600571    
20160718155656024600202    
20160718155656024605021    
20160718155656024605032    
20160718155656024605123    
20160718155656024605131    
20160718155656024605075    
20160718155656024605173    
20160718155656024640391    
20160718155656024680024    
20160718160005010800104    
20160718160005010800031    
20160718160005010800041    
20160718160005010805202    
20160718160005010800401    
20160718160005010805132    
201607181600050108050710   
20160718160005010840533    
