201604202103361128100010   
20160420210336112812132    
20160420210336112814002    
20160420210336112814022    
20160420210336112814031    
20160420210336112814091    
20160420210336112815042    
20160420210336112815052    
201604202109577000120412   
201604202109577000120512   
20160420210957700013031    
201604202109577000130512   
201604202109577000133018   
20160420210957700014011    
20160420210957700014062    
20160420210957700014102    
201604202109577000160210   
20160420210957700016052    
20160420210957700050015    
20160420210957700050091    
20160420210957700051032    
20160420210957700051055    
20160420210957700052011    
201604202109577000531410   
20160420210957700054091    
201604202118271017100040   
20160420213549300114019    
20160420213549300114152    
201604202135493001151712   
20160420213549300116011    
201604202135493001160615   
20160420213549300130052    
201604202135493001501220   
201604202135493001521012   
20160420213549300152116    
20160420213549300153092    
20160420213549300160013    
20160420213549300160023    
20160420213736114512077    
20160420213736114513021    
20160420213736114513031    
20160420213736114513041    
20160420213736114514027    
20160420213736114514031    
20160420213736114517011    
20160420214703500113071    
20160420214703500113081    
20160420214703500114042    
20160420214703500115132    
20160420214703500130052    
20160420214703500131001    
20160420214703500151053    
201604210728021129100010   
20160421072802112912072    
20160421072802112912085    
20160421072802112912135    
20160421072802112914001    
20160421072802112914023    
20160421072802112914091    
201604210728021129150510   
201604210932581069100010   
20160421093258106913091    
20160421100107103112133    
20160421100107103114005    
20160421100107103114061    
20160421100107103114091    
201604211002351043100010   
20160421102314112012061    
20160421102314112013072    
20160421102314112013081    
20160421102314112014022    
20160421102314112014031    
20160421102523112013021    
20160421103600114717011    
201604211040311143100010   
201604211045181027100020   
201604211050201005100010   
201604211058561063100030   
201604211058561063120910   
20160421105856106313011    
201604211058561063150510   
20160421105856106316011    
20160421105856106316031    
20160421110519115813041    
20160421110519115813051    
201604211111311165100010   
20160421111131116512083    
20160421111131116512133    
20160421111131116514023    
20160421111131116514031    
20160421111131116514091    
20160421111131116516022    
201604211138021158100010   
20160421115436700412072    
201604211154367004120910   
20160421115436700413031    
20160421115436700413053    
20160421115436700451011    
20160421115436700451032    
20160421123807114716021    
201604211251461034100010   
20160421130030700414102    
20160421130818700213053    
20160421130818700251051    
20160421132841112013001    
201604211329171130100010   
20160421132917113012084    
20160421132917113012128    
20160421132917113012134    
20160421132917113013091    
20160421132917113014031    
201604211329171130150510   
20160421133713105713041    
20160421133713105713051    
20160421134701112512125    
20160421134701112513031    
20160421134701112513051    
20160421134701112513071    
20160421134701112514011    
20160421134701112514023    
20160421134701112514042    
20160421134701112514091    
20160421134701112514101    
20160421134702700413051    
20160421134702700451052    
201604211355511110100010   
20160421135551111013091    
20160421135825111313021    
201604211400321053100010   
