20171106134903814010261    
20171106134903814020031    
201711061349038140200610   
20171106134903814020071    
20171106134903814050091    
20171106134903814050101    
201711061349038140100510   
20171106134903814010301    
20171106134903814010371    
20171106134903814010391    
20171106134903814010441    
20171106134903814016121    
201711061349038140161510   
20171106134903814010631    
20171106134903814020101    
20171106134903814020111    
20171106134903814020121    
201711061412548097100114   
20171106141254809710032    
20171106141254809710523    
20171106141254809716123    
201711061412548097161546   
20171106141254809720082    
201711061412548097201014   
20171106141254809750031    
20171106141936813910012    
20171106141936813910261    
20171106141936813920065    
20171106141936813940072    
20171106141936813910057    
20171106141936813916121    
20171106141936813916159    
20171106142423807720081    
201711061424238077161510   
20171106142423807720111    
20171106142423807720121    
20171106142423807710742    
20171106143600808010015    
20171106143600808010021    
201711061436008080100515   
20171106143600808010522    
20171106143600808010743    
20171106143600808016122    
201711061436008080161520   
20171106143600808020032    
201711061436008080200612   
20171106143600808020071    
20171106143600808020105    
20171106143600808020111    
20171106143600808020122    
20171106143600808050011    
20171106143600808050022    
20171106143600808050091    
20171106143600808050111    
20171106144934814110015    
20171106144934814110033    
201711061449348141100515   
20171106144934814110151    
201711061449348141102610   
20171106144934814110301    
20171106144934814110311    
20171106144934814110491    
201711061449348141105210   
20171106144934814110551    
20171106144934814110633    
20171106144934814110682    
20171106144934814110731    
20171106144934814110744    
20171106144934814116122    
201711061449348141161525   
20171106144934814120032    
201711061449348141200624   
201711061449348141200710   
20171106144934814120081    
20171106144934814120107    
20171106144934814120113    
20171106144934814120123    
20171106144934814130026    
20171106144934814140072    
20171106144934814140082    
20171106144934814140091    
20171106144934814150022    
20171106144934814150111    
20171106145209809010012    
201711061452098090100530   
20171106145209809010121    
20171106145209809010262    
20171106145209809010302    
20171106145209809010311    
20171106145209809010371    
20171106145209809010522    
20171106145209809010741    
20171106145209809016122    
201711061452098090161527   
20171106145209809020032    
201711061452098090200618   
20171106145209809020074    
20171106145209809020081    
20171106145209809020104    
20171106145209809020121    
20171106145209809030027    
20171106145209809050021    
20171106145209809050091    
20171106145726804610522    
20171106145726804616122    
201711061457268046161520   
20171106145726804620032    
201711061457268046200615   
20171106145726804620081    
20171106145726804620105    
20171106151647810510012    
201711061516478105100515   
20171106151647810510121    
20171106151647810510301    
20171106151647810510742    
20171106151647810516121    
201711061516478105161511   
20171106151647810520031    
20171106151647810520068    
20171106151647810520072    
20171106151647810520101    
20171106151647810520111    
20171106151647810520121    
20171106151647810550022    
20171106151647810550031    
20171106151647810550091    
20171106151647810550111    
20171106151708700291021    
201711061517087002910310   
20171106151708700291043    
20171106151708700291053    
20171106151708700291141    
20171106151708700291174    
201711061517087002912510   
201711061517087002914410   
20171106154120812110011    
20171106154120812110121    
20171106154120812110261    
20171106154120812120031    
20171106154120812120066    
20171106154120812120071    
20171106154120812110058    
20171106154120812110301    
20171106154120812110371    
20171106154120812110391    
20171106154120812110522    
20171106154120812116121    
201711061541208121161518   
20171106154120812110541    
20171106154120812110631    
20171106154120812120103    
20171106154120812120111    
20171106155119805810013    
201711061551198058100518   
20171106155119805810071    
20171106155119805810261    
20171106155119805810541    
20171106155119805810632    
20171106155119805810681    
20171106155119805816121    
201711061551198058161512   
20171106155119805820032    
20171106155119805820065    
20171106155119805820072    
20171106155119805820104    
20171106155334815610011    
20171106155334815610262    
20171106155334815620032    
20171106155334815620068    
20171106155334815620072    
20171106155334815610055    
20171106155334815610301    
20171106155334815610393    
201711061553348156161513   
20171106155334815610541    
20171106155334815610642    
20171106155334815620103    
20171106160942812410056    
20171106160942812410121    
20171106160942812410261    
20171106160942812410303    
20171106160942812410311    
20171106160942812410372    
20171106160942812410392    
20171106160942812410441    
20171106160942812410525    
20171106160942812410551    
20171106160942812410631    
20171106160942812410731    
20171106160942812416122    
201711061609428124161536   
201711061609428124200615   
20171106160942812420078    
20171106160942812420081    
20171106160942812420106    
20171106160942812420121    
20171106160942812450011    
20171106160942812450023    
20171106160942812450061    
20171106161128814910016    
20171106161128814910031    
201711061611288149100510   
20171106161128814910262    
20171106161128814910302    
20171106161128814910311    
20171106161128814910372    
20171106161128814910523    
20171106161128814910542    
20171106161128814910642    
20171106161128814910742    
20171106161128814916121    
201711061611288149161513   
20171106161128814920033    
20171106161128814920066    
20171106161128814920071    
20171106161128814920081    
20171106161128814920105    
20171106161746815710013    
20171106161746815710031    
20171106161746815710261    
20171106161746815720032    
201711061617468157200612   
20171106161746815720072    
20171106161746815720081    
20171106161746815730013    
201711061617468157100510   
20171106161746815710301    
20171106161746815710311    
20171106161746815710371    
20171106161746815710522    
20171106161746815716121    
201711061617468157161512   
20171106161746815720105    
20171106161746815720111    
20171106161746815720121    
20171106161828808110014    
20171106161828808110031    
20171106161828808120032    
201711061618288081200615   
20171106161828808120071    
20171106161828808120081    
20171106161828808110053    
20171106161828808110521    
20171106161828808116121    
201711061618288081161515   
20171106161828808120104    
20171106161828808120111    
20171106162955813810013    
201711061629558138100515   
20171106162955813810261    
20171106162955813810301    
20171106162955813810311    
20171106162955813810371    
20171106162955813810391    
20171106162955813810521    
20171106162955813810631    
201711061629558138161522   
20171106162955813820031    
20171106162955813820066    
20171106162955813820103    
20171106164123811410522    
20171106164123811416154    
20171106164123811420103    
20171106164123811420122    
20171106164123811450021    
20171106164714814610021    
20171106164714814610031    
20171106164714814620062    
20171106164714814610055    
20171106164714814610392    
20171106164714814616121    
20171106164714814616159    
20171106164714814610631    
20171106164714814620102    
20171106164714814620111    
20171106164746806510055    
20171106164746806510302    
20171106164746806510312    
20171106164746806510371    
20171106164746806510391    
20171106164746806510523    
20171106164746806516121    
201711061647468065161525   
201711061647468065200620   
20171106164746806520073    
20171106164746806520081    
20171106164746806550041    
20171106164848806910016    
20171106164848806910055    
20171106164848806910071    
20171106164848806910121    
20171106164848806910633    
201711061648488069161512   
201711061648488069200610   
20171106164848806920073    
20171106164848806920081    
20171106164848806920105    
20171106165733810410013    
20171106165733810410031    
20171106165733810410055    
20171106165733810410301    
20171106165733810410311    
20171106165733810410371    
20171106165733810410521    
20171106165733810410632    
20171106165733810416121    
201711061657338104161512   
20171106165733810420031    
20171106165733810420064    
20171106165733810420071    
20171106165733810420081    
20171106165733810420103    
20171106165733810440141    
20171106165733810450091    
20171106165733810450181    
20171106170042813810521    
20171106170758807910018    
20171106170758807910031    
201711061707588079100515   
20171106170758807910262    
20171106170758807910312    
20171106170758807910371    
20171106170758807910392    
20171106170758807910522    
20171106170758807910642    
20171106170758807916122    
201711061707588079161522   
20171106170758807920036    
201711061707588079200620   
20171106170758807920074    
20171106170758807920108    
20171106170758807920112    
20171106170758807930051    
20171106170758807940071    
20171106172703700190028    
20171106172703700190043    
20171106172703700190054    
20171106172703700190093    
20171106172703700190121    
20171106172703700190132    
20171106172703700190151    
20171106172703700190162    
20171106172703700190174    
20171106172703700190302    
20171106172703700190375    
20171106172703700190402    
20171106172703700190431    
20171106173554813210011    
20171106173554813210151    
20171106173554813210261    
20171106173554813220031    
201711061735548132200610   
20171106173554813220072    
20171106173554813250021    
20171106173554813250091    
20171106173554813250101    
20171106173554813210057    
20171106173554813210303    
20171106173554813210312    
20171106173554813210371    
20171106173554813250161    
20171106173554813210391    
20171106173554813210411    
20171106173554813216122    
201711061735548132161514   
20171106173554813210641    
20171106173554813210681    
20171106173554813220103    
20171106173554813220111    
20171106173640700191141    
20171106173810815410012    
20171106173810815410121    
20171106173810815410151    
20171106173810815420031    
20171106173810815420063    
20171106173810815420072    
20171106173810815450021    
20171106173810815450091    
20171106173810815450101    
20171106173810815430011    
20171106173810815410054    
20171106173810815410301    
20171106173810815410371    
20171106173810815410401    
20171106173810815410521    
201711061738108154161510   
20171106173810815420102    
20171106173810815420111    
20171106180511806410052    
20171106180511806410522    
20171106180511806410541    
20171106180511806410661    
20171106180511806410742    
20171106180511806416121    
20171106180511806416153    
20171106180511806420031    
20171106180511806420067    
20171106180511806420071    
20171106180511806420102    
20171106180511806420111    
20171106180511806420121    
20171106180511806450021    
20171106180511806460111    
20171106181134807716121    
