20170717170749395910051    
201707171707493959103210   
20170717170749395910353    
20170717170749395910496    
20170717170749395910541    
20170717170749395910961    
20170717170749395911001    
20170717170749395911301    
20170717170749395911425    
20170717170749395911641    
20170717170749395911961    
20170717170749395912021    
20170717170749395920141    
20170717170749395922361    
20170717173952765610353    
20170717173952765610446    
20170717173952765610461    
20170717173952765610652    
20170717173952765610743    
20170717173952765610751    
20170717173952765610931    
2017071717395276561116120  
201707171808057656228218   
