201710172224040141100220   
20171017222404014110061    
20171017222404014110141    
201710172301321224100140   
20171017230132122410062    
20171017230132122410141    
20171017230132122410221    
201710172335250170100120   
20171017233525017010061    
201710172346460165100140   
20171017234646016510134    
20171017234646016510182    
201710172348432054100160   
20171017234843205410132    
20171017234843205410296    
20171017234843205410525    
20171017234843205410535    
20171017234843205410581    
20171017234843205410611    
20171017234843205419695    
201710180006531274100160   
20171018000653127410132    
20171018000653127410283    
20171018000653127410292    
20171018003844171410131    
20171018003844171410293    
20171018003844171410303    
20171018003844171410313    
20171018003844171410111    
201710180038441714100120   
201710180048260156100140   
20171018004826015615991    
201710180048471134100120   
20171018004847113410131    
20171018004847113410181    
201710180052051734100140   
20171018005205173410064    
20171018005205173410134    
20171018005205173415994    
201710180052051734186910   
201710180105051554100260   
20171018010505155410071    
20171018010505155410102    
20171018010505155410132    
20171018010505155410295    
20171018010505155410401    
20171018010505155410411    
20171018010505155411111    
201710180109150564100120   
201710180129561334100160   
20171018012956133413492    
201710180131200223100140   
20171018013120022310133    
20171018013120022310293    
20171018013120022310302    
20171018013120022314292    
201710180134172084100160   
20171018013417208410295    
20171018013417208413492    
20171018013417208415991    
20171018013417208470025    
20171018013713135410061    
20171018013713135410131    
20171018013713135410295    
20171018013713135413395    
20171018013713135415991    
201710180137131354100240   
201710180139140200100140   
20171018013914020010061    
20171018013914020010112    
20171018013914020010131    
20171018013914020010141    
20171018013914020010181    
20171018013914020010445    
201710180139140200105230   
20171018013914020013691    
20171018013914020015991    
20171018013914020018295    
201710180141400211100140   
20171018014140021110061    
20171018014140021110131    
201710180144130245100160   
20171018014413024510181    
201710180144130245105230   
20171018014413024510631    
201710180144130245196920   
20171018014541021610101    
20171018014541021610111    
20171018014541021610132    
201710180145410216100240   
201710180147541364100140   
20171018014754136410061    
20171018014754136410131    
20171018014754136410462    
201710180151060254100140   
20171018015106025410131    
20171018015106025410181    
20171018015106025410222    
20171018015106025410431    
201710180154001324100160   
20171018015400132410061    
20171018015400132410132    
20171018015400132410431    
201710180200540914100140   
20171018020054091410111    
20171018020054091410221    
20171018020054091410141    
20171018020054091410171    
201710180217351854100120   
20171018021735185410111    
20171018021735185410131    
20171018021735185410293    
20171018021735185410503    
20171018021735185410571    
20171018021735185410581    
20171018021735185413492    
20171018021735185470005    
20171018021735185470015    
20171018021735185470025    
201710180218082064100120   
20171018021808206410132    
201710180218082064102910   
20171018022033024910111    
20171018022033024910131    
20171018022033024910222    
20171018022033024910251    
20171018022033024913492    
201710180220330249100240   
201710180228240594100280   
20171018022824059410062    
20171018022824059410101    
20171018022824059410134    
201710180229161094100160   
20171018022916109410071    
20171018022916109410133    
20171018022916109410181    
20171018022916109410222    
20171018022916109410241    
20171018022916109410281    
201710180242500136100120   
20171018024250013612791    
201710180243550244100120   
20171018024355024410071    
20171018024355024410131    
20171018024355024410245    
201710180247111824100240   
20171018024711182410131    
20171018024711182410411    
201710180247111824104210   
20171018024711182413395    
201710180254461214100240   
20171018025446121410132    
20171018025446121410302    
20171018025446121413492    
20171018025446121418295    
201710180256490190100160   
20171018025649019010132    
20171018025649019010313    
20171018025649019013395    
201710180317590584100160   
20171018031759058410111    
20171018031759058410132    
20171018031759058410141    
20171018031759058410181    
20171018031759058410221    
20171018031759058410631    
20171018031759058415991    
201710180418290230100140   
201710180438060201100160   
20171018043806020110111    
20171018043806020110131    
20171018043806020110221    
20171018043806020110281    
20171018043806020110632    
20171018043806020111102    
20171018043806020113392    
20171018043806020115991    
