20171113084131101010012    
20171113084131101010026    
20171113084131101010041    
20171113084131101011021    
20171113084131101011041    
20171113084131101012011    
20171113084131101012024    
20171113084131101013015    
20171113084131101014011    
201711130843301028100220   
20171113084330102810044    
201711130843301028110210   
201711130843301028120110   
201711130843301028130120   
20171113084330102814011    
201711130843301028150310   
20171113084330102830025    
201711130916571002100210   
20171113091657100210103    
20171113091657100211043    
20171113091657100211083    
201711130916571002120212   
20171113091657100213018    
20171113091657100213021    
20171113101532102910012    
20171113101532102910105    
20171113101532102911025    
20171113101532102911045    
20171113101551102610026    
20171113101551102610041    
20171113101551102611021    
20171113101551102612023    
20171113101551102612031    
20171113101551102613011    
20171113101551102613021    
20171113101551102615041    
20171113101551102618012    
20171113101551102620021    
201711131046301023100210   
20171113104630102310102    
20171113104630102311023    
20171113104630102311042    
20171113104630102311081    
20171113104630102312022    
20171113104630102312031    
20171113104630102313016    
20171113104630102313021    
20171113104630102315011    
20171113104630102315022    
20171113104630102315042    
20171113104630102315061    
20171113104630102317012    
20171113104630102320021    
20171113105426102010015    
201711131054261020100215   
201711131054261020110210   
20171113105426102011045    
20171113105426102011085    
201711131054261020120210   
20171113105426102012031    
201711131054261020130110   
20171113105426102015012    
20171113105426102015023    
20171113105426102015042    
20171113105426102020022    
20171113105832101910013    
201711131058321019100210   
20171113105832101911061    
201711131058321019130110   
20171113105832101915101    
20171113105832101917021    
20171113105832101918013    
20171113105832101918031    
20171113113720100910011    
201711131137201009100212   
20171113113720100910102    
20171113113720100911041    
20171113113720100911071    
20171113113720100911082    
201711131137201009120210   
20171113113720100913018    
20171113113720100913021    
20171113113720100918012    
20171113114145101610012    
201711131141451016100215   
20171113114145101610041    
20171113114145101611026    
20171113114145101611052    
20171113114145101611082    
20171113114145101612031    
201711131141451016130110   
20171113114145101614011    
201711131149301017100110   
201711131149301017100240   
20171113114930101710041    
20171113114930101710051    
20171113114930101711051    
20171113114930101711061    
20171113114930101711085    
20171113114930101712031    
201711131149301017130110   
20171113114930101713025    
20171113120225102711025    
20171113120225102711042    
20171113120225102711051    
20171113120225102711072    
20171113120225102712012    
20171113120225102712031    
20171113120225102714011    
20171113123019101810013    
201711131230191018100210   
20171113123019101810041    
20171113123019101811083    
20171113123019101813015    
20171113123019101817011    
20171113124137101110014    
20171113124137101110029    
20171113124137101111011    
20171113124137101111023    
20171113124137101111042    
20171113124137101111083    
201711131241371011120210   
20171113124137101115011    
20171113124137101115021    
20171113124137101115091    
20171113125244102410013    
20171113125244102410027    
20171113125244102411011    
20171113125244102411022    
20171113125244102411031    
20171113125244102411081    
20171113125244102412025    
20171113125244102413015    
20171113125244102413021    
20171113125244102415011    
20171113125244102416021    
20171113125244102420111    
20171113125610100710021    
20171113125610100711021    
20171113125610100711031    
20171113125610100713011    
20171113130431103010012    
20171113130431103010024    
20171113130431103011022    
20171113130431103011031    
20171113130431103011041    
20171113130431103012011    
20171113130431103012026    
20171113130431103013015    
20171113130431103015022    
20171113130431103015031    
20171113130431103015041    
20171113130431103017011    
20171113130431103018011    
20171113130627100110013    
201711131306271001100212   
20171113130627100110031    
20171113130627100110041    
20171113130627100111072    
20171113130627100111082    
20171113130627100112012    
201711131306271001130110   
20171113130627100113022    
20171113130627100115011    
20171113130627100115032    
20171113130627100115041    
20171113130627100115061    
