20170811210333112410013    
20170811210333112410131    
20170811210333112420023    
20170811210333112430101    
20170811210333112440231    
20170811210333112450011    
20170811210333112491936    
20170811215905110610012    
20170811215905110610131    
20170811215905110610142    
20170811215905110610171    
20170811215905110610291    
20170811215905110620013    
20170811215905110620023    
20170811215905110630101    
20170811215905110630121    
20170811215905110630221    
20170811215905110630261    
20170811215905110630271    
20170811215905110630281    
20170811215905110630292    
20170811215905110630492    
20170811215905110630511    
20170811215905110630641    
20170811215905110640181    
20170811215905110640251    
20170811215905110640321    
20170811215905110650011    
20170811215905110650061    
20170811215905110650081    
20170811215905110691941    
