201704052049352105200160   
20170405204935210520652    
20170405204935210520061    
20170405204935210520321    
201704052159492124200160   
20170405215949212420071    
20170405215949212420301    
20170405215949212420653    
201704052225311369200140   
20170405222531136920061    
20170405222531136920521    
20170405222531136920655    
20170405222531136920931    
201704052256251005200140   
20170405225625100520071    
201704052256311371200180   
20170405225631137120052    
20170405225631137120061    
20170405225631137120084    
20170405225631137120321    
20170405225631137120655    
20170405225631137121041    
2017040522591010262001100  
20170405225910102620055    
20170405225910102620061    
20170405225910102620071    
20170405225910102620081    
20170405225910102620522    
20170405225910102620652    
201704052305192093200180   
20170405230519209320061    
20170405230519209320071    
20170405230519209320081    
20170405230519209320321    
20170405230519209320658    
20170405230519209320921    
201704052309021011200160   
20170405230902101120062    
20170405230902101120072    
20170405230902101120081    
20170405230902101120321    
20170405230902101120542    
20170405230902101120657    
20170405230902101120901    
201704052315431025200140   
20170405231543102520061    
20170405231543102520081    
20170405231543102520301    
20170405231543102520653    
201704052323012107200140   
20170405232301210720052    
20170405232301210720072    
2017040523251710222001160  
20170405232517102220062    
20170405232517102220071    
20170405232517102220321    
201704052325171022206512   
20170405232517102220911    
20170405232517102220921    
20170405232517102220931    
20170405232517102221051    
2017040523362522272001100  
20170405233625222720061    
20170405233625222720321    
20170405233625222720071    
20170405233625222720658    
2017040523424420232001180  
20170405234244202320062    
20170405234244202320301    
20170405234244202320322    
201704052342442023206510   
201704052346031018200260   
20170405234603101820051    
20170405234603101820071    
20170405234603101820321    
20170405234603101820655    
2017040523512520722001140  
20170405235125207220062    
20170405235125207220072    
20170405235125207220082    
20170405235125207220271    
20170405235125207220321    
201704052351252072206530   
20170405235125207220901    
20170405235125207220931    
2017040523583720862001120  
20170405235837208620062    
20170405235837208620071    
20170405235837208620081    
20170405235837208620321    
20170405235837208620525    
201704052358372086206510   
20170405235837208621051    
20170405235837208621121    
201704060023031370200160   
20170406002303137020062    
20170406002303137020081    
20170406002303137020072    
20170406002303137020053    
20170406002303137020652    
201704060056171002200180   
20170406005617100220061    
20170406005617100220321    
20170406005617100220071    
20170406005617100220653    
201704060057281465200180   
20170406005728146520051    
20170406005728146520061    
20170406005728146520321    
201704060057281465206510   
2017040601023920292001120  
20170406010239202920061    
20170406010239202920071    
20170406010239202920082    
20170406010239202920301    
20170406010239202920321    
20170406010239202920657    
2017040601034622432001100  
20170406010346224320062    
20170406010346224320072    
20170406010346224320081    
20170406010346224320321    
20170406010346224320541    
201704060103462243206515   
20170406010346224321041    
20170406010346224321051    
201704060130301367200180   
20170406013030136720061    
20170406013030136720071    
20170406013030136720321    
20170406013030136720656    
201704060152412031200160   
20170406015241203120052    
20170406015241203120061    
20170406015241203120071    
20170406015241203120081    
20170406015241203120931    
201704060223032229200180   
20170406022303222920051    
20170406022303222920061    
20170406022303222920658    
2017040604481620682001100  
20170406044816206820062    
20170406044816206820071    
20170406044816206820321    
20170406044816206820655    
20170406044816206820901    
20170406044816206821041    
201704060513162147200180   
20170406051316214720052    
20170406051316214720061    
20170406051316214720071    
20170406051316214720321    
20170406051316214720551    
20170406051316214720657    
20170406051316214721041    
201704060559402279200110   
20170406055940227920061    
20170406055940227920653    
201704060613591021200160   
20170406061359102120051    
20170406061359102120061    
20170406061359102120653    
20170406061359102120521    
20170406061359102120071    
20170406061359102120081    
20170406061359102120321    
201704060706052275200160   
20170406070605227520091    
20170406070605227520191    
20170406070605227520311    
20170406070605227520551    
20170406070605227520721    
20170406070605227520931    
20170406070605227521021    
20170406070605227521051    
20170406070605227521121    
