20170721145612204610021    
20170721145612204610041    
20170721145612204610132    
20170721145612204610223    
20170721145612204610262    
20170721145612204620021    
20170721145612204620072    
20170721145612204640011    
20170721145612204641032    
20170721180703204310021    
201707211807032043100320   
20170721180703204310042    
20170721180703204310185    
20170721180703204310202    
20170721180703204310224    
20170721180703204310261    
20170721180703204320001    
201707211807032043310310   
20170721180703204341032    
20170721180703204341051    
20170721180725203410023    
20170721180725203410031    
20170721180725203410041    
20170721180725203410185    
20170721180725203410202    
20170721180725203420001    
20170721180725203420012    
20170721180725203420026    
20170721180725203420041    
20170721180725203420055    
20170721180725203420075    
20170721180725203420083    
20170721180725203420103    
20170721180725203431031    
20170721180725203440053    
20170721180725203440151    
20170721180725203441033    
20170721180725203441041    
20170721180725203441051    
20170721204656203810022    
201707212046562038100325   
20170721204656203810042    
20170721204656203810061    
20170721204656203810091    
20170721204656203810101    
20170721204656203810161    
20170721204656203810184    
20170721204656203810191    
20170721204656203810201    
20170721204656203810222    
20170721204656203820001    
20170721204656203820011    
201707212046562038300410   
20170721204656203830121    
20170721204656203840014    
20170721204656203841032    
20170721204656203841041    
20170721211758103310135    
20170721211758103320011    
20170721211758103320021    
20170721211758103320051    
20170721211758103320073    
20170721211758103320091    
20170721211758103330061    
20170721211758103340053    
20170721211758103310203    
20170721211758103310182    
20170721211758103310222    
20170721211758103310261    
20170721211758103340191    
20170721215156101310011    
20170721215156101310021    
20170721215156101310031    
20170721215156101310042    
20170721215156101310051    
201707212151561013101310   
20170721215156101310143    
20170721215156101310161    
20170721215156101310188    
20170721215156101310191    
20170721215156101310203    
20170721215156101310224    
20170721215156101310262    
20170721215156101320001    
20170721215156101320015    
20170721215156101320022    
20170721215156101320062    
20170721215156101320072    
201707212151561013300410   
20170721215156101331034    
20170721215156101340031    
20170721215156101340054    
20170721215156101340152    
20170721215156101341034    
20170721215156101341041    
20170721215808103210011    
20170721215808103210022    
201707212158081032100325   
20170721215808103210041    
20170721215808103210136    
20170721215808103210161    
20170721215808103210203    
20170721215808103210226    
201707212158081032400116   
20170721215808103240026    
20170721215808103240051    
20170721215808103240151    
20170721215808103241039    
20170722001635201410021    
201707220016352014100320   
20170722001635201410041    
20170722001635201410132    
20170722001635201410183    
20170722001635201410202    
20170722001635201410222    
20170722001635201410262    
20170722001635201420011    
20170722001635201420021    
20170722001635201420052    
20170722001635201420062    
20170722001635201420072    
20170722001635201430071    
201707220016352014310320   
20170722001635201440012    
20170722001635201440021    
20170722001635201440191    
20170722001635201441032    
