201711260048300901006310   
20171126004830090100702    
20171126004830090100711    
20171126004830090101072    
20171126004830090101092    
20171126004830090101112    
201711260048300901031725   
201711260106170901031710   
20171126182055063001063    
201711261820550630000420   
20171126182055063001111    
201711261948290815000220   
20171126225558004000115    
20171126225558004000585    
20171126225558004001111    
20171126225558004006013    
201711262257001223001120   
20171126225700122300043    
20171126225700122300073    
20171126225700122300355    
20171126225700122302181    
20171126225700122301072    
201711262324150636000210   
20171126232415063600624    
20171126232415063600861    
20171126232415063606016    
20171126233948135800355    
20171126233948135803175    
201711262353130051000410   
201711262353130051060110   
201711262353130051007510   
201711262353410084001113   
20171126235341008400141    
20171126235341008400585    
20171126235341008401062    
201711262353410084060111   
201711270154001354001120   
20171127015400135401111    
201711270208040400005850   
20171127020804040000711    
20171127020804040000981    
201711270208040400010615   
20171127020804040001112    
20171127020804040001312    
20171127040955001800042    
20171127040955001800931    
20171127040955001806011    
20171127040955001800118    
20171127061849135000043    
201711270618491350010615   
20171127061849135001112    
201711270703210081005810   
20171127070321008101065    
20171127070321008101111    
201711270704000024000420   
20171127070400002401111    
20171127070400002406017    
20171127070400002406222    
20171127070400002406242    
20171127070420003503196    
20171127070445008701111    
201711270704450087031513   
20171127070542008500921    
20171127070542008501525    
20171127070542008501532    
20171127070542008501545    
201711270705420085015560   
20171127070610140100774    
201711270706101401007960   
201711270706101401008010   
20171127070650005700112    
20171127070650005701141    
201711270707111353000410   
20171127070711135301111    
20171127070711135306011    
201711270710280080000440   
