20170920200726110012041    
20170920200726110012077    
20170920200726110013072    
20170920200726110014033    
20170920200726110015011    
20170920200726110016031    
20170920200726110053031    
20170920200726110053191    
201709202106011128100110   
201709202106127000120010   
20170920210612700012222    
20170920210612700013031    
201709202106127000130510   
20170920210612700016051    
20170920210612700030031    
20170920210612700030041    
20170920210612700050012    
201709202106127000500512   
20170920210612700050102    
201709202106127000510510   
20170920210612700054091    
201709202106127000541610   
20170920210612700054311    
20170920210612700060013    
20170920211348300112111    
20170920211348300113161    
201709202113483001141218   
20170920211348300114133    
20170920211348300114152    
20170920211348300114211    
20170920211348300115178    
20170920211348300115234    
20170920211348300115301    
20170920211348300116012    
20170920211348300133033    
20170920211348300133046    
20170920211348300150102    
201709202113483001501210   
20170920211348300152131    
201709202113483001542140   
20170920211348300154234    
20170920211348300154403    
20170920211348300160072    
20170920211348300160082    
20170920211348300172213    
201709210837544004100110   
201709210929201069100020   
20170921094053104413021    
20170921103407112012062    
20170921103407112013071    
20170921103407112013081    
20170921103407112013312    
20170921103407112014023    
20170921103407112014031    
20170921103407112014091    
20170921103520112014021    
20170921103903800713001    
201709211048291063100020   
20170921104829106312085    
201709211048291063120910   
20170921104829106313031    
20170921104829106314003    
201709211048291063150510   
20170921104829106316022    
201709211059451027100010   
201709211114401165100010   
201709211114401165100120   
20170921111440116512076    
201709211114401165150540   
201709211126151005100110   
20170921115834700313013    
201709211158347003130510   
201709211158347003510515   
20170921125703700212211    
20170921125703700217011    
20170921125703700230033    
20170921125703700251055    
201709211306461039100010   
201709211323221130100010   
20170921132322113012084    
20170921132322113013081    
20170921132322113013092    
20170921132322113014001    
20170921132322113014021    
20170921132322113014031    
201709211323221130150510   
20170921132322113016031    
20170921133305112513042    
20170921133556105312071    
20170921133556105313072    
20170921133556105316031    
201709211336081110100020   
20170921133613106716011    
20170921133613106716022    
201709211336471071120710   
20170921133647107112125    
20170921133647107114032    
20170921133647107114042    
20170921133647107114102    
20170921133647107115055    
201709211349031147100120   
20170921134903114712062    
201709211349031147120910   
20170921134903114713021    
20170921134903114713072    
20170921134903114714023    
201709211357181155100010   
20170921135857111313071    
20170921135857111313081    
20170921135857111314025    
20170921135857111314032    
20170921135857111314042    
20170921135857111314092    
20170921135857111314101    
20170921135857111315001    
20170921135857111315055    
