201709181945080141100220   
201709182214311924100120   
20170918221431192410131    
20170918221431192410295    
201709182214311924105250   
201709182214311924105350   
201709182214311924105450   
201709182234500254100160   
20170918223450025410101    
20170918223450025410111    
20170918223450025410132    
20170918223450025410141    
20170918223450025410181    
20170918223450025410223    
20170918223450025415991    
201709182247200192100140   
20170918224720019210134    
20170918224720019210181    
20170918224720019210293    
20170918224720019210401    
201709182253031394100120   
201709182258090186100120   
201709182354211324100160   
20170918235421132410061    
201709190028361454100140   
20170919002836145410061    
20170919002836145410131    
20170919002836145410181    
20170919002836145410293    
20170919002836145413393    
201709190030330156100120   
20170919003033015610141    
201709190042020704100140   
20170919004202070410131    
20170919004202070410295    
20170919004202070410111    
20170919004202070410062    
20170919004202070410141    
201709190045591134100120   
20170919004559113410285    
201709190051031654100140   
20170919005103165410131    
20170919005103165410301    
20170919005103165410311    
201709190100261734100140   
20170919010026173410131    
201709190111160914100160   
20170919011116091410141    
201709190112370594100280   
20170919011237059410134    
20170919011237059410141    
201709190117160261100140   
20170919011716026110133    
201709190135570200100160   
20170919013557020015991    
201709190144211724100140   
20170919014421172410132    
20170919014421172410271    
20170919014421172410302    
20170919014421172410312    
20170919014421172410525    
20170919014421172410535    
20170919014421172413395    
20170919014421172418695    
20170919014421172419695    
20170919014804171410132    
20170919014804171410295    
20170919014804171410303    
20170919014804171410313    
201709190148041714100140   
20170919014804171410061    
20170919014804171410101    
201709190201040223100140   
20170919020104022314292    
20170919020104022310132    
20170919020104022310302    
20170919020104022310101    
20170919020104022310061    
20170919020601024910061    
20170919020601024910111    
20170919020601024910121    
20170919020601024910131    
20170919020601024910222    
20170919020601024915992    
20170919020601024916991    
201709190206010249100260   
20170919021404024910171    
201709190227362054100140   
20170919022736205410131    
20170919022736205410301    
20170919022736205410571    
20170919022736205410581    
20170919022736205411101    
201709190233210211100140   
20170919023321021110132    
201709190320001104100140   
20170919032000110410052    
20170919032000110410061    
20170919032000110410132    
20170919032000110410212    
201709190409161854100140   
20170919040916185410131    
20170919040916185413393    
201709190410400584100160   
20170919041040058410111    
20170919041040058410121    
20170919041040058410131    
20170919041040058410171    
20170919041040058410221    
20170919041040058410631    
