20170721205822112410012    
20170721205822112410131    
20170721205822112420023    
20170721205822112430061    
20170721205822112430221    
20170721205822112460121    
20170721205822112460203    
20170721205822112460281    
201707212058221124919310   
20170721213359110610012    
20170721213359110610131    
20170721213359110610141    
20170721213359110610171    
20170721213359110610293    
20170721213359110620012    
20170721213359110620021    
20170721213359110620061    
20170721213359110630041    
20170721213359110630102    
20170721213359110630122    
20170721213359110630221    
20170721213359110630231    
20170721213359110630291    
20170721213359110630491    
20170721213359110630641    
20170721213359110640045    
20170721213359110640321    
20170721213359110650011    
20170721213359110691941    
20170721215002112460301    
