201706201958161614100160   
20170620195816161410132    
20170620195816161410141    
201706202305490141100120   
20170620230549014110061    
201706202313151944100160   
20170620231315194410131    
20170620231315194410241    
201706202313151944104210   
20170620231315194415992    
201706202324020170100140   
20170620232402017010134    
201706202338502064100120   
20170620233850206410062    
20170620233850206410101    
20170620233850206410132    
20170620233850206415992    
201706210016380165100120   
20170621001638016510134    
20170621001638016510181    
201706210029390240100140   
20170621002939024015991    
20170621002939024010061    
20170621003741171410132    
20170621003741171415991    
20170621003741171410303    
20170621003741171410313    
201706210037411714100160   
20170621003741171410101    
201706210103040223100140   
20170621010304022310133    
20170621010304022310061    
20170621010304022310055    
20170621010304022310281    
201706210118131824100160   
20170621011813182410061    
20170621011813182410131    
20170621011813182413395    
201706210122151354100140   
20170621012215135410131    
20170621012215135410285    
20170621012215135413395    
201706210127281734100140   
20170621012728173410131    
201706210132171334100160   
20170621013217133410061    
20170621013217133410132    
20170621013217133413492    
201706210143430704100180   
20170621014343070410132    
201706210153531724100140   
20170621015353172410121    
20170621015353172410132    
20170621015353172410141    
20170621015353172410292    
20170621015353172410641    
201706210154100594100160   
201706210157500136100120   
20170621015750013610141    
201706210202520249100160   
20170621020252024910061    
20170621020252024910101    
20170621020252024910131    
20170621020252024910221    
20170621020252024910641    
201706210216591364100140   
20170621021659136410131    
20170621021659136410301    
20170621021659136410311    
20170621021659136410571    
20170621021659136415991    
201706210218500914100160   
20170621021850091410401    
20170621021850091410101    
20170621021850091410134    
201706210343190584100160   
20170621034319058410071    
20170621034319058410131    
20170621034319058410181    
20170621034319058410221    
20170621034319058410631    
20170621034516058413492    
20170621034516058414091    
201706210401430254100140   
20170621040143025410101    
20170621040143025410111    
20170621040143025410133    
20170621040143025410222    
20170621040143025410433    
20170621040143025410601    
201706210402480201100120   
20170621040248020110412    
20170621040248020115991    
201706210442151854100140   
20170621044215185410061    
20170621044215185410111    
20170621044215185410132    
20170621044215185410301    
20170621044215185410571    
20170621044215185413395    
20170621044215185413492    
20170621044215185418295    
20170621044215185470005    
2017062104500402451001100  
20170621045004024510062    
20170621045004024510111    
20170621045004024510133    
20170621045004024510141    
20170621045004024510224    
20170621045004024510301    
20170621045004024510311    
20170621045004024510401    
20170621045146024510245    
