201712111537134117110215   
20171211153713411713025    
20171211153713411716023    
201712111537134117160315   
20171211153713411716043    
20171211153713411731042    
20171211153713411745012    
201712112214344199110120   
20171211221434419916023    
20171211221434419916035    
20171211221434419916042    
20171211221434419945012    
20171211221434419945021    
20171211221434419963251    
201712112258594204110210   
20171211225859420413035    
20171211225859420416033    
20171211225859420421013    
20171211231841421511025    
20171211231841421516021    
20171211231841421516033    
20171211231841421516041    
20171211235534413911025    
20171211235534413916035    
