201706262345190695001120   
20170626234519069500132    
20170626234519069500143    
20170626234519069500352    
20170626234519069500585    
20170626234519069500702    
20170626234519069501062    
20170626234519069501111    
201706262345190695060115   
201706270028491223001125   
20170627002849122300044    
20170627002849122300073    
20170627002849122306015    
20170627002849122301066    
20170627002849122300131    
20170627002849122300142    
20170627002849122300352    
20170627002849122301111    
20170627002849122302181    
20170627002849122300921    
201706270139130400005840   
20170627013913040000711    
20170627013913040001065    
20170627013913040001112    
201706270147240051000420   
20170627014724005101111    
20170627014724005102181    
20170627014724005101193    
201706270147240051060115   
201706270147240051007510   
20170627023818063001063    
201706270238180630000410   
20170627023818063001111    
20170627023818063000101    
201706270300210815000220   
201706270653360080000440   
20170627065503142300721    
20170627065503142301111    
201706270655031423031710   
201706270656362001001115   
20170627065636200100712    
20170627065636200100931    
20170627065636200101111    
20170627065636200106013    
201706270657010024000410   
20170627065701002401111    
20170627065701002406013    
20170627065701002406222    
20170627065701002406241    
20170627065735200200142    
201706270657352002005815   
20170627065735200200981    
20170627065735200201065    
201706270658031401007960   
201706270658031401008010   
20170627065829001600774    
201706270658290016007960   
201706270658290016008010   
20170627065854050300931    
20170627065854050301065    
