20170822150216100510011    
20170822150216100510021    
20170822150216100510031    
20170822150216100510051    
20170822150216100510091    
20170822150216100510131    
20170822150216100510181    
20170822150216100510262    
20170822150216100520023    
20170822150216100520102    
20170822150216100540001    
20170822150216100540013    
20170822150216100540022    
20170822150216100540031    
20170822150216100541033    
20170822150216100541041    
201708221553481034100320   
20170822155348103410061    
20170822155348103410133    
20170822155348103410165    
20170822155348103410222    
20170822155348103410262    
20170822155348103441034    
20170822164811100110021    
20170822164811100110031    
20170822164811100110041    
20170822164811100110061    
20170822164811100110131    
20170822164811100120065    
20170822164811100120102    
20170822164811100140151    
20170822164811100140191    
20170822164811100141031    
20170822164811100141041    
20170822173057202510021    
20170822173057202510061    
20170822173057202510091    
20170822173057202510101    
20170822173057202510132    
20170822173057202510165    
20170822173057202510202    
20170822173057202510221    
20170822173057202510262    
20170822173057202530121    
20170822173057202541031    
20170822173547100540091    
20170822173930100520041    
20170822174238102010011    
20170822174238102010041    
20170822174238102010138    
20170822174238102010185    
20170822174238102010202    
20170822174238102010262    
20170822174238102020021    
20170822174238102020101    
20170822174238102040191    
20170822174238102041033    
20170822174238102041041    
20170822190433104510041    
20170822190433104510261    
20170822190433104520101    
20170822190433104540001    
20170822190433104540011    
20170822190433104540031    
20170822190433104540051    
20170822190433104540191    
20170822190433104541031    
20170822205143103520011    
20170822205143103520021    
20170822205143103530045    
20170822205143103540091    
20170822205143103541031    
201708222051431035500915   
20170822205652204010021    
20170822205652204010031    
20170822205652204010051    
20170822205652204010061    
20170822205652204010081    
20170822205652204010131    
20170822205652204010182    
20170822205652204010201    
20170822205652204010221    
20170822205652204010261    
20170822205652204020012    
20170822205652204020021    
20170822205652204020101    
20170822205652204031031    
20170822205652204041032    
20170822205652204041041    
20170822205652204050011    
20170822205652204061033    
20170822205652204061043    
20170822212043103310021    
20170822212043103310041    
20170822212043103310134    
20170822212043103320021    
20170822212043103320071    
20170822212043103340012    
20170822212043103340021    
20170822212043103340051    
20170822212043103340151    
20170822212043103310032    
20170822212043103310201    
20170822212043103341034    
20170822212043103341041    
201708222120431033310320   
20170822212043103310181    
20170822212043103310222    
20170822212043103310261    
20170822214930103610011    
201708222149301036100320   
20170822214930103610061    
20170822214930103610183    
20170822214930103610202    
20170822214930103620001    
20170822214930103620041    
20170822214930103620102    
20170822214930103640191    
20170822214930103641035    
20170822215000104110021    
201708222150001041100320   
20170822215000104110042    
20170822215000104110133    
20170822215000104110202    
20170822215000104110223    
20170822215000104110262    
20170822215000104120001    
20170822215000104140031    
20170822215000104141034    
20170822220134104010021    
201708222201341040100330   
20170822220134104010041    
201708222201341040101310   
20170822220134104010181    
20170822220134104010201    
20170822220134104010222    
20170822220134104010261    
20170822220134104020001    
20170822220134104020022    
20170822220134104040001    
20170822220134104040012    
20170822220134104040051    
20170822220134104041033    
201708222330482045100320   
20170822233048204510042    
20170822233048204510135    
20170822233048204510202    
20170822233048204510222    
20170822233048204510262    
20170822233048204530121    
201708222330482045310320   
20170822233048204540151    
20170822233048204541034    
20170822233048204577791    
20170823000342203710011    
20170823000342203710021    
20170823000342203710031    
20170823000342203710041    
20170823000342203710085    
20170823000342203710133    
20170823000342203710162    
20170823000342203710183    
20170823000342203710202    
20170823000342203710221    
20170823000342203720021    
20170823000342203720051    
20170823000342203720061    
20170823000342203720101    
20170823000342203740014    
20170823000342203740031    
20170823000342203740151    
20170823000342203741033    
20170823000342203741041    
20170823000342203741051    
20170823000342203741061    
20170823000342203741071    
20170823000342203761021    
20170823000342203761033    
20170823000342203761042    
