20170119160545302111013    
20170119160545302111022    
20170119160545302111141    
20170119160545302112061    
20170119160545302112071    
20170119162036201211012    
20170119162036201211022    
20170119165747101011013    
20170119165747101011022    
20170119165805100211023    
201701191658051002111110   
20170119165805100211015    
20170119170633302011012    
20170119170633302011021    
20170119170633302011051    
20170119170633302012011    
20170119175900301511021    
20170119175900301511012    
20170119175900301512071    
20170119180530100911012    
20170119180530100911132    
20170119180530100912011    
20170119180530100911061    
20170119180530100911031    
20170119181609101211012    
20170119181609101211022    
20170119181609101211031    
20170119181609101211061    
20170119182509302411012    
20170119182509302411021    
20170119182632302311012    
20170119182632302311021    
20170119182632302311031    
20170119182632302311051    
20170119183058100311011    
20170119183058100311022    
20170119183058100311061    
201701191830581003111110   
20170119192212200111014    
20170119192212200111026    
20170119192212200111101    
20170119192212200113041    
20170119192212200113061    
20170119193202301111012    
20170119193202301111021    
20170119201938302211021    
20170119201938302211013    
20170119201938302212031    
20170119202051302111011    
20170119202428201011011    
20170119202818300511013    
20170119202818300511022    
20170119202818300511031    
20170119203212102611013    
20170119203212102611051    
20170119203212102611061    
20170119203212102612031    
20170119203643300111014    
20170119203643300111024    
