20170707091340100610012    
20170707091340100610026    
20170707091340100611033    
20170707091340100612025    
20170707091340100613015    
20170707091340100613021    
20170707091340100615012    
20170707091340100618014    
20170707091340100620022    
20170707091340100620054    
20170707104042101010012    
20170707104042101010026    
20170707104042101010031    
20170707104042101010041    
20170707104042101010101    
20170707104042101011022    
20170707104042101011031    
20170707104042101011042    
20170707104042101011071    
20170707104042101011081    
20170707104042101011092    
20170707104042101012023    
20170707104042101013015    
20170707104042101013021    
20170707104042101016011    
20170707104042101020051    
20170707105026101015021    
20170707112218101310014    
20170707112218101310027    
20170707112218101310102    
20170707112218101311011    
20170707112218101311024    
20170707112218101311032    
20170707112218101311043    
20170707112218101311081    
20170707112218101312022    
20170707112218101312031    
20170707112218101313018    
20170707112218101313022    
20170707112218101314011    
20170707112218101315021    
20170707112218101315031    
20170707112218101316011    
20170707112218101317011    
20170707112218101317021    
20170707112218101318013    
20170707112218101320022    
20170707112218101320051    
20170707112218101320131    
20170707112218101330021    
20170707112336100910012    
201707071123361009100210   
20170707112336100910041    
20170707112336100910102    
20170707112336100911042    
20170707112336100911051    
20170707112336100911082    
20170707112336100912028    
20170707112336100913018    
20170707115619102610014    
201707071156191026100212   
20170707115619102610101    
20170707115619102611012    
20170707115619102611023    
20170707115619102611043    
20170707115619102611051    
20170707115619102611081    
20170707115619102612024    
20170707115619102612055    
20170707115619102613017    
20170707115619102613022    
20170707115619102615012    
20170707115619102615024    
20170707115619102615032    
20170707115619102615051    
20170707115619102615101    
20170707115619102616011    
20170707115619102618011    
20170707115619102618021    
20170707115619102620125    
20170707115619102611091    
20170707120647101210014    
20170707120647101210028    
20170707120647101210102    
20170707120647101211011    
20170707120647101211022    
20170707120647101211032    
20170707120647101211042    
20170707120647101211071    
20170707120647101211084    
20170707120647101212026    
20170707120647101213017    
20170707120647101213021    
20170707120647101215011    
20170707120647101215041    
20170707120647101216011    
20170707120647101217012    
20170707120647101217021    
20170707120647101218013    
20170707120647101219013    
201707071206471012190215   
20170707120647101230011    
20170707120647101230021    
201707071217041027100125   
201707071217041027100240   
20170707121704102710032    
20170707121704102710043    
201707071217041027110210   
20170707121704102711034    
20170707121704102711048    
20170707121704102712025    
201707071217041027130120   
20170707121704102713025    
20170707121704102715011    
20170707121704102716013    
20170707121704102716022    
20170707121704102717012    
20170707121704102717021    
20170707121704102717031    
20170707121704102718013    
20170707121704102718021    
20170707121704102718031    
20170707121704102718041    
20170707121704102719012    
201707071217041027190225   
20170707121704102719031    
20170707121704102720023    
20170707121704102711095    
20170707124851102310012    
20170707124851102310026    
20170707124851102310102    
20170707124851102311011    
20170707124851102311023    
20170707124851102311031    
20170707124851102311043    
20170707124851102311051    
20170707124851102311081    
20170707124851102312024    
20170707124851102313016    
20170707124851102318031    
20170707124851102311092    
20170707125748100810012    
201707071257481008100210   
20170707125748100810101    
20170707125748100811022    
20170707125748100811031    
20170707125748100811044    
20170707125748100811082    
201707071257481008120215   
201707071257481008130110   
20170707125748100813023    
20170707125748100813062    
20170707125748100815043    
20170707125748100818013    
20170707125748100819011    
20170707125748100819025    
20170707125748100811093    
20170707130208100710021    
20170707130208100711081    
20170707130208100713012    
20170707130358100110016    
201707071303581001100214   
20170707130358100110041    
20170707130358100111011    
20170707130358100111042    
20170707130358100111084    
201707071303581001130110   
20170707130358100113022    
20170707130358100130031    
20170707130919101110014    
20170707130919101110028    
20170707130919101112023    
20170707130919101113018    
20170707130919101113021    
20170707130919101113051    
20170707130919101113061    
20170707130919101115021    
