201708011722372226200140   
20170801172237222620061    
201708011722372226206515   
201708012109022061200140   
20170801210902206120081    
201708012109022061206510   
20170801210902206120901    
20170801210902206120911    
20170801210902206121021    
201708012220472027200140   
20170801222047202720052    
20170801222047202720061    
20170801222047202720071    
20170801222047202720656    
20170801222047202720901    
201708012223482024200120   
20170801222348202420653    
2017080122564421132001140  
20170801225644211320062    
20170801225644211320071    
20170801225644211320082    
20170801225644211320321    
20170801225644211320658    
20170801225644211320901    
201708012331221018200290   
20170801233122101820052    
20170801233122101820061    
20170801233122101820321    
20170801233122101820652    
201708012332062094200180   
20170801233206209420061    
20170801233206209420071    
20170801233206209420321    
201708012332062094206520   
20170801233206209420901    
20170801233206209420921    
20170801233206209420931    
201708012354512091200180   
20170801235451209120062    
20170801235451209120071    
20170801235451209120081    
201708012354512091206510   
20170801235451209120901    
20170801235451209120931    
201708020000282026200160   
20170802000028202620061    
20170802000028202620321    
201708020000282026206510   
20170802000028202620921    
20170802000028202620931    
201708020003232115200180   
20170802000323211520061    
20170802000323211520071    
20170802000323211520191    
20170802000323211520321    
201708020003232115206515   
20170802000323211520901    
20170802000323211520911    
20170802000323211520931    
20170802000323211521041    
2017080200191720432001120  
20170802001917204320062    
20170802001917204320071    
20170802001917204320301    
20170802001917204320321    
20170802001917204320655    
20170802001917204321021    
20170802001917204321041    
20170802001917204321051    
201708020034402069200180   
20170802003440206920062    
20170802003440206920071    
20170802003440206920321    
201708020034402069206510   
20170802003440206920901    
2017080200484920342001300  
201708020048492034200510   
20170802004849203420063    
20170802004849203420073    
20170802004849203420082    
20170802004849203420111    
20170802004849203420161    
20170802004849203420301    
20170802004849203420323    
201708020048492034206530   
20170802004849203420911    
201708020102082032200180   
20170802010208203220061    
20170802010208203220071    
20170802010208203220081    
20170802010208203220301    
20170802010208203220321    
20170802010208203221021    
2017080202400013812001100  
20170802024000138120062    
20170802024000138120301    
20170802024000138120321    
20170802024000138120072    
201708020240001381206510   
