20170609141916302111012    
20170609141916302111021    
20170609141916302111131    
20170609160153100911012    
20170609160153100911021    
20170609160153100911131    
20170609171255302211021    
20170609171255302213121    
20170609171255302213131    
20170609171255302214002    
20170609174028100711013    
20170609174028100711023    
20170609174028100711031    
20170609174518200111012    
20170609175155302011031    
20170609175155302014002    
20170609175320101211013    
20170609175320101211023    
20170609175320101211051    
20170609190511300511021    
20170609190511300514002    
20170609193434102411012    
20170609193434102411021    
20170609193434102411031    
20170609193434102411061    
201706091934341024111110   
20170609202242100411011    
20170609202242100411021    
20170609202242100411031    
201706092022421004111110   
20170609202614200711011    
20170609202614200711021    
20170609202614200711031    
20170609202614200711131    
20170609202739200811011    
20170609202739200811021    
20170609203647201011021    
20170609203842300111021    
20170609203842300114001    
20170609205038200311022    
20170609205038200311012    
20170609210431201014002    
