20170904065240141540002    
20170904065240141540011    
20170904065240141549001    
20170904065240141550102    
20170904065240141550291    
20170904065240141560003    
20170904065240141560101    
20170904065240141560321    
20170904065240141560381    
20170904065240141560411    
20170904091802510640001    
20170904091802510650151    
20170904091802510660321    
20170904094037551040001    
20170904094037551040021    
20170904094037551060001    
20170904094037551060111    
20170904094037551060391    
20170904094037551060351    
20170904094037551060411    
20170904100318132260001    
20170904100318132260011    
20170904100318132240011    
20170904100318132250101    
20170904100318132260381    
20170904100318132260391    
20170904101327770160332    
20170904101327770140001    
20170904101327770150101    
20170904101352780240002    
20170904101352780240011    
20170904103424660540011    
20170904103424660540031    
20170904103424660560602    
20170904103550012940001    
20170904103550012950101    
20170904103550012958011    
20170904103550012960021    
20170904103550012960351    
20170904103550012960461    
20170904103657830350101    
20170904103657830359991    
20170904103657830360011    
20170904103657830360391    
20170904103732012540001    
20170904103732012560392    
20170904103732012569991    
20170904103933042440001    
20170904103933042449001    
20170904103933042450011    
20170904103933042450121    
20170904103933042450271    
20170904103933042450291    
20170904103933042460001    
20170904103933042460111    
20170904103933042460301    
20170904103933042460311    
20170904103933042460381    
20170904103933042460461    
20170904104032141450001    
20170904104032141459991    
20170904104032141460321    
20170904104032141460381    
20170904104138031240001    
20170904104138031259951    
20170904104138031260461    
20170904104211141740001    
20170904104211141759951    
20170904104250760259951    
20170904104250760260331    
20170904104250760260461    
