20170712205702609791021    
20170712205702609791081    
20170712205702609791161    
20170712205702609791421    
20170712205702609791431    
20170712205702609791761    
20170712205702609791931    
20170712211521502210011    
20170712211521502210051    
20170712211521502230031    
20170712211521502230281    
20170712211521502240081    
20170712211521502240111    
20170712211521502250031    
20170712211521502260051    
20170712220151505210051    
20170712220151505210061    
20170712220151505210072    
20170712220151505230031    
20170712220151505230281    
20170712220151505240011    
20170712220151505250031    
20170712220151505270011    
20170712220151505270021    
20170712224116603010051    
20170712224116603030281    
20170712224116603050022    
20170712232637606960221    
20170712232637606970081    
20170712235840100230044    
20170712235840100230193    
20170712235840100230261    
20170712235840100250031    
20170712235840100270163    
20170713002117602430283    
20170713002117602470132    
20170713012403604210041    
20170713012403604210051    
20170713023351600210041    
20170713023351600210051    
20170713023351600230031    
20170713023351600230042    
20170713023351600240011    
20170713023351600260181    
