201702162255004191110215   
20170216225500419116023    
201702162255004191160320   
201702162334544102110215   
20170216233454410216022    
20170216233454410216039    
20170216233454410231041    
20170216233454410245011    
201702162350574162110210   
20170216235057416298001    
201702170043224117110215   
20170217004322411713025    
20170217004322411715013    
20170217004322411716023    
201702170043224117160320   
20170217004322411731042    
20170217004322411745042    
20170217004322411761392    
20170217004322411762345    
