201701130903311009100220   
20170113090331100910092    
20170113090331100910105    
20170113090331100911025    
20170113090331100911043    
20170113090331100911072    
201701130903311009120210   
20170113090331100913016    
20170113090331100913062    
20170113090331100915021    
20170113090331100915031    
20170113090331100920021    
20170113090331100920041    
20170113093126100610013    
20170113093126100610028    
20170113093126100612025    
20170113093126100613015    
20170113093126100613021    
20170113093126100615012    
20170113093126100615022    
20170113093126100615032    
20170113093126100615044    
20170113093126100620022    
201701131011321002100212   
20170113101132100210094    
20170113101132100210102    
20170113101132100211026    
20170113101132100211046    
20170113101132100211073    
20170113101132100211082    
20170113101132100212012    
201701131011321002120210   
20170113101132100214011    
20170113101132100218013    
20170113111204101010013    
20170113111204101010027    
20170113111204101011011    
20170113111204101011022    
20170113111204101011031    
20170113111204101011042    
20170113111204101011081    
20170113111204101011093    
20170113111204101012027    
20170113111204101013018    
20170113111204101013021    
20170113111204101018012    
20170113113314101310013    
201701131133141013100210   
20170113113314101310041    
20170113113314101310092    
20170113113314101310102    
20170113113314101311011    
20170113113314101311024    
20170113113314101311032    
20170113113314101311043    
20170113113314101311071    
20170113113314101311082    
20170113113314101312011    
20170113113314101312024    
20170113113314101313017    
20170113113314101313022    
20170113113314101315021    
20170113113314101315031    
20170113113314101317011    
20170113113314101318012    
20170113113314101320011    
20170113113314101320021    
20170113113314101320051    
20170113113314101330011    
20170113114742102310013    
201701131147421023100212   
20170113114742102310041    
20170113114742102310101    
20170113114742102311023    
20170113114742102311031    
20170113114742102311043    
20170113114742102311081    
20170113114742102312024    
20170113114742102313018    
20170113114742102315011    
20170113114742102315031    
20170113114742102315041    
20170113114742102330021    
201701131202521025100110   
201701131202521025100230   
201701131202521025120210   
201701131202521025130115   
201701131202521025180110   
20170113121735100710021    
20170113121735100711031    
20170113121735100711041    
20170113121735100711081    
20170113121735100713011    
20170113122303100810013    
201701131223031008100210   
20170113122303100810093    
20170113122303100810101    
20170113122303100811031    
201701131223031008120218   
201701131223031008130115   
20170113122303100813024    
20170113122303100815021    
20170113122303100818011    
20170113122303100811092    
20170113122403100110014    
201701131224031001100214   
201701131224031001130110   
20170113122403100113022    
20170113122742100410013    
201701131227421004100234   
20170113122742100410041    
20170113122742100410093    
20170113122742100410103    
20170113122742100411023    
20170113122742100411032    
20170113122742100411042    
20170113122742100411071    
20170113122742100411081    
20170113122742100412011    
201701131227421004120216   
201701131227421004130120   
20170113122742100413023    
20170113122742100413061    
20170113122742100415011    
20170113122742100415031    
20170113122742100415041    
20170113122742100416011    
20170113122742100420021    
20170113122743101210014    
20170113122743101210027    
20170113122743101211011    
20170113122743101211022    
20170113122743101211031    
20170113122743101211042    
20170113122743101211085    
20170113122743101212012    
20170113122743101212028    
20170113122743101213018    
20170113122743101213022    
20170113122743101215011    
20170113122743101216011    
20170113122743101218013    
20170113122743101230011    
20170113122743101230021    
20170113125234101110013    
20170113125234101110028    
20170113125234101110041    
20170113125234101110091    
20170113125234101110103    
20170113125234101111023    
20170113125234101111031    
20170113125234101111043    
20170113125234101111061    
20170113125234101111071    
20170113125234101111083    
20170113125234101112012    
20170113125234101112028    
201701131252341011130112   
20170113125234101113021    
20170113125234101115011    
20170113125234101115021    
20170113125234101115031    
20170113125234101116012    
20170113125234101111092    
