201712072114120231110220   
20171207211412023111052    
20171207211412023111063    
20171207211412023116021    
20171207211412023116051    
201712072116420231110220   
20171207211642023111052    
20171207211642023111063    
20171207211642023116021    
20171207211642023116051    
201712072122120231110220   
20171207212212023111052    
20171207212212023111063    
20171207212212023116021    
20171207212212023116051    
201712072200420231110220   
20171207220042023111052    
20171207220042023111063    
20171207220042023116021    
20171207220042023116051    
201712072210280328110210   
20171207221028032811052    
20171207221028032815012    
20171207221028032815042    
20171207221028032815132    
20171207221028032817451    
20171207221028032812134    
201712072320480343110220   
20171207232048034311053    
20171207232048034311063    
20171207232048034313082    
20171207232048034317471    
20171207232048034317631    
20171207232048034317661    
20171207232048034319201    
20171207232255034318131    
201712072342020284110220   
20171207234202028411053    
20171207234202028411063    
20171207234202028411162    
20171207234202028412132    
20171207234202028412142    
20171207234202028415023    
20171207234202028415123    
20171207234202028417301    
20171207234202028417411    
20171207234202028417451    
20171207234202028417471    
20171207234202028417681    
201712072346120010110210   
20171207234612001011053    
20171207234612001011063    
20171207234612001013011    
20171207234612001013085    
20171207234612001015045    
201712072358350210110210   
20171207235835021011073    
20171207235835021019031    
20171207235835021021041    
20171207235835021017301    
20171207235835021015135    
20171207235835021015143    
20171207235835021012135    
20171207235835021012145    
201712080016530069110310   
20171208001653006911063    
20171208001653006919231    
20171208001653006919201    
201712080016530069110210   
201712080043160011110110   
20171208004316001113011    
20171208004316001122061    
20171208004316001116101    
20171208004316001112136    
201712080102000156110215   
20171208010200015613011    
20171208010200015611052    
20171208010200015611063    
201712080112040116110130   
201712080112040116150110   
20171208011204011621061    
20171208011204011621081    
20171208011204011621101    
20171208011204011619201    
201712080112040116150410   
20171208011204011619221    
20171208011204011619231    
20171208011204011617031    
20171208011204011615062    
20171208011204011617641    
201712080116492201110210   
20171208011649220117351    
20171208011649220117691    
201712080129410065110110   
201712080134390303110210   
20171208013439030317451    
201712080139260345110230   
20171208013926034511053    
20171208013926034511063    
201712080139260345110320   
20171208013926034517471    
20171208013926034517521    
201712080140240071110210   
20171208014024007111055    
20171208014024007117351    
201712080140240071110310   
20171208014024007117591    
20171208014024007117691    
201712080141010087110310   
20171208014101008711051    
20171208014101008711061    
20171208014531032911061    
20171208014531032913011    
20171208014531032917351    
20171208014531032914011    
20171208014531032915141    
201712080146010237110310   
20171208014601023713091    
20171208014601023711073    
201712080151020237110310   
20171208015102023713091    
20171208015102023711073    
201712080156020150110110   
20171208015602015015122    
20171208015602015011052    
20171208015602015011063    
201712080215020279110320   
20171208021502027911055    
20171208021502027913012    
20171208021502027913085    
20171208021502027915012    
20171208021502027915122    
20171208021502027915132    
20171208021502027915141    
20171208021502027917451    
20171208021502027911062    
20171208021619011511075    
20171208021619011513011    
20171208021619011521011    
20171208021619011521021    
20171208021619011521101    
201712080216190115110330   
20171208021619011512146    
20171208021619011517661    
201712080231030055110110   
20171208023103005511052    
20171208023103005511062    
201712080247300242110240   
20171208024730024211057    
20171208024730024213012    
201712080255320181110210   
201712080255320181110310   
20171208025532018111051    
20171208025532018111062    
20171208025532018117351    
20171208025532018115013    
20171208025532018119221    
20171208025532018118031    
20171208034132022212134    
20171208034132022212143    
20171208034132022217681    
201712080341320222110210   
201712080341320222110310   
20171208034132022213012    
20171208034132022219021    
20171208034132022211052    
20171208034132022211062    
201712080342020073110220   
20171208034202007311052    
20171208034202007313011    
20171208034202007317662    
20171208035439032711054    
20171208035439032711072    
20171208035439032715044    
20171208035439032715061    
