20170223140737100510021    
20170223140737100510031    
20170223140737100510185    
20170223140737100510223    
20170223140737100510262    
20170223140737100520001    
20170223140737100540001    
20170223140737100540015    
20170223140737100540022    
20170223140737100540051    
20170223140737100540091    
20170223140737100541034    
20170223140737100541041    
20170223140737100550015    
20170223140737100550041    
20170223142124103010022    
20170223142124103010184    
20170223142124103010223    
20170223142124103010261    
20170223142124103020064    
20170223142124103040051    
20170223142124103041032    
20170223142124103078121    
20170223154956100810011    
20170223154956100810033    
20170223154956100810041    
20170223154956100810081    
20170223154956100810091    
20170223154956100810131    
20170223154956100810203    
20170223154956100810222    
20170223154956100820021    
20170223154956100820063    
20170223154956100820081    
20170223154956100840001    
20170223154956100840018    
20170223154956100840024    
20170223154956100840051    
20170223154956100840151    
20170223154956100841035    
20170223173858204410021    
201702231738582044100330   
20170223173858204410042    
20170223173858204410051    
20170223173858204410061    
20170223173858204410071    
20170223173858204410136    
20170223173858204410185    
20170223173858204410191    
20170223173858204410203    
20170223173858204410222    
20170223173858204410251    
20170223173858204410262    
20170223173858204420001    
20170223173858204420061    
20170223173858204420071    
20170223173858204420081    
20170223173858204440003    
20170223173858204440016    
20170223173858204440022    
20170223173858204440053    
20170223173858204440093    
20170223173858204441033    
20170223173858204441042    
20170223173858204441051    
20170223173858204441061    
20170223173858204441071    
20170223173858204450011    
20170223173858204477791    
20170223173858204477801    
20170223181054100110021    
20170223181054100110031    
20170223181054100110041    
20170223181054100110081    
20170223181054100110133    
20170223181054100110188    
20170223181054100110202    
20170223181054100110223    
20170223181054100120001    
20170223181054100120065    
20170223181054100120082    
20170223181054100120101    
20170223181054100131034    
20170223181054100140052    
201702231810541001401610   
20170223181054100141037    
20170223181054100141041    
20170223181054100141051    
20170223181054100141071    
20170223181054100150031    
20170223183055102010011    
20170223183055102010022    
20170223183055102010032    
20170223183055102010041    
20170223183055102010061    
20170223183055102010137    
20170223183055102010202    
20170223183055102010222    
20170223183055102010264    
20170223183055102020001    
20170223183055102030042    
20170223183055102030071    
20170223183055102040031    
20170223183055102040151    
20170223183055102040191    
20170223183055102041037    
20170223183055102041041    
20170223183150204210021    
201702231831502042100320   
20170223183150204210041    
20170223183150204210133    
20170223183150204210182    
20170223183150204210202    
20170223183150204210222    
20170223183150204210262    
20170223183150204230043    
20170223183150204240001    
20170223183150204240014    
20170223183150204240051    
20170223183150204241032    
20170223183150204241042    
20170223183150204241061    
20170223183150204241071    
20170223185201104510011    
20170223185201104510021    
201702231852011045100320   
20170223185201104510042    
20170223185201104510181    
20170223185201104510202    
20170223185201104510221    
20170223185201104510262    
201702231852011045310310   
20170223185201104540001    
20170223185201104540012    
20170223185201104540021    
20170223185201104540151    
20170223185201104540168    
20170223185201104541032    
20170223185201104541041    
20170223185201104561021    
20170223185201104561034    
20170223185201104561047    
20170223190141202510011    
20170223190141202510021    
201702231901412025100320   
20170223190141202510041    
20170223190141202510081    
20170223190141202510091    
20170223190141202510131    
20170223190141202510161    
20170223190141202510183    
20170223190141202510202    
20170223190141202510223    
20170223190141202510262    
20170223190141202520061    
20170223190141202520071    
20170223190141202540031    
20170223190141202540052    
20170223190141202540152    
20170223190141202541036    
20170223190141202541041    
20170223190141202541051    
20170223190141202541061    
20170223190141202550011    
20170223193512204810021    
201702231935122048100320   
20170223193512204810042    
20170223193512204810136    
20170223193512204810182    
20170223193512204810202    
20170223193512204810223    
20170223193512204810262    
20170223193512204820001    
20170223193512204840031    
20170223193512204840052    
20170223193512204841034    
20170223193512204841042    
20170223193512204841051    
20170223193512204877791    
20170223194432202810021    
20170223194432202810041    
20170223194432202810051    
20170223194432202810081    
20170223194432202810188    
20170223194432202810203    
20170223194432202810223    
20170223194432202820001    
20170223194432202840191    
20170223194432202841035    
20170223195923104010021    
201702231959231040100340   
20170223195923104010042    
20170223195923104010181    
20170223195923104010205    
20170223195923104010223    
20170223195923104010263    
20170223195923104030045    
20170223195923104040002    
20170223195923104040016    
20170223195923104040022    
20170223195923104040031    
20170223195923104040051    
20170223195923104040152    
20170223195923104040191    
20170223195923104041036    
20170223195923104041041    
20170223195923104050012    
20170223195923104077791    
20170223200543103410021    
20170223200543103410031    
20170223200543103410042    
20170223200543103410051    
20170223200543103410061    
20170223200543103410081    
20170223200543103410091    
20170223200543103410136    
20170223200543103410185    
20170223200543103410203    
20170223200543103410224    
20170223200543103410262    
20170223200543103420062    
20170223200543103440151    
20170223200543103441034    
20170223204512204010011    
20170223204512204010022    
20170223204512204010031    
20170223204512204010133    
20170223204512204010161    
20170223204512204010182    
20170223204512204010202    
20170223204512204010221    
20170223204512204010261    
20170223204512204020071    
20170223204512204031031    
20170223204512204040001    
20170223204512204040012    
20170223204512204040021    
20170223204512204040096    
20170223204512204040151    
20170223204512204041033    
20170223204512204041041    
20170223204512204050011    
20170223205458104610021    
201702232054581046100315   
20170223205458104610041    
20170223205458104610133    
20170223205458104610181    
20170223205458104610202    
20170223205458104610222    
20170223205458104610262    
20170223205458104640001    
20170223205458104641032    
20170223205458104678121    
20170223210903102010051    
20170223211252204841071    
20170223211301204710011    
20170223211301204710021    
201702232113012047100320   
20170223211301204710041    
20170223211301204710133    
20170223211301204710201    
20170223211301204710221    
20170223211301204710261    
20170223211301204730045    
20170223211301204740052    
20170223211301204741031    
20170223211301204741041    
20170223211301204777791    
20170223211301204777801    
20170223211858103610011    
20170223211858103610022    
201702232118581036100320   
20170223211858103610041    
20170223211858103610051    
20170223211858103610061    
20170223211858103610091    
201702232118581036101310   
20170223211858103610192    
20170223211858103610203    
20170223211858103610225    
20170223211858103630045    
20170223211858103630071    
201702232118581036310320   
20170223211858103640191    
20170223211858103641036    
20170223211858103641041    
20170223211858103641071    
201702232139472050100320   
20170223213947205010042    
20170223213947205010188    
20170223213947205010202    
20170223213947205010221    
20170223213947205010262    
20170223213947205020001    
20170223213947205030121    
20170223213947205040031    
20170223213947205040052    
20170223213947205040151    
20170223213947205041033    
20170223213947205041042    
20170223213947205077791    
20170223214339103310022    
20170223214339103310043    
20170223214339103310131    
20170223214339103330045    
20170223214339103340014    
20170223214339103340023    
20170223214339103340051    
20170223214339103340151    
20170223214339103310033    
20170223214339103310202    
20170223214339103341038    
20170223214339103341041    
201702232143391033310320   
20170223214339103310182    
20170223214339103310261    
20170223214339103310161    
20170223214339103341051    
20170223214339103341071    
20170223214659103510021    
20170223214659103510031    
20170223214659103510041    
20170223214659103510262    
20170223214659103540001    
20170223214659103540012    
20170223214659103541033    
20170223214659103541041    
20170223214659103550011    
20170223221211204510011    
20170223221211204510022    
201702232212112045100330   
20170223221211204510043    
20170223221211204510138    
20170223221211204510204    
20170223221211204510224    
20170223221211204510264    
20170223221211204520001    
20170223221211204530042    
20170223221211204530121    
201702232212112045310320   
20170223221211204540031    
20170223221211204540152    
20170223221211204541036    
20170223221211204541041    
20170223221211204577791    
20170223221748104110021    
201702232217481041100340   
20170223221748104110042    
20170223221748104110061    
20170223221748104110091    
20170223221748104110133    
20170223221748104110202    
20170223221748104110222    
20170223221748104110262    
20170223221748104120001    
20170223221748104130046    
20170223221748104130121    
20170223221748104140191    
20170223221748104141032    
20170223222107104210021    
201702232221071042100320   
20170223222107104210134    
20170223222107104210202    
20170223222107104210221    
20170223222107104240001    
20170223222107104240012    
20170223222107104240031    
20170223222107104241032    
20170223222107104241061    
20170223222107104250024    
20170224000914203741041    
20170224030357102810011    
20170224030357102810021    
20170224030357102810031    
20170224030357102810041    
20170224030357102810184    
20170224030357102810202    
20170224030357102810223    
20170224030357102820062    
20170224030357102840051    
20170224030357102841033    
