201705112027421614100140   
20170511202742161410051    
20170511202742161410062    
20170511202742161410132    
201705112027421614105210   
20170511202742161410581    
201705112027421614196910   
201705112150340186100120   
20170511215034018610111    
201705112217110170100140   
20170511221711017010135    
20170511221711017010245    
20170511221711017010061    
201705112302471944100160   
20170511230247194410071    
20170511230247194410293    
201705112302471944105220   
20170511230247194410571    
20170511230247194410581    
20170511230247194413391    
201705112330511734100140   
201705112330511734186920   
201705112335370141100120   
20170511233537014110241    
20170512001523171410133    
20170512001523171413395    
201705120015231714100120   
20170512001523171410295    
201705120048110156100120   
20170512004811015610131    
20170512004811015610631    
201705120102001454100120   
20170512010200145410061    
20170512010200145410131    
2017051201090313241001120  
20170512010903132410134    
20170512010903132410283    
20170512010903132410631    
201705120125080704100180   
20170512012508070410132    
20170512012508070410063    
20170512012508070410293    
20170512012508070410245    
20170512012508070413393    
201705120127020884100160   
20170512012702088410131    
20170512012702088410298    
20170512012702088410401    
201705120134330244100140   
20170512013433024410132    
20170512013433024413395    
2017051201385713341001100  
20170512013857133410133    
20170512013857133410061    
20170512013857133410141    
20170512013857133410302    
20170512013857133410312    
20170512013857133410432    
201705120139080211100140   
20170512013908021110101    
20170512013908021110131    
2017051201425718241001140  
20170512014257182410112    
20170512014257182410134    
20170512014257182410583    
20170512014257182410632    
20170512014257182413397    
20170512014257182415992    
20170512014257182418291    
201705120204191364100140   
20170512020419136410131    
20170512020419136410292    
20170512020419136410401    
20170512020419136415991    
201705120210171554100140   
20170512021017155410071    
20170512021017155410132    
201705120218220249100140   
20170512021822024910131    
20170512021822024910141    
20170512021822024910221    
20170512021822024915991    
20170512021822024911101    
201705120232130223100140   
20170512023213022310141    
20170512023213022310281    
201705120235370914100160   
201705120252100594100180   
20170512025210059410141    
201705120252100594102810   
201705120255140201100160   
20170512025514020110061    
20170512025514020115991    
201705120306451724100140   
20170512030645172410132    
20170512030645172410181    
20170512030645172410292    
20170512030645172410535    
20170512030645172413491    
201705120306451724186910   
20170512030645172419695    
201705120321380254100160   
20170512032138025410132    
20170512032138025410222    
201705120327431104100160   
20170512032743110410052    
20170512032743110410061    
20170512032743110410101    
20170512032743110410133    
20170512032743110410181    
20170512032743110410223    
20170512032743110414091    
201705120345370136100140   
20170512034537013610221    
201705120347550584100160   
20170512034755058410071    
20170512034755058410132    
20170512034755058410222    
20170512034755058410631    
20170512034755058410571    
20170512034755058410581    
20170512034755058410601    
201705120400410564100120   
20170512040041056413492    
20170512040041056410131    
