20170702010408400210323    
20170702010408400210381    
20170702010408400210623    
20170702010408400210634    
20170702010408400210681    
20170702010408400215041    
20170702010408400215331    
20170702010408400217013    
20170702010408400220021    
20170702010408400220052    
20170702010408400220461    
20170702010408400230031    
20170702010408400230043    
20170702010408400230112    
20170702010408400230381    
20170702010408400230451    
20170702010408400230641    
20170702010408400230961    
