20170204034440109311071    
20170204034440109314081    
20170204034440109314141    
20170204034440109314182    
20170204034440109314191    
20170204034440109316191    
20170204034440109323632    
20170204034440109323722    
20170204034440109323772    
20170204034440109326271    
20170204034440109326563    
20170204034440109326571    
20170204034440109326591    
20170204034440109389221    
20170204034440109389351    
20170204034440109389361    
20170204034440109390022    
20170204034440109390044    
20170204034440109390151    
