201708092149300170100120   
20170809214930017010245    
20170809214930017010134    
201708092236580186100120   
20170809223658018610061    
201708092251270240100160   
20170809225127024010132    
20170809225127024015991    
20170809225127024010061    
20170809225127024013691    
20170809225127024010111    
20170809225127024010571    
20170809230009021610181    
20170809230009021610292    
20170809230009021610302    
20170809230009021610311    
201708092300090216100220   
201708092335411134100120   
20170809233541113410061    
20170809233541113410131    
201708092349121444100120   
20170809234912144410061    
201708100005160594100280   
20170810000516059410134    
20170810000516059415994    
20170810000516059410073    
20170810000516059410112    
20170810000516059410401    
20170810000516059410101    
20170810000516059410141    
201708100050021454100120   
201708100107192064100120   
20170810010719206410111    
20170810010719206410132    
201708100107192064102410   
201708100107192064102910   
201708100107192064105210   
201708100107192064105310   
20170810010719206413395    
20170810011734056413493    
201708100117340564100140   
20170810011734056410132    
20170810011734056410141    
201708100133340136100120   
20170810013334013610141    
201708100135261364100160   
20170810013526136410061    
20170810013526136410131    
20170810013526136410141    
20170810013526136410293    
20170810013526136410301    
20170810013526136410311    
20170810013526136415991    
201708100135301334100180   
20170810013530133410134    
20170810013530133410061    
20170810013530133410302    
20170810013530133410312    
20170810013530133413493    
20170810013530133410432    
20170810013530133410502    
201708100144090156100140   
20170810014409015610061    
20170810014409015610131    
201708100158370914100160   
20170810015837091410221    
20170810015837091415993    
20170810020401024910111    
20170810020401024910221    
20170810020401024915991    
201708100204010249100240   
201708100210300211100160   
20170810021030021110133    
20170810021030021110141    
201708100213150201100160   
20170810021315020110061    
20170810021315020110131    
20170810021315020110221    
20170810021315020115991    
20170810022649135410131    
20170810022649135410181    
20170810022649135415991    
201708100226491354100280   
201708100253300244100140   
20170810025330024410132    
20170810025330024410141    
201708100301170223100140   
20170810030117022310134    
20170810030117022310141    
201708100319391724100140   
20170810031939172410281    
20170810031939172410293    
20170810031939172410302    
20170810031939172410312    
20170810031939172410443    
20170810031939172411101    
20170810031939172413491    
201708100319391724196910   
20170810031939172419992    
201708100347340584100140   
20170810034734058410071    
20170810034734058410131    
20170810034734058410141    
20170810034734058410171    
20170810034734058410221    
20170810034734058415991    
201708100441021854100160   
20170810044102185410133    
20170810044102185410181    
20170810044102185410293    
20170810044102185410571    
20170810044102185416991    
20170810044102185470005    
