20170418002628200310141    
20170418002628200310172    
20170418002628200310255    
20170418002628200310276    
20170418002628200310321    
20170418002628200310345    
20170418002628200310351    
20170418002628200310382    
20170418002628200310421    
20170418002628200310581    
20170418002628200310611    
20170418002628200310633    
20170418002628200310661    
20170418002628200310671    
20170418002628200310681    
20170418002628200310821    
20170418002628200315291    
20170418002628200315401    
20170418002628200320401    
20170418002628200330013    
20170418002628200330052    
20170418002628200330071    
20170418002628200330193    
20170418002628200330203    
