20171212223540703251181    
20171212223540703250221    
20171212223540703250625    
20171212223540703251271    
20171212223540703250141    
20171212223540703250071    
20171212223540703250342    
20171212223540703250682    
20171212223540703250043    
20171212223540703250051    
201712122235407032500115   
20171212230045705350018    
20171212230045705350041    
20171212230045705350051    
20171212230045705350061    
20171212230045705350071    
20171212230045705350221    
20171212231301103830062    
20171212231301103830321    
20171212231301103830561    
20171212231301103831141    
20171212231301103831262    
20171212231301103831367    
20171212231301103831452    
201712122336387002500115   
20171212233638700250042    
20171212233638700250052    
20171212233638700250071    
20171212233638700250091    
20171212233638700250133    
20171212233638700250183    
20171212233638700250221    
20171212233638700250411    
20171212233638700251051    
20171212233638700251271    
201712130101007068500110   
20171213010100706850133    
20171213010100706851063    
20171213011900103130016    
20171213012633700950015    
20171213012633700950041    
20171213012633700950051    
20171213012633700950071    
201712130126337009501324   
20171213012633700950183    
20171213012633700950192    
20171213012633700950231    
20171213012633700950241    
20171213012633700950253    
201712130126337009503410   
20171213012633700950411    
20171213012633700950832    
20171213012633700951052    
20171213014453103031581    
20171213014453103031034    
20171213014453103050772    
20171213014453103050982    
