201703082324150343110210   
201703082324150343110310   
20170308232415034311053    
20170308232415034311061    
20170308232415034313083    
20170308232415034315061    
20170308232415034315071    
20170308232415034317031    
20170308232415034317291    
20170308232415034317471    
201703082330220010110210   
20170308233022001011063    
20170308233022001013011    
20170308233022001013085    
20170308233022001017031    
20170309003428008812141    
20170309003428008812135    
20170309003428008821031    
201703090034280088110110   
201703090046520210110230   
20170309004652021011052    
20170309004652021011073    
20170309004652021013012    
20170309004652021015015    
20170309004652021017011    
20170309004652021011081    
20170309004652021022031    
20170309004652021017351    
20170309004652021011263    
20170309005249032211062    
20170309005249032212131    
20170309005249032212143    
20170309005249032217351    
20170309005249032217431    
201703090107160156110215   
20170309010716015613011    
20170309010716015611054    
20170309010716015611062    
20170309010716015615142    
201703090108280055110110   
20170309010828005513011    
20170309010828005517441    
201703090114010190110120   
20170309011401019013012    
20170309011401019017191    
20170309011401019012134    
201703090115010065110110   
20170309011501006513011    
20170309011501006521081    
201703090117270242110210   
20170309011727024211053    
20170309011727024211065    
20170309011727024217041    
201703090127440284110210   
20170309012744028411052    
20170309012744028412132    
201703090141010069110310   
20170309014101006911062    
20170309014101006914011    
201703090152160029110210   
20170309015216002912136    
20170309015216002913011    
20170309015216002915061    
20170309015216002917061    
20170309015216002921062    
201703090158580247110210   
20170309015858024711035    
201703090210060087110310   
20170309021006008713011    
201703090222420237110320   
20170309022242023711053    
20170309022242023721061    
201703090236370071110210   
20170309023637007117351    
201703090236370071110310   
201703090305320125110110   
201703090305320125110210   
20170309030532012517361    
20170309030532012513012    
20170309030532012512062    
201703090315560279110310   
20170309031556027911053    
20170309031556027911061    
20170309031556027911071    
20170309031556027913011    
20170309032131018111062    
20170309032131018112134    
20170309032131018112141    
20170309032131018117291    
20170309032131018119221    
20170309032131018115061    
20170309032131018118031    
201703090328300073110210   
20170309032830007311052    
20170309032830007319221    
20170309032830007319231    
201703090330040076110210   
20170309033004007611051    
20170309033004007612142    
201703090332320222110210   
20170309033232022211035    
20170309033232022213011    
