20171201134958806410014    
20171201134958806410058    
20171201134958806410521    
20171201134958806410541    
20171201134958806410641    
20171201134958806416121    
201712011349588064161512   
20171201134958806420032    
201712011349588064200613   
20171201134958806420072    
20171201134958806420106    
20171201134958806420122    
20171201140037814020031    
201712011400378140200610   
20171201140037814020071    
20171201140037814050041    
20171201140037814050051    
20171201140037814010056    
20171201140037814010301    
20171201140037814016121    
201712011400378140161512   
20171201140037814010541    
20171201140037814010631    
20171201140037814020102    
20171201140037814020111    
20171201140037814020121    
20171201141140806910016    
20171201141140806910055    
201712011411408069161510   
20171201141140806920035    
201712011411408069200615   
20171201141140806920074    
20171201141140806920081    
201712011411408069201010   
20171201141140806920112    
201712011433318058100512   
20171201143331805810261    
20171201143331805810311    
20171201143331805810521    
20171201143331805810542    
20171201143331805810631    
20171201143331805810681    
20171201143331805810741    
20171201143331805816121    
201712011433318058161512   
20171201143331805820031    
201712011433318058200610   
20171201143331805820072    
20171201143331805820103    
20171201143331805850021    
20171201143331805850181    
20171201143656814110018    
20171201143656814110021    
20171201143656814110122    
20171201143656814110266    
20171201143656814120037    
201712011436568141200610   
20171201143656814120081    
20171201143656814150024    
201712011436568141100514   
20171201143656814110302    
20171201143656814110392    
20171201143656814110411    
201712011436568141161515   
20171201143656814110551    
20171201143656814110611    
20171201143656814110643    
20171201143656814120107    
20171201143656814120112    
20171201143656814110746    
20171201145107809010013    
201712011451078090100550   
20171201145107809010081    
20171201145107809010263    
20171201145107809010301    
20171201145107809010371    
20171201145107809010524    
20171201145107809010743    
20171201145107809016122    
201712011451078090161540   
20171201145107809020033    
201712011451078090200630   
20171201145107809020074    
20171201145107809020081    
20171201145107809020108    
20171201145107809020112    
20171201145107809020122    
201712011451078090300210   
20171201145107809030051    
20171201145107809050021    
20171201145107809050101    
20171201145431700190026    
20171201145431700190044    
20171201145431700190054    
20171201145431700190093    
20171201145431700190122    
20171201145431700190132    
20171201145431700190162    
20171201145431700190176    
20171201145431700190251    
20171201145431700190304    
20171201145431700190373    
20171201145431700190404    
20171201150849804610021    
20171201150849804610312    
20171201150849804610522    
20171201150849804616121    
201712011508498046161520   
20171201150849804620031    
201712011508498046200620   
20171201150849804620081    
20171201150849804620106    
20171201151142815410012    
20171201151142815410261    
20171201151142815420031    
20171201151142815420066    
20171201151142815420071    
20171201151142815420081    
20171201151142815450101    
20171201151142815410055    
20171201151142815410311    
20171201151142815410521    
201712011511428154161510   
20171201151142815420101    
20171201151142815420111    
20171201153905813910012    
20171201153905813910121    
20171201153905813910261    
20171201153905813920067    
20171201153905813920071    
201712011539058139100510   
20171201153905813910302    
20171201153905813916121    
20171201153905813916159    
20171201153905813920105    
20171201154413815710031    
20171201154413815720033    
201712011544138157200610   
20171201154413815720072    
20171201154413815750022    
20171201154413815730013    
20171201154413815710058    
20171201154413815710302    
20171201154413815710392    
20171201154413815710521    
20171201154413815716158    
20171201154413815710642    
20171201154413815720104    
20171201154413815710731    
20171201154413815720123    
20171201155013801510526    
201712011550138015161510   
201712011550138015100110   
20171201155013801510271    
20171201155013801510031    
20171201155013801510053    
20171201155013801510391    
20171201155013801550113    
20171201155013801520031    
20171201155013801520107    
201712011550138015200614   
20171201155013801520072    
20171201155013801530051    
201712011609027002910310   
20171201160902700291044    
20171201160902700291052    
20171201160902700291174    
20171201160902700291492    
20171201160933700291022    
201712011610428079100113   
20171201161042807910021    
20171201161042807910031    
201712011610428079100520   
20171201161042807910071    
20171201161042807910091    
20171201161042807910121    
20171201161042807910266    
20171201161042807910302    
20171201161042807910313    
20171201161042807910372    
20171201161042807910392    
20171201161042807910522    
20171201161042807910632    
20171201161042807910642    
20171201161042807910681    
20171201161042807916122    
201712011610428079161530   
20171201161042807920037    
201712011610428079200630   
20171201161042807920074    
20171201161042807920081    
201712011610428079201010   
20171201161042807920114    
20171201161042807920123    
20171201161042807930012    
20171201161042807940082    
20171201161042807950022    
20171201161443815610262    
20171201161443815620031    
20171201161443815620041    
20171201161443815620068    
20171201161443815620072    
20171201161443815640101    
20171201161443815650091    
20171201161443815650101    
20171201161443815610057    
20171201161443815610301    
20171201161443815610311    
20171201161443815610371    
20171201161443815610391    
20171201161443815610522    
201712011614438156161514   
20171201161443815610542    
20171201161443815610644    
20171201161443815620103    
20171201161443815620121    
20171201161843805210013    
20171201161843805210021    
201712011618438052100513   
20171201161843805210524    
20171201161843805216121    
201712011618438052161510   
20171201161843805220034    
201712011618438052200620   
20171201161843805220081    
20171201161843805220104    
20171201161843805220112    
20171201161843805230011    
20171201161843805250021    
20171201161843805260121    
20171201162351813210012    
20171201162351813210121    
20171201162351813210151    
20171201162351813210261    
20171201162351813220032    
201712011623518132200610   
20171201162351813220072    
20171201162351813250011    
20171201162351813250021    
201712011623518132100510   
20171201162351813210312    
20171201162351813210372    
20171201162351813210392    
20171201162351813210421    
20171201162351813210522    
20171201162351813216122    
201712011623518132161514   
20171201162351813210631    
20171201162351813210643    
20171201162351813210691    
20171201162351813220101    
20171201163249811410052    
20171201163249811416153    
20171201163556814140086    
20171201163646808110015    
20171201163646808120032    
201712011636468081200615   
20171201163646808120071    
20171201163646808150031    
20171201163646808110053    
20171201163646808110521    
20171201163646808116121    
201712011636468081161515   
20171201163646808120105    
20171201163646808120111    
20171201163646808110731    
201712011637158124100518   
20171201163715812410071    
20171201163715812410262    
20171201163715812410304    
20171201163715812410312    
20171201163715812410372    
20171201163715812410392    
20171201163715812410441    
20171201163715812410525    
20171201163715812410621    
20171201163715812410631    
20171201163715812410642    
20171201163715812416122    
201712011637158124161513   
201712011637158124200624   
20171201163715812420075    
20171201163715812420081    
20171201163715812420109    
20171201163715812420123    
20171201163715812440071    
20171201163715812450041    
20171201163715812450091    
20171201163715812450101    
20171201163715812450111    
201712011641548097100126   
20171201164154809710033    
20171201164154809710523    
20171201164154809716126    
201712011641548097161587   
20171201164154809720083    
201712011641548097201023   
20171201164304811810013    
20171201164304811810031    
20171201164304811810071    
201712011643048118200615   
20171201164304811820073    
20171201164304811850031    
20171201164304811850111    
20171201164304811810056    
20171201164304811810372    
20171201164304811810391    
20171201164304811810521    
201712011643048118161515   
20171201164304811810641    
20171201164304811820103    
20171201164304811820111    
20171201164304811820122    
20171201170418814116155    
20171201171026806510055    
20171201171026806510071    
20171201171026806510311    
20171201171026806510391    
20171201171026806510523    
20171201171026806516122    
201712011710268065161510   
201712011710268065200615   
20171201171026806520073    
20171201171026806520081    
20171201171026806530012    
20171201171622814610015    
20171201171622814610031    
20171201171622814610071    
20171201171622814610262    
20171201171622814620032    
201712011716228146200613   
20171201171622814620071    
201712011716228146100520   
20171201171622814610302    
20171201171622814610311    
20171201171622814610372    
20171201171622814616122    
201712011716228146161525   
20171201171622814620105    
20171201171622814620112    
20171201171622814620122    
20171201175700815710021    
