20170830105757102610012    
201708301057571026100211   
20170830105757102610041    
20170830105757102610051    
20170830105757102610102    
20170830105757102611023    
20170830105757102611043    
20170830105757102611073    
20170830105757102611081    
20170830105757102612024    
20170830105757102613018    
20170830105757102613021    
20170830105757102615031    
20170830105757102615071    
20170830105757102616011    
20170830105757102617021    
20170830105757102620111    
20170830105757102620131    
20170830110715100910011    
201708301107151009100210   
20170830110715100910081    
201708301107151009120210   
20170830110715100913017    
20170830110715100913021    
20170830110715100913051    
20170830110715100915011    
20170830110715100915031    
20170830110715100915042    
20170830110715100920021    
20170830113628100610012    
201708301136281006100210   
20170830113628100611051    
20170830113628100612022    
201708301136281006130110   
20170830113628100613022    
20170830113628100617031    
20170830113628100618021    
20170830120048102710015    
20170830120048102710025    
20170830120048102710061    
20170830120048102711025    
20170830120048102711042    
20170830120048102711083    
20170830120048102712012    
20170830120048102712025    
20170830120048102712053    
20170830120048102713015    
20170830120048102713022    
20170830120048102715022    
20170830120048102715031    
20170830120048102715041    
20170830120048102716011    
20170830120048102716021    
20170830120145101310013    
20170830120145101310024    
20170830120145101310031    
20170830120145101310101    
20170830120145101311022    
20170830120145101311031    
20170830120145101311042    
20170830120145101311061    
20170830120145101311081    
20170830120145101312011    
20170830120145101312022    
20170830120145101313014    
20170830120145101313021    
20170830120145101315011    
20170830120145101315021    
20170830120145101315031    
20170830120145101316011    
20170830120145101320021    
20170830120839100110015    
201708301208391001100210   
20170830120839100110031    
20170830120839100110041    
20170830120839100111011    
20170830120839100111086    
201708301208391001130110   
20170830120839100113022    
20170830120839100115061    
20170830123243100710022    
20170830123243100711021    
20170830123243100713011    
20170830123243100713021    
20170830123243100719023    
20170830123301101110013    
201708301233011011100212   
20170830123301101110041    
20170830123301101110081    
20170830123301101110102    
20170830123301101111011    
20170830123301101111031    
20170830123301101111085    
201708301233011011120212   
20170830123301101115011    
20170830123301101115021    
20170830123301101115031    
20170830123336102310012    
20170830123336102310028    
20170830123336102310041    
20170830123336102310102    
20170830123336102311011    
20170830123336102311023    
20170830123336102311031    
20170830123336102311042    
20170830123336102311071    
20170830123336102312024    
20170830123336102313015    
20170830123336102315011    
20170830123336102315022    
20170830123336102315042    
20170830123336102320171    
20170830124756100810014    
201708301247561008100214   
20170830124756100810041    
20170830124756100810101    
20170830124756100811011    
20170830124756100811023    
20170830124756100811032    
20170830124756100811043    
20170830124756100811051    
20170830124756100811083    
20170830124756100812013    
20170830124756100812025    
20170830124756100812032    
201708301247561008130110   
20170830124756100813024    
20170830124756100815011    
20170830124756100816014    
20170830124756100816021    
20170830124756100818013    
20170830124756100820021    
20170830124924102711061    
201708310702321017100220   
20170831070232101711011    
201708310702321017110210   
20170831070232101711045    
20170831070232101711051    
20170831070232101711061    
20170831070232101711083    
201708310702321017120110   
201708310702321017130110   
201708310911251028100110   
201708310911251028100220   
201708310911251028120110   
201708310911251028130125   
20170831091125102814011    
20170831091125102818013    
20170831102923102010015    
201708311029231020100215   
20170831102923102010041    
20170831102923102011011    
20170831102923102011043    
20170831102923102011072    
20170831102923102011082    
20170831102923102012015    
20170831102923102012025    
201708311029231020130115   
20170831102923102015012    
20170831102923102015023    
20170831102923102018012    
20170831102923102019011    
201708311029231020190210   
20170831102923102020022    
20170831102934102410013    
201708311029341024100224   
20170831102934102410041    
20170831102934102410081    
20170831102934102411011    
20170831102934102411025    
20170831102934102411032    
20170831102934102411043    
20170831102934102411082    
20170831102934102412025    
20170831102934102412031    
20170831102934102413015    
20170831102934102415031    
20170831102934102415041    
201708311029341024190220   
20170831102934102430021    
20170831103339102110013    
20170831103339102110028    
20170831103339102110101    
20170831103339102111023    
20170831103339102111042    
20170831103339102111051    
20170831103339102111071    
20170831103339102111081    
20170831103339102112011    
20170831103339102112023    
20170831103339102112031    
20170831103339102113014    
20170831103339102113022    
20170831103339102113061    
20170831103339102115011    
20170831103339102115031    
20170831103339102115101    
20170831103339102116016    
20170831103339102120021    
20170831103412101715033    
20170831104019101810015    
201708311040191018100220   
20170831104019101811025    
20170831104019101815032    
20170831105109101610012    
201708311051091016100210   
20170831105109101611011    
20170831105109101611023    
20170831105109101611081    
20170831105109101613015    
20170831105109101614011    
20170831105109101616012    
20170831105109101617012    
20170831110945102210013    
201708311109451022100217   
20170831110945102210041    
20170831110945102211011    
20170831110945102211025    
20170831110945102211043    
20170831110945102211051    
20170831110945102211081    
201708311109451022120210   
201708311109451022130112   
20170831110945102213021    
20170831110945102215011    
20170831110945102215021    
20170831110945102215041    
20170831110945102218011    
20170831110945102220021    
20170831110945102220131    
20170831110945102230021    
20170831113823101910013    
201708311138231019100210   
20170831113823101910042    
20170831113823101911083    
201708311138231019120110   
201708311138231019130110   
20170831113823101918031    
20170831113823101918041    
201708311323301014100210   
20170831132330101411023    
20170831132330101411042    
20170831132330101411082    
20170831132330101412025    
20170831132330101413013    
