20170507192901113210366    
20170507192901113210372    
20170507192901113210391    
20170507192901113220025    
20170507192901113230221    
20170507192901113250082    
20170507192901113260142    
201705071929011132919320   
20170507192901113291941    
20170507192901113291986    
20170507192901113292153    
20170507204543108210143    
20170507204543108220016    
20170507204543108220023    
20170507204543108230224    
20170507204543108230642    
20170507204543108240081    
20170507204543108240125    
20170507204543108240191    
20170507204543108240201    
20170507204543108240321    
20170507204543108250041    
20170507204543108250051    
20170507204543108250081    
20170507204543108260041    
20170507204543108260212    
20170507204543108260252    
201705072045431082607810   
20170507205815110510373    
20170507205815110520025    
20170507205815110530061    
20170507205815110530221    
20170507205815110530311    
20170507205815110540271    
20170507205815110550131    
20170507205815110560121    
20170507205815110560261    
20170507205815110560361    
20170507205815110560552    
20170507205815110592153    
20170507205815110592902    
20170507212519114210372    
20170507212519114220023    
20170507212519114240115    
20170507212519114250011    
20170507212519114260052    
2017050721251911429196150  
20170507212519114292142    
201705072125191142923315   
20170507212935110910014    
20170507212935110910174    
20170507212935110910292    
20170507212935110930221    
20170507212935110930231    
20170507212935110930274    
20170507212935110930286    
20170507212935110930292    
20170507212935110930312    
20170507212935110930641    
20170507212935110940271    
20170507212935110950011    
20170507212935110950071    
20170507212935110950081    
20170507212935110960061    
20170507212935110960201    
20170507212935110960232    
20170507212935110960251    
20170507212935110960281    
20170507212935110960292    
201705072129351109919315   
20170507224708111010013    
20170507224708111010131    
20170507224708111010173    
20170507224708111010295    
20170507224708111020023    
20170507224708111020061    
20170507224708111030031    
20170507224708111030104    
20170507224708111030223    
20170507224708111030231    
20170507224708111030292    
20170507224708111030312    
20170507224708111030641    
20170507224708111040262    
20170507224708111050011    
20170507224708111060261    
20170507224708111060293    
20170508000034112710015    
20170508000034112710132    
20170508000034112710173    
20170508000034112730102    
20170508000034112730123    
20170508000034112730222    
20170508000034112730312    
20170508000034112730491    
20170508000034112730512    
20170508000034112730641    
20170508000034112740181    
20170508000034112740231    
20170508000034112740271    
20170508000034112760023    
20170508000034112760121    
20170508000034112760171    
20170508000034112760281    
201705080000341127919310   
20170508000034112792441    
20170508000034112792903    
20170508001055114010371    
20170508001055114030241    
20170508001055114030641    
