20170106220155034811052    
20170106220155034811065    
201701062243020116110120   
20170106224302011615131    
20170106224302011617641    
201701062258330123110110   
201701062258330123110210   
20170106225833012313011    
201701062345480322110310   
20170106234548032211052    
20170106234548032211062    
20170106234548032211162    
20170106234548032213011    
20170106234548032213082    
20170106234548032217431    
201701070008400345110210   
20170107000840034511051    
20170107000840034511063    
201701070008400345110310   
201701070015590343110230   
20170107001559034311035    
20170107001559034311053    
20170107001559034315061    
20170107001559034319201    
201701070027170231110210   
20170107002717023111052    
20170107002717023113012    
20170107002717023115062    
20170107002717023117642    
201701070036520156110240   
20170107003652015613012    
20170107003652015611056    
20170107003652015611068    
20170107003652015612132    
201701070041450011110120   
20170107004145001114011    
20170107004145001117041    
20170107004145001112122    
201701070108420088110120   
20170107010842008811052    
20170107010842008811061    
20170107010842008813011    
20170107010842008817031    
20170107010842008817421    
20170107010842008817351    
20170107010842008819221    
201701070121510029110210   
20170107012151002913011    
20170107012151002917031    
20170107012151002918141    
201701070124110069110210   
201701070124110069110310   
20170107012411006911053    
20170107012411006911065    
20170107012411006913011    
20170107012411006917011    
20170107012411006922031    
201701070128360247110220   
20170107012836024711054    
20170107012836024711063    
20170107012836024713012    
201701070128360247110310   
20170107012836024717421    
20170107012836024717451    
20170107012836024717441    
20170107012836024717521    
20170107012836024716101    
20170107012836024712134    
201701070139250065110110   
20170107013925006511051    
20170107013925006511261    
201701070153290284110230   
20170107015329028411053    
20170107015329028415061    
20170107015329028415132    
20170107015329028417031    
20170107015329028417421    
20170107015329028417471    
201701070159230210110220   
20170107015923021011065    
20170107015923021013012    
20170107015923021015015    
20170107015923021017011    
201701070201450242110230   
20170107020145024211055    
20170107020145024211065    
20170107020145024219221    
20170107020145024219232    
20170107020145024211263    
201701070204260150110110   
201701070209120190110120   
20170107020912019013012    
20170107021119004111055    
20170107021119004115045    
201701070211190041110310   
201701070221260071110210   
20170107022126007111053    
20170107022126007113011    
20170107022126007117212    
20170107022126007119201    
20170107022126007117351    
201701070221260071110310   
20170107022126007117421    
20170107022126007117451    
20170107022126007115061    
20170107022126007117641    
201701070225400320110220   
20170107022540032013012    
20170107022540032017031    
20170107022540032017291    
20170107022540032017421    
20170107022540032019221    
201701070239210303110210   
20170107023921030311165    
20170107023921030311262    
201701070242210279110320   
20170107024221027911053    
20170107024221027911062    
20170107024221027913012    
20170107024221027917351    
20170107024221027917421    
20170107024221027917451    
20170107024221027913083    
201701070243030055110110   
20170107024303005511052    
20170107024303005511062    
201701070247050237110330   
20170107024705023711052    
20170107024705023713011    
20170107024705023712134    
20170107024705023717031    
20170107024705023718071    
20170107024705023717421    
20170107024705023717351    
201701070255410087110320   
20170107025541008711051    
20170107025541008712133    
20170107025541008713011    
20170107025541008717031    
20170107025541008717351    
201701070304400222110210   
201701070304400222110310   
20170107030440022211062    
20170107030440022211052    
20170107030440022213011    
20170107030440022215134    
20170107030440022217351    
20170107030440022212142    
201701070317190076110210   
20170107031719007611052    
20170107031719007619201    
20170107031719007617291    
201701070326130121110210   
20170107032613012113011    
20170107032613012115013    
20170107032613012111063    
20170107032613012115043    
20170107033050008711051    
20170107033050008717301    
201701070346330185110210   
20170107034633018511064    
20170107034633018515013    
20170107034633018511081    
20170107034633018511261    
201701070352000181110210   
201701070352000181110310   
20170107035200018111053    
20170107035200018111063    
20170107035200018113012    
20170107035200018113091    
20170107035200018115013    
20170107035200018111261    
201701070353450327110210   
201701070353450327110310   
20170107035345032711054    
20170107035345032711061    
20170107035345032713084    
20170107035345032715131    
201701070354480073110230   
20170107035448007311065    
20170107035448007313012    
