201706012303370040001115   
20170601230337004000142    
20170601230337004000585    
20170601230337004001111    
201706012339500636000210   
201706012339500636006210   
201706012339500636060110   
20170601234122131000113    
20170601234122131000143    
20170601234122131001071    
201706012354350901006330   
20170601235435090100701    
20170601235435090100711    
20170601235435090101072    
20170601235435090101114    
20170601235435090101151    
201706012354350901031740   
20170601235435090106014    
201706020051251354001140   
20170602005125135401111    
20170602005125135402181    
20170602005125135400295    
201706020144290051000410   
20170602014429005102181    
20170602014429005106015    
201706020144290051007520   
20170602015839063001062    
201706020158390630000420   
20170602015839063000142    
20170602015839063000741    
20170602015839063001112    
201706020200090400005850   
20170602020009040000712    
201706020200090400010610   
20170602020009040001112    
201706020214261358031715   
20170602024419135000047    
20170602024419135000302    
20170602024419135000711    
20170602024419135000921    
201706020244191350010610   
20170602024419135001111    
201706020304200815000220   
20170602034701001800041    
20170602034701001800143    
201706020347010018001113   
201706020407261408005810   
201706020625242002005815   
20170602062524200200625    
20170602062524200200712    
20170602062524200201111    
201706020625530024000415   
20170602062553002401111    
20170602062553002401171    
20170602062553002406016    
20170602062553002406241    
201706020626090025001110   
201706020626290005001110   
20170602062629000500131    
20170602062629000500141    
20170602062629000501111    
20170602062652139900137    
20170602062652139900148    
20170602062652139902181    
201706020626521399060110   
20170602062721004102181    
201706020627210041031515   
20170602062721004103181    
20170602062721004106012    
20170602062737003503195    
20170602062840140100774    
201706020628401401007980   
201706020628401401008015   
20170602062840140103184    
20170602062925001600183    
20170602062925001600774    
2017060206292500160079200  
201706020629250016008010   
20170602062925001601254    
20170602062925001603184    
20170602063007050300315    
201706020630070503005820   
20170602063007050300761    
20170602063007050301112    
20170602063029135300142    
20170602063029135300761    
20170602063029135301111    
201706020638150080000450   
20170602063815008000921    
20170602063815008001112    
