20171217154335200111016    
20171217154335200111025    
20171217154335200111061    
20171217154335200111132    
20171217154335200112031    
20171217154335200112061    
20171217164725201211012    
20171217164725201211021    
20171217164750201411012    
20171217164750201411021    
20171217164750201412022    
20171217173332301111012    
20171217173332301111021    
20171217185600300711023    
20171217185600300711012    
20171217192315201011021    
20171217192315201011041    
201712171923152010111110   
20171217192315201011011    
20171217194455301411012    
20171217194455301411022    
20171217201231302011012    
20171217201231302011021    
20171217201231302011051    
20171217201505200811011    
20171217201505200811021    
20171217202711200511012    
20171217202711200511021    
20171217204025200411011    
20171217204025200411021    
