20170131103947100310022    
20170131103947100310041    
20170131103947100311051    
20170131103947100311081    
20170131103947100312022    
20170131103947100313061    
20170131103947100315021    
20170131103947100317011    
20170131103947100320041    
201701311129021022100210   
20170131112902102210041    
20170131112902102210091    
20170131112902102211051    
20170131112902102211081    
20170131112902102212012    
20170131112902102212025    
20170131112902102212031    
20170131112902102213015    
20170131112902102213022    
20170131112902102215011    
20170131112902102220021    
20170131112902102230021    
201701311157261014100210   
20170131115726101411011    
20170131115726101411022    
20170131115726101411041    
20170131115726101411081    
20170131115726101412012    
201701311157261014120210   
20170131115726101412031    
20170131115726101413016    
20170131115726101413021    
20170131115726101415021    
20170131115726101415031    
20170131115726101420021    
20170131115726101420051    
20170131115726101420071    
20170131115726101411091    
