20170611010638400210636    
20170611010638400210681    
20170611010638400210921    
20170611010638400217013    
20170611010638400220021    
20170611010638400220052    
20170611010638400220401    
20170611010638400220461    
20170611010638400230014    
20170611010638400230052    
20170611010638400230112    
20170611010638400230451    
20170611010638400230891    
20170612013023400110681    
20170612013023400110954    
20170612013023400110971    
20170612013023400130271    
20170612013023400130891    
