20170423000741101810015    
201704230007411018100210   
201704230007411018120110   
20170423000741101814011    
20170423000741101830023    
201704230814461019100215   
20170423081446101910042    
20170423081446101911012    
20170423081446101911045    
201704230814461019130110   
20170423081446101916022    
20170423084619101710016    
201704230846191017100215   
20170423084619101711011    
201704230846191017110210   
20170423084619101711083    
201704230846191017130115   
20170423084619101713022    
20170423084619101714011    
20170423084619101715061    
20170423084619101715081    
20170423093700102010015    
201704230937001020100220   
20170423093700102010041    
20170423093700102011011    
201704230937001020110210   
20170423093700102011043    
20170423093700102011083    
20170423093700102013015    
20170423093700102013021    
20170423093700102015032    
20170423093700102017011    
20170423093700102018013    
20170423094214102010081    
20170423105420102110024    
20170423105420102110041    
20170423105420102110101    
20170423105420102111022    
20170423105420102111042    
20170423105420102113014    
20170423105420102113021    
20170423111058101410025    
20170423111058101412023    
20170423111058101413012    
20170423111058101415011    
20170423111058101411092    
20170423112121102210014    
201704231121211022100220   
20170423112121102210041    
20170423112121102211011    
20170423112121102211025    
20170423112121102211043    
20170423112121102211051    
20170423112121102211061    
20170423112121102211081    
20170423112121102212012    
201704231121211022120212   
20170423112121102212051    
201704231121211022130115   
20170423112121102213022    
20170423112121102215021    
20170423112121102215041    
20170423112121102217011    
20170423112121102217021    
20170423112121102218012    
20170423112121102220052    
20170423112121102230021    
