20170301105540007200032    
20170301105540007200041    
20170301105540007200108    
20170301112144800002011    
20170301115317025800032    
20170301115317025800042    
20170301115317025800221    
20170301115317025800731    
20170301115317025800105    
20170301115317025800281    
20170301115317025840113    
20170301115317025840171    
20170301115317025800072    
20170301115317025840391    
20170301115317025802041    
20170301134732027600031    
20170301134732027600041    
20170301134732027600211    
20170301134732027600572    
20170301134732027600103    
20170301134732027605021    
20170301134732027605032    
20170301134732027680032    
20170301135658019800038    
20170301135658019800048    
201703011356580198001014   
20170301135658019800731    
20170301140252009500107    
20170301140252009500043    
20170301140252009500072    
20170301140252009500571    
20170301140252009500401    
20170301140252009500034    
20170301140419000300031    
20170301140419000300102    
20170301140419000300041    
20170301140419000300071    
20170301140419000300201    
20170301140419000300301    
20170301140419000305123    
20170301140419000305161    
20170301140518025100101    
20170301140518025100031    
20170301140518025100072    
20170301140518025100201    
20170301140518025100211    
201703011405180251405510   
20170301140518025180014    
20170301140518025105021    
20170301140518025105032    
20170301140518025105121    
20170301140518025105152    
20170301140518025105162    
20170301140518025140391    
20170301140518025105201    
20170301140518025102041    
20170301141415008900033    
20170301141415008900042    
20170301141415008900105    
20170301141415008900081    
20170301141415008900062    
20170301141415008905154    
20170301141415008905172    
20170301141415008905043    
20170301141415008900211    
20170301141415008980031    
20170301141432022900103    
20170301141432022900031    
20170301141432022900041    
20170301141432022900081    
20170301141432022900071    
20170301141432022900721    
20170301141432022900731    
20170301141432022905032    
20170301141432022905075    
20170301141432022905081    
20170301141432022905131    
20170301142401007900106    
20170301142401007900032    
20170301142401007900042    
20170301142401007900731    
20170301142401007905152    
20170301143927002700032    
20170301143927002700042    
20170301143927002700103    
20170301143928021300211    
20170301143928021300631    
20170301143928021300721    
20170301143928021300751    
20170301143928021300301    
20170301143928021305021    
20170301143928021305032    
20170301143928021305122    
20170301143928021340113    
20170301143928021305202    
20170301143928021340535    
20170301143928021300062    
20170301143928021300076    
20170301143928021340391    
20170301144612016900105    
20170301144612016900032    
20170301144612016900042    
20170301144612016900571    
20170301144652014400106    
20170301144652014400033    
20170301144652014400043    
20170301144652014400571    
20170301144652014402041    
20170301144652014405081    
20170301144652014405043    
20170301144652014405021    
20170301144652014405031    
20170301144652014405162    
20170301144652014405151    
20170301145339005700032    
20170301145339005700042    
20170301145339005700104    
20170301145339005700571    
20170301145447006600035    
20170301145447006600045    
20170301145447006600401    
20170301145447006600431    
201703011454470066001010   
20170301150031006300105    
20170301150031006300033    
20170301150031006300042    
20170301150031006300571    
20170301150031006300062    
20170301150031006300074    
20170301150031006300201    
20170301150031006300212    
20170301150031006300221    
20170301150031006300301    
20170301150031006300771    
20170301150031006300581    
20170301150135016105142    
20170301150135016140021    
20170301150135016140011    
20170301150135016102042    
20170301150147022300401    
20170301150147022300031    
20170301150147022300101    
20170301150147022305152    
20170301150147022305032    
20170301150147022300062    
20170301150147022305172    
20170301150147022305021    
20170301150147022340391    
20170301150147022300281    
20170301150147022300221    
20170301150147022300201    
20170301150147022340211    
20170301150147022305203    
20170301150153024802011    
201703011501530248001010   
20170301150153024800035    
20170301150153024800044    
20170301150153024800571    
20170301150153024800081    
20170301150153024800064    
20170301150153024800074    
20170301150153024800201    
20170301150153024802041    
20170301150153024800631    
20170301150153024800721    
20170301150153024805041    
20170301150153024805081    
20170301150153024805145    
201703011501530248051510   
20170301150153024805161    
20170301150153024840171    
201703011502380063405310   
201703011502380063405520   
20170301150238006380018    
20170301150238006380024    
20170301150238006380041    
20170301150238006305011    
20170301150238006305022    
20170301150238006305042    
20170301150238006305081    
20170301150238006305125    
20170301150238006305143    
20170301150238006305152    
20170301150238006340021    
20170301150238006340113    
20170301150238006340141    
20170301150238006340391    
20170301150301015600108    
20170301150301015600033    
20170301150301015600042    
20170301150301015600062    
20170301150301015600071    
20170301150301015600202    
20170301150301015600221    
20170301150301015600751    
20170301150301015600401    
20170301150301015600421    
20170301150301015640525    
20170301150301015640532    
20170301150301015605031    
20170301150301015605042    
20170301150301015605081    
20170301150301015605123    
20170301150301015605152    
20170301150301015605164    
20170301150301015605203    
20170301150345007600031    
20170301150345007600041    
20170301150345007600102    
20170301150345007600571    
20170301150345007605151    
20170301150345007605162    
20170301150345007600251    
20170301150547013300102    
20170301150547013300031    
20170301150547013300041    
20170301150547013300075    
20170301150547013300062    
20170301150853006200102    
20170301150853006200031    
20170301150853006200041    
20170301150951002000031    
20170301150951002000041    
20170301150951002000102    
20170301150951002000061    
20170301151000007700108    
20170301151000007700034    
20170301151000007700043    
20170301151000007700572    
20170301151000007700062    
20170301151000007700072    
20170301151000007700211    
20170301151005023700102    
20170301151005023700042    
20170301151005023700062    
20170301151005023702041    
20170301151005023780022    
20170301151005023705041    
20170301151005023705122    
20170301151005023705141    
20170301151005023705151    
20170301151005023705161    
20170301151005023740391    
20170301151304023000033    
20170301151304023000042    
20170301151304023000105    
20170301151304023080041    
20170301151304023080014    
20170301151304023080024    
20170301151304023000401    
20170301151304023005021    
20170301151304023040525    
20170301151304023040535    
20170301151304023005141    
20170301151304023005151    
20170301151304023005172    
20170301151304023005041    
20170301151304023000072    
20170301151304023000201    
20170301151304023000211    
20170301151614027900102    
20170301151614027900031    
20170301151614027900041    
20170301151614027900061    
20170301151614027900211    
20170301151614027940211    
201703011516140279405510   
20170301151614027905021    
20170301151614027905031    
20170301151614027905121    
20170301151614027905162    
20170301151622018900031    
20170301151622018900041    
20170301151622018900211    
20170301151622018900102    
20170301151622018905021    
20170301151622018905042    
20170301151622018905122    
20170301151622018905152    
20170301151622018905202    
20170301151622018980031    
20170301151728027700102    
20170301151728027700031    
20170301151728027700041    
20170301151728027700571    
20170301151728027700061    
20170301151728027700071    
20170301151728027700211    
20170301151728027740535    
20170301151728027740211    
201703011517280277405510   
20170301151728027705021    
20170301151728027705031    
20170301151728027705042    
20170301151728027705121    
20170301151728027705162    
20170301151728027705201    
20170301151728027740171    
20170301151728027740391    
20170301151739018980014    
20170301151914015900102    
20170301151914015900031    
20170301151914015900041    
20170301151914015905042    
20170301152013017800032    
20170301152013017800042    
20170301152013017800104    
20170301152013017840527    
20170301152013017840537    
20170301152013017800591    
20170301152013017805124    
20170301152013017805203    
20170301152013017800202    
20170301152013017802042    
20170301152013017800212    
20170301152013017800301    
20170301152013017840201    
20170301152013017800221    
20170301152013017805163    
20170301152013017805142    
20170301152013017805032    
20170301152013017805022    
20170301152013017805044    
20170301152013017840211    
20170301152013017800721    
201703011520350033001010   
20170301152035003300035    
20170301152035003300044    
20170301152035003302041    
20170301152035003300631    
20170301152035003300401    
20170301152035003305042    
20170301152035003305126    
20170301152035003340111    
20170301152145022100105    
20170301152145022100033    
20170301152145022100042    
20170301152145022105011    
20170301152145022100062    
20170301152145022100072    
20170301152228023200034    
20170301152228023200043    
20170301152228023200107    
20170301152228023205122    
201703011522280232051510   
20170301152228023205162    
20170301152228023205172    
20170301152228023200062    
20170301152228023200071    
20170301152457026600102    
20170301152457026600031    
20170301152457026600041    
20170301152457026600071    
20170301152457026600201    
20170301152457026602041    
20170301152457026680014    
20170301152457026680024    
20170301152457026605041    
20170301152457026605122    
20170301152457026605161    
20170301152457026605171    
20170301152457026605202    
20170301152705803300031    
20170301152705803300041    
20170301152705803300102    
20170301152705803305121    
20170301152705803380021    
20170301152705803300061    
20170301152705803302041    
20170301152905019300104    
20170301152905019300032    
20170301152905019300042    
20170301152905019300061    
20170301152905019300071    
20170301152905019300201    
20170301152905019300211    
20170301152905019302041    
20170301152905019300301    
20170301152905019300631    
20170301152905019300591    
20170301152905019340525    
201703011529050193405310   
20170301152905019380012    
20170301152905019305021    
20170301152905019305032    
20170301152905019305042    
20170301152905019305151    
20170301152905019305162    
20170301152905019340021    
20170301152905019340112    
201703011529380011001012   
20170301152938001100034    
20170301152938001100043    
20170301152938001100061    
20170301152938001100072    
20170301152938001140535    
20170301153056026100031    
20170301153056026100101    
20170301153056026100061    
20170301153056026105162    
20170301153056026105041    
20170301153105026900102    
20170301153105026900031    
20170301153105026900041    
20170301153105026900061    
20170301153105026940523    
20170301153105026940533    
20170301153105026980014    
20170301153105026980022    
20170301153138022700102    
20170301153138022700031    
20170301153138022700041    
20170301153138022700401    
20170301153138022740523    
20170301153455004100103    
20170301153455004100032    
20170301153455004100041    
20170301153455004100061    
20170301153455004100071    
20170301153455004100211    
20170301153455004105021    
20170301153455004105161    
20170301153818006700031    
20170301153818006700041    
20170301153818006700103    
20170301153818006700061    
20170301153818006705041    
20170301153818006705032    
20170301153818006705171    
20170301153818006705152    
20170301153818006740391    
20170301153818006740522    
20170301153818006740535    
20170301153818006780012    
20170301153818006780022    
20170301154111023600072    
20170301154111023600571    
20170301154237013100104    
20170301154237013100032    
20170301154237013100042    
20170301154237013100571    
20170301154237013100061    
20170301154237013100211    
20170301154237013102042    
20170301154237013140535    
20170301154237013140211    
20170301154237013180031    
20170301154237013105021    
20170301154237013105031    
20170301154237013105043    
20170301154237013105152    
20170301154237013105162    
20170301154304028300104    
20170301154304028300032    
20170301154304028300042    
20170301154304028300072    
20170301154304028380014    
20170301154304028340211    
20170301154304028305121    
20170301154304028305152    
20170301154304028305162    
20170301154304028340391    
20170301154304028300061    
20170301154434028340552    
20170301154633012500101    
20170301154633012500031    
20170301154633012500571    
20170301154633012580014    
20170301154633012505121    
20170301154735024700102    
20170301154735024700031    
20170301154735024700041    
20170301154735024705021    
20170301154735024705031    
20170301154735024705121    
20170301154735024705163    
20170301154735024705201    
20170301154735024702041    
20170301154754008700061    
20170301154754008700721    
20170301154754008700751    
20170301154754008702012    
20170301154754008705123    
20170301154754008705141    
20170301154754008705152    
20170301154754008705162    
20170301154754008740535    
201703011547540087800128   
201703011547540087800212   
20170301154825022400103    
20170301154825022400031    
20170301154825022400042    
20170301154825022405162    
20170301154825022405022    
20170301154825022405042    
20170301154825022405032    
20170301154832013000571    
20170301154832013000063    
20170301154832013005022    
20170301154832013005123    
20170301154832013000451    
20170301155041028200033    
20170301155041028200043    
20170301155041028240535    
20170301155041028240212    
20170301155041028280042    
20170301155041028240393    
20170301155041028200401    
20170301155132009800032    
20170301155132009800042    
20170301155132009800072    
20170301155132009800104    
20170301155132009805021    
20170301155132009805032    
20170301155132009805121    
20170301155132009805152    
20170301155132009805162    
20170301155132009880012    
20170301155133022100102    
20170301155133022100031    
20170301155133022100041    
20170301155335027800101    
20170301155335027800031    
20170301155335027800571    
20170301155335027840112    
20170301155335027805151    
20170301155335027805042    
20170301155335027840211    
20170301155347024600102    
20170301155347024600031    
20170301155347024600041    
20170301155347024600081    
20170301155347024600061    
20170301155347024600071    
20170301155347024600201    
20170301155347024605021    
20170301155347024605041    
20170301155347024605081    
20170301155347024605123    
20170301155347024605151    
20170301155347024605172    
20170301155347024640391    
20170301155347024640534    
20170301155405009300076    
20170301155405009300066    
20170301155405009305124    
20170301155405009300206    
20170301155405009300216    
20170301155405009302048    
20170301155405009300631    
20170301155405009300421    
20170301155405009305024    
20170301155405009340204    
20170301155405009340218    
201703011554050093050412   
201703011554050093051612   
20170301155405009380024    
201703011554050093800116   
