20171125185219104710021    
20171125185219104710041    
20171125185219104710183    
20171125185219104710191    
20171125185219104710221    
20171125185219104710261    
20171125185219104730121    
20171125185219104741033    
20171126163121104510041    
20171126163121104510081    
20171126163121104510222    
20171126163121104510261    
20171126163121104520001    
201711261631211045310310   
20171126163121104540001    
20171126163121104540012    
20171126163121104540031    
20171126163121104541032    
20171126163121104560082    
20171126163121104561035    
20171126163121104561042    
20171126165855203940151    
201711261658552039401620   
20171126165855203978032    
20171126165855203978042    
20171126165855203978052    
20171126165855203978062    
20171126173516100110011    
20171126173516100110021    
20171126173516100110031    
20171126173516100110041    
20171126173516100110132    
20171126173516100110188    
20171126173516100110202    
20171126173516100110223    
20171126173516100120001    
20171126173516100120052    
20171126173516100130071    
20171126173516100131031    
20171126173516100140052    
20171126173516100140121    
20171126173516100140151    
20171126173516100141031    
20171126173516100141041    
20171126173628102010022    
20171126173628102010032    
20171126173628102010041    
201711261736281020101810   
20171126173628102010204    
20171126173628102010224    
20171126173628102020001    
20171126173628102031031    
20171126173628102040151    
20171126173628102041032    
20171126173628102041041    
20171126173752102010061    
20171126174545203410011    
20171126174545203410022    
20171126174545203410041    
20171126174545203410105    
20171126174545203410134    
20171126174545203410185    
20171126174545203410191    
20171126174545203410222    
20171126174545203410251    
20171126174545203410263    
20171126174545203420001    
20171126174545203440052    
20171126174545203440122    
20171126174545203440191    
20171126174545203441032    
20171126174545203477791    
20171126185410202910011    
20171126185410202910023    
20171126185410202910031    
20171126185410202910041    
20171126185410202910061    
20171126185410202910132    
20171126185410202910183    
20171126185410202910202    
20171126185410202910223    
20171126185410202910251    
20171126185410202910262    
20171126185410202920073    
20171126185410202920081    
20171126185410202940051    
20171126185410202940071    
20171126185410202940152    
20171126185410202941035    
20171126185410202960091    
20171126192549204010021    
20171126192549204010031    
20171126192549204010132    
20171126192549204010181    
20171126192549204010201    
20171126192549204010221    
20171126192549204010262    
20171126192549204020071    
20171126192549204031031    
20171126192549204040191    
20171126192549204041032    
20171126192549204041041    
20171126192549204050011    
20171126192549204061021    
20171126192549204061033    
20171126194813202510021    
201711261948132025100320   
20171126194813202510131    
20171126194813202510188    
20171126194813202510191    
20171126194813202510222    
20171126194813202510262    
20171126194813202520001    
20171126194813202540051    
20171126194813202540191    
20171126194813202541032    
20171126194813202541041    
20171126194813202541071    
201711262002531036100320   
20171126200253103610183    
20171126200253103610203    
20171126200253103620001    
20171126200253103620061    
20171126200253103640051    
20171126200253103641031    
20171126203449103410031    
20171126203449103410041    
20171126203449103410051    
20171126203449103410061    
20171126203449103410081    
20171126203449103410091    
20171126203449103410102    
20171126203449103410136    
20171126203449103410165    
20171126203449103410183    
20171126203449103410191    
20171126203449103410201    
20171126203449103410224    
20171126203449103410262    
20171126203449103441032    
20171126211054204910021    
201711262110542049100330   
20171126211054204910132    
20171126211054204910181    
20171126211054204910222    
20171126211054204910261    
20171126211054204920001    
201711262110542049310320   
20171126211054204940031    
20171126211054204940051    
20171126211054204941033    
20171126211054204941042    
20171126211054204977791    
20171126213217104010011    
201711262132171040100340   
20171126213217104010042    
20171126213217104010134    
20171126213217104010202    
20171126213217104010222    
20171126213217104010262    
20171126213217104040002    
20171126213217104040013    
20171126213217104040031    
20171126213217104041034    
20171126213217104077791    
20171126214825103310021    
20171126214825103310041    
20171126214825103310136    
20171126214825103320061    
20171126214825103340011    
20171126214825103340022    
20171126214825103340052    
20171126214825103310032    
20171126214825103310201    
20171126214825103341034    
20171126214825103341042    
201711262148251033310320   
20171126214825103310181    
20171126214825103310262    
20171126214825103341051    
20171126215053103510021    
20171126215053103510041    
20171126215053103520001    
20171126215053103540001    
20171126215053103540011    
20171126215053103540152    
20171126215053103541031    
201711262150531035500910   
20171126215642103210011    
20171126215642103210022    
201711262156421032100325   
20171126215642103210041    
20171126215642103210061    
20171126215642103210075    
20171126215642103210134    
20171126215642103210203    
20171126215642103210223    
20171126215642103220072    
20171126215642103240017    
20171126215642103240021    
20171126215642103240031    
20171126215642103240151    
20171126215642103241036    
20171126215642103250012    
20171126215830204510011    
20171126215830204510021    
201711262158302045100340   
20171126215830204510042    
20171126215830204510102    
20171126215830204510135    
20171126215830204510191    
20171126215830204510201    
20171126215830204510223    
20171126215830204510263    
20171126215830204520001    
201711262158302045310320   
20171126215830204540031    
20171126215830204541035    
20171126215830204541041    
20171126215830204577791    
20171126221850203710021    
20171126221850203710043    
20171126221850203710132    
20171126221850203740013    
20171126221850203750031    
20171126221850203710032    
20171126221850203710202    
20171126221850203741034    
20171126221850203741041    
20171126221850203731031    
20171126221850203710183    
20171126221850203710222    
20171126221850203730121    
20171126221850203740191    
20171126221850203741061    
20171126221850203741071    
20171127013102104210021    
20171127013102104210133    
20171127013102104230045    
201711270131021042310320   
20171127013102104240011    
20171127013102104240021    
20171127013102104241031    
20171127013102104260081    
201711270151231041100320   
20171127015123104110041    
20171127015123104110133    
20171127015123104110191    
20171127015123104110201    
20171127015123104130121    
201711270151231041310320   
20171127015123104141031    
20171127015123104141041    
