201709262307427002500113   
20170926230742700250031    
20170926230742700250042    
20170926230742700250052    
20170926230742700250071    
20170926230742700250111    
201709262307427002501312   
20170926230742700250185    
20170926230742700250222    
20170926230742700250253    
20170926230742700250833    
20170926230742700251052    
20170926230742700251271    
20170926230742700250811    
20170926230742700250601    
20170926235836103830062    
20170926235836103830381    
20170926235836103830725    
20170926235836103830871    
20170926235836103831131    
20170926235836103831281    
20170926235836103831341    
20170926235836103831365    
20170926235836103831372    
20170926235836103831431    
201709270030087053500110   
20170927003008705350041    
20170927003008705350052    
20170927003008705350061    
20170927003008705350136    
20170927003008705350252    
20170927003008705350221    
20170927013531703250231    
20170927013531703250292    
20170927013531703250221    
20170927013531703251192    
20170927013531703250421    
20170927013531703250682    
20170927013531703250072    
20170927013531703250741    
20170927013531703251052    
201709270135317032500130   
20170927013531703250042    
20170927013531703250242    
20170927020518700950015    
20170927020518700950052    
20170927020518700950071    
20170927020518700950081    
201709270205187009501321   
20170927020518700950141    
20170927020518700950221    
20170927020518700950231    
20170927020518700950291    
20170927020518700950343    
20170927020518700950411    
20170927020518700950421    
20170927020518700951052    
201709270206451030316015   
201709270206451030316220   
20170927020645103030031    
20170927020645103031032    
