20170410193130765610031    
20170410193130765610161    
20170410193130765610391    
20170410193130765610431    
20170410193130765610446    
20170410193130765610652    
20170410193130765610743    
20170410193130765610843    
20170410193130765610961    
2017041019313076561116120  
20170410193130765611972    
201704101931307656228218   
201704101931307656228910   
20170410211052528711521    
20170410211052528711611    
20170410211052528710741    
20170410211052528711991    
20170410211052528711322    
20170410211052528711141    
20170410211052528723013    
20170410211052528710582    
20170410211052528710411    
20170410211052528711651    
20170410211052528711641    
201704102110525287103210   
20170410211052528711241    
20170410211052528710461    
20170410211052528710311    
20170410211052528710111    
20170410211052528710391    
20170410211052528710496    
20170410211052528710333    
20170410211052528710342    
