20170220115326520940011    
20170220115326520950101    
20170220115326520960001    
20170220115326520960011    
20170220115326520960111    
20170220115326520960391    
20170220115326520960461    
20170220115326520960601    
20170220115647760260091    
20170220115647760260331    
20170220115647760260361    
20170220115647760260392    
20170220123517141750101    
20170220123517141759981    
20170220123517141760393    
20170220123618620240011    
20170220123618620260001    
20170220123618620260331    
20170220123618620260391    
