2017091318294313712001100  
20170913182943137120083    
20170913182943137120271    
201709132117551369200160   
20170913211755136920061    
20170913211755136920655    
2017091321422221052001100  
20170913214222210520655    
20170913214222210520071    
20170913214222210520062    
20170913214222210520321    
20170913214222210520083    
20170913214222210520162    
201709132219551025200140   
20170913221955102520061    
20170913221955102520071    
20170913221955102520081    
20170913221955102520321    
201709132255152124200160   
20170913225515212420061    
20170913225515212420071    
20170913225515212420081    
20170913225515212420321    
20170913225515212420653    
201709132313201026200160   
20170913231320102620061    
20170913231320102620071    
20170913231320102620652    
201709132318501018200275   
20170913231850101820052    
20170913231850101820061    
20170913231850101820081    
20170913231850101820321    
20170913231850101820652    
2017091323474610222001140  
20170913234746102220061    
20170913234746102220071    
20170913234746102220321    
20170913234746102220655    
20170913234746102221021    
201709132348591477200140   
20170913234859147720083    
20170913234859147720653    
20170913234859147720911    
201709140002241370200140   
20170914000224137020654    
20170914000224137020071    
20170914000224137020521    
20170914000224137020901    
201709140011531002200160   
20170914001153100220061    
20170914001153100220081    
20170914001153100220321    
20170914001153100220071    
2017091400292320862001140  
20170914002923208620051    
20170914002923208620061    
20170914002923208620072    
20170914002923208620081    
20170914002923208620091    
20170914002923208620311    
20170914002923208620321    
201709140029232086206510   
20170914002923208620901    
201709140029382227200140   
20170914002938222720071    
201709140029382227206510   
201709140132351465200180   
20170914013235146520051    
20170914013235146520061    
20170914013235146520081    
20170914013235146520321    
20170914013235146520656    
201709140137382031200180   
20170914013738203120051    
20170914013738203120071    
20170914013738203120311    
20170914013738203120654    
2017091401381222292001120  
20170914013812222920053    
20170914013812222920062    
20170914013812222920091    
20170914013812222920251    
20170914013812222920271    
20170914013812222920301    
20170914013812222920321    
20170914013812222920551    
20170914013812222920071    
201709140138122229206511   
2017091402482020292001140  
20170914024820202920055    
20170914024820202920061    
20170914024820202920071    
20170914024820202920081    
20170914024820202920301    
20170914024820202920321    
201709140248202029206520   
20170914024820202921041    
2017091402503613672001100  
20170914025036136720062    
20170914025036136720071    
20170914025036136720081    
20170914025036136720301    
20170914025036136720321    
20170914025036136720653    
20170914025036136721041    
20170914025036136721121    
201709140313561021200160   
20170914031356102120061    
20170914031356102120321    
20170914031356102120653    
201709140554042147200140   
20170914055404214720081    
20170914055404214720656    
