20170118085231009500103    
20170118085231009500032    
20170118085231009500041    
20170118090527801900033    
20170118090527801900043    
20170118090527801900202    
20170118090527801900221    
20170118090527801900106    
20170118090527801905042    
20170118090527801905081    
20170118090527801905122    
20170118090527801900061    
20170118090527801902042    
20170118103823802000105    
20170118103823802000033    
20170118103823802000043    
20170118103823802000571    
20170118103823802000062    
20170118103823802000071    
20170118103823802000201    
20170118103823802000222    
20170118103823802000401    
20170118103823802000581    
20170118103823802005035    
20170118103823802005043    
20170118103823802005153    
20170118113412800400402    
20170118113412800400451    
20170118113412800400732    
201701181134128004007725   
20170118113412800405083    
201701181134128004051450   
2017011811341280040515100  
20170118113412800440015    
201701181134128004401425   
201701181134128004403950   
201701181134128004800180   
201701181134128004990160   
201701181134128004990260   
201701181135318031000730   
20170118113531803100403    
201701181135318031990160   
201701181135318031990260   
201701181137288011000760   
201701181137288011990160   
201701181137288011990260   
201701181138388027000736   
20170118113838802700401    
201701181138388027990160   
201701181138388027990260   
201701181139598006000718   
20170118113959800640145    
201701181139598006990124   
201701181139598006990218   
201701181140528034000760   
201701181140528034990160   
201701181140528034990260   
201701181202048008000790   
20170118120204800800405    
20170118120204800800441    
20170118120204800800451    
20170118120204800800732    
2017011812020480089901120  
2017011812020480089902120  
20170118120247802100031    
20170118120247802100041    
20170118120247802105021    
20170118120247802105042    
20170118120247802105121    
20170118120247802100062    
20170118120247802100072    
20170118120247802102042    
20170118130611800000038    
20170118130611800000045    
20170118130611800000061    
20170118130611800000077    
20170118130611800000107    
20170118130611800000213    
20170118130611800000402    
20170118130611800000732    
20170118130611800005022    
20170118130611800005033    
20170118130611800005124    
20170118130611800005142    
20170118130611800005153    
20170118130611800005173    
20170118130611800040117    
201701181306118000405320   
20170118131711802140113    
20170118132842801400033    
20170118132842801400042    
20170118132842801400201    
20170118132842801400106    
20170118132842801405031    
20170118132842801405042    
20170118132842801405123    
20170118132842801405141    
20170118132842801405152    
20170118132842801405174    
20170118132842801405201    
20170118133752023700102    
20170118133752023700031    
20170118133752023700041    
20170118133752023700061    
20170118133752023702041    
20170118133752023700281    
20170118133752023700401    
20170118133752023700591    
20170118133752023740522    
20170118133752023740534    
20170118133752023705201    
20170118133752023705021    
20170118133752023705041    
20170118133752023705153    
20170118133752023705162    
20170118134100800000031    
20170118134100800000041    
20170118134100800000073    
20170118134100800000103    
20170118134100800000132    
20170118134600016900072    
20170118134600016900423    
20170118134600016940535    
20170118134600016940553    
20170118134600016905152    
20170118134600016905162    
20170118134600016940112    
20170118134600016940171    
20170118134600016940391    
20170118134844020700105    
20170118134844020700032    
20170118134844020700042    
20170118134844020700571    
20170118134844020700061    
20170118134844020700221    
20170118134844020700721    
20170118134844020740391    
20170118134844020700401    
20170118134844020740112    
20170118134844020705021    
20170118134844020705032    
20170118134844020705041    
20170118134844020705142    
20170118134844020780011    
20170118134844020780021    
20170118134844020705123    
20170118135018801800031    
20170118135018801800211    
20170118135018801800251    
20170118135018801800101    
20170118135018801805021    
20170118135018801805141    
201701181350188018405310   
20170118135018801840391    
20170118135128026100072    
20170118135128026100061    
20170118135128026105163    
20170118135128026100281    
20170118135128026180012    
20170118135128026180021    
20170118135232023200106    
20170118135232023200034    
20170118135232023200042    
20170118135232023200571    
20170118135232023200061    
20170118135232023200071    
20170118135232023200722    
20170118135232023205202    
20170118135232023280018    
20170118135232023280032    
20170118135232023205032    
20170118135232023205041    
20170118135232023205123    
20170118135232023205141    
20170118135232023205165    
20170118135232023205175    
20170118135341023700221    
20170118135341023705211    
20170118135341023780041    
20170118135341023740391    
20170118140046027600031    
20170118140046027600042    
20170118140046027600104    
20170118140046027605142    
20170118140046027640112    
20170118140046027680014    
20170118140046027600062    
20170118140046027600072    
20170118140418801300035    
20170118140418801300045    
20170118140418801300206    
20170118140418801300221    
20170118140418801300231    
20170118140418801300423    
201701181404188013001010   
20170118140418801300061    
20170118140441008900032    
20170118140441008900042    
20170118140441008900105    
20170118140441008900061    
20170118140441008900071    
20170118140441008900211    
20170118140441008905021    
20170118140441008905032    
20170118140441008905042    
20170118140441008905174    
20170118140441008902021    
20170118140441008902031    
20170118140514801600033    
20170118140514801600042    
20170118140514801600202    
20170118140514801600211    
20170118140514801600221    
20170118140514801600231    
20170118140514801600571    
20170118140514801600581    
20170118140514801600631    
20170118140514801600301    
20170118140514801600106    
20170118140514801600081    
20170118140514801600771    
20170118140514801605011    
20170118140514801605033    
20170118140514801605043    
20170118140514801605081    
20170118140514801605122    
20170118140514801605141    
20170118140514801605155    
20170118140514801605164    
20170118140514801600061    
20170118140514801600071    
20170118140514801640391    
20170118140514801602041    
201701181409257992000760   
201701181409257992990260   
20170118141003801400061    
20170118141003801400071    
201701181410537993000730   
201701181410537993990130   
20170118141147000300106    
20170118141147000300033    
20170118141147000300043    
20170118141147000300061    
20170118141147000300072    
20170118141147000340525    
20170118141147000380031    
20170118141147000305031    
20170118141147000305041    
20170118141147000305122    
20170118141147000305161    
20170118141206019800038    
20170118141206019800047    
201701181412060198001014   
20170118141206019800571    
20170118141206019805011    
20170118141206019800063    
20170118141206019800401    
20170118141206019800431    
20170118141228802800401    
20170118141228802800571    
20170118141228802805032    
20170118141228802805042    
20170118141228802805152    
20170118141344802500032    
20170118141344802500043    
20170118141344802500201    
20170118141344802500401    
20170118141344802500571    
20170118141344802500301    
20170118141344802500105    
20170118141344802505152    
20170118141344802500072    
20170118142147801400062    
20170118142258027400102    
20170118142258027400031    
20170118142258027400041    
20170118142258027400571    
20170118142258027400063    
20170118142258027440525    
201701181422580274405310   
20170118142258027405141    
20170118142258027405152    
20170118142635801700034    
20170118142635801700043    
20170118142635801700201    
20170118142635801700211    
20170118142635801700631    
20170118142635801700722    
20170118142635801700301    
20170118142635801700107    
20170118142635801705021    
20170118142635801705032    
20170118142635801705042    
20170118142635801705122    
20170118142635801705141    
20170118142635801705154    
20170118142635801705164    
20170118142635801740112    
20170118142635801705204    
20170118142635801780031    
20170118142635801700062    
20170118142635801700072    
20170118142635801702041    
20170118142658802400103    
20170118142658802400032    
20170118142658802400041    
20170118142658802400571    
20170118142658802400081    
20170118142658802400061    
20170118142658802400072    
20170118142658802400202    
20170118142658802400213    
20170118142658802400221    
20170118142658802402042    
20170118142658802400251    
20170118142658802440525    
20170118142658802405022    
20170118142658802405033    
20170118142658802405042    
20170118142658802405081    
20170118143055008700211    
20170118143055008700751    
20170118143055008700771    
20170118143055008705021    
20170118143055008705033    
20170118143055008705041    
20170118143055008705141    
20170118143055008705152    
20170118143055008705162    
20170118143055008740522    
20170118143055008740532    
20170118143055008780014    
20170118143055008780024    
20170118143055008702041    
20170118143241024700104    
20170118143241024700032    
20170118143241024700042    
20170118143241024700571    
20170118143241024700731    
20170118143241024780014    
20170118143241024705121    
20170118143241024705201    
20170118143453006600035    
20170118143453006600045    
201701181434530066001010   
20170118144624005700032    
20170118144624005700041    
20170118144624005700103    
20170118144624005700581    
20170118144624005705031    
20170118144624005702041    
20170118145012803000032    
20170118145012803000042    
20170118145012803000202    
20170118145012803000571    
20170118145012803000631    
20170118145012803000104    
20170118145012803005121    
20170118145012803005142    
20170118145012803005152    
20170118145012803005172    
20170118145012803000061    
20170118145012803000073    
20170118145032002700032    
20170118145032002700042    
20170118145032002700104    
20170118145059803080032    
20170118145140019300105    
20170118145140019300033    
20170118145140019300042    
20170118145140019300571    
20170118145140019300071    
20170118145140019300201    
20170118145140019300211    
20170118145140019300231    
20170118145140019302041    
20170118145140019300253    
20170118145140019300281    
20170118145140019300721    
20170118145140019300401    
201701181451400193405210   
20170118145140019340535    
20170118145140019340211    
20170118145140019340555    
20170118145140019380014    
20170118145140019380022    
20170118145140019305021    
20170118145140019305042    
20170118145140019305081    
20170118145140019305141    
20170118145140019305162    
20170118145140019340111    
20170118145140019340121    
20170118145140019340171    
201701181452240248001015   
20170118145224024800037    
20170118145224024800046    
20170118145224024800572    
20170118145224024800081    
20170118145224024800065    
20170118145224024800074    
20170118145224024800631    
20170118145224024800771    
20170118145224024805041    
20170118145224024805081    
20170118145224024805146    
20170118145224024805162    
20170118145224024840171    
20170118145601025400105    
20170118145601025400032    
20170118145601025400042    
20170118145601025400061    
20170118145601025400074    
20170118145601025400201    
20170118145601025400211    
20170118145601025405022    
20170118145601025405123    
20170118145601025405173    
20170118145601025440112    
20170118145629004800103    
20170118145629004800032    
20170118145629004800041    
20170118145629004805042    
20170118145629004805152    
20170118145739802300104    
20170118145739802300032    
20170118145739802300042    
20170118145739802300571    
20170118145739802300071    
20170118145739802300591    
20170118145739802340537    
20170118145739802385002    
20170118145739802302022    
20170118145739802305043    
20170118145739802305121    
20170118145739802340021    
20170118145921007600032    
20170118145921007600041    
20170118145921007600103    
20170118145921007605141    
20170118145921007680014    
20170118145921007600731    
20170118145943028300103    
20170118145943028300033    
20170118145943028300041    
20170118145943028300062    
20170118145943028300071    
20170118145943028300211    
20170118145943028302021    
20170118145943028340211    
20170118145943028340553    
20170118145943028380014    
20170118145943028305042    
20170118145943028305163    
20170118145943028340171    
20170118145955017805122    
20170118145955017805202    
20170118145955017800032    
20170118145955017800041    
20170118145955017800104    
20170118145955017840526    
201701181459550178405310   
20170118145955017800281    
20170118145955017800202    
20170118145955017800212    
20170118145955017802041    
20170118145955017800221    
20170118145955017805141    
20170118145955017805164    
20170118145955017805021    
20170118145955017805033    
20170118145955017805043    
20170118145955017800721    
20170118150033014400033    
20170118150033014400042    
20170118150033014400211    
20170118150033014400581    
20170118150033014400105    
20170118150033014400771    
20170118150033014405021    
20170118150033014405041    
20170118150033014405162    
20170118150033014440211    
20170118150033014400061    
20170118150033014400071    
201701181500340077001011   
20170118150034007700037    
20170118150034007700044    
20170118150034007700571    
20170118150034007705128    
20170118150034007700073    
20170118150034007700062    
20170118150034007700211    
20170118150034007705082    
20170118150134007605075    
20170118150252028300571    
201701181503350063001012   
20170118150335006300035    
20170118150335006300045    
20170118150335006300081    
20170118150335006300062    
20170118150335006300221    
20170118150335006300751    
20170118150335006300581    
20170118150335006340535    
20170118150335006380018    
20170118150335006305021    
20170118150335006305042    
20170118150335006305125    
20170118150335006305152    
20170118150335006305164    
20170118150343027700102    
20170118150343027700031    
20170118150343027700041    
20170118150343027700061    
20170118150343027700073    
20170118150343027700201    
20170118150343027700211    
20170118150343027700221    
20170118150343027702041    
20170118150343027700301    
20170118150343027700281    
20170118150343027740523    
20170118150343027740535    
20170118150343027740211    
201701181503430277405510   
20170118150343027780012    
20170118150343027780022    
20170118150343027705021    
20170118150343027705077    
20170118150343027705122    
20170118150343027705131    
20170118150343027705162    
20170118150343027705202    
20170118150343027740171    
20170118150540020100102    
20170118150540020100031    
20170118150540020100041    
20170118150540020100401    
20170118150540020105021    
20170118150540020105042    
20170118150607018900032    
20170118150607018900041    
20170118150607018900211    
20170118150607018900581    
20170118150607018900751    
20170118150607018900102    
20170118150607018905141    
20170118150607018905152    
20170118150607018940112    
20170118150607018940533    
20170118150607018902041    
20170118150647001100109    
20170118150647001100033    
20170118150647001100042    
20170118150647001100072    
20170118150647001100631    
20170118150713007200106    
20170118150713007200033    
20170118150713007200043    
20170118150713007200401    
20170118150715012500102    
20170118150715012500031    
20170118150715012500041    
20170118150715012500061    
20170118150715012500072    
20170118150715012580024    
20170118150715012505043    
20170118150715012505121    
20170118150715012505142    
20170118150715012502021    
20170118150826023600062    
20170118150826023605011    
20170118150826023600771    
20170118150826023600032    
20170118150826023600042    
20170118150826023600104    
20170118150826023600071    
20170118151106003802011    
20170118151125021300211    
20170118151125021300571    
20170118151125021300631    
20170118151125021300081    
20170118151125021300131    
20170118151125021305021    
20170118151125021305032    
20170118151125021305042    
20170118151125021305122    
20170118151125021305152    
20170118151125021340112    
20170118151125021340171    
20170118151125021305203    
20170118151125021340533    
20170118151125021300064    
20170118151125021300073    
20170118151218007900105    
20170118151218007900033    
20170118151218007900042    
20170118151218007900061    
20170118151218007900072    
20170118151218007905022    
20170118151218007905032    
20170118151218007905152    
20170118151422027900103    
20170118151422027900031    
20170118151422027900041    
20170118151422027900071    
20170118151422027900211    
20170118151422027900301    
20170118151422027980014    
20170118151422027905033    
20170118151422027905081    
20170118151422027905141    
20170118151422027905151    
20170118151422027905162    
20170118151422027940111    
20170118151442010700107    
20170118151442010700034    
20170118151442010700043    
20170118151442010700401    
20170118151442010700581    
20170118151537006700031    
20170118151537006700102    
20170118151628024802032    
20170118151741801840131    
20170118151920026605202    
20170118151920026605161    
20170118151920026605151    
20170118151920026605041    
20170118151920026680041    
20170118151920026680031    
20170118151920026680022    
20170118151920026680012    
20170118151920026640535    
20170118151920026640522    
20170118151920026600201    
20170118151920026600041    
20170118151920026600031    
20170118151920026600102    
201701181520340282001011   
20170118152034028200036    
20170118152034028200045    
20170118152034028200572    
20170118152034028200062    
20170118152034028200075    
20170118152034028200212    
20170118152034028200401    
20170118152034028240535    
20170118152034028240212    
20170118152034028205042    
20170118152034028205122    
20170118152310801500036    
20170118152310801500044    
20170118152310801500202    
20170118152310801500401    
20170118152310801500571    
20170118152310801500751    
201701181523108015001010   
20170118152310801500081    
20170118152310801505034    
20170118152310801505043    
20170118152310801505122    
20170118152310801540112    
20170118152310801505203    
20170118152310801580031    
20170118152310801500063    
20170118152310801500074    
20170118152313025800033    
20170118152313025800042    
20170118152313025800105    
201701181523130258405210   
20170118152313025800062    
20170118152517002000031    
20170118152517002000101    
20170118152517002005041    
20170118152517002040525    
20170118152517002040535    
20170118152519022100105    
20170118152519022100033    
20170118152519022100042    
20170118152519022100281    
20170118152519022102041    
20170118152519022100062    
20170118152519022100071    
20170118152559026900102    
20170118152559026900031    
20170118152559026900041    
20170118152559026900072    
20170118152559026902031    
20170118152559026900201    
20170118152559026900221    
20170118152559026900251    
20170118152559026980014    
20170118152559026980022    
20170118152559026905041    
20170118152559026905075    
20170118152559026905131    
20170118152559026905171    
20170118152559026940171    
20170118152740004100104    
20170118152740004100032    
20170118152740004100042    
20170118152740004100081    
20170118152740004100061    
20170118152740004100072    
20170118152740004100211    
20170118152740004100731    
20170118152740004105021    
20170118152740004105031    
20170118152740004105161    
20170118152920801500771    
20170118152920801502041    
20170118152958803300032    
20170118152958803300041    
20170118152958803300102    
20170118152958803300281    
20170118152958803340212    
20170118152958803380021    
20170118152958803300073    
20170118153022024600103    
20170118153022024600032    
20170118153022024600041    
20170118153022024600061    
20170118153022024600071    
20170118153022024600201    
20170118153022024602041    
20170118153022024605021    
20170118153022024605041    
20170118153022024605123    
20170118153022024605151    
20170118153022024605172    
20170118153022024605031    
20170118153022024640391    
20170118153022024680031    
20170118153023022700102    
20170118153023022700031    
20170118153023022700041    
20170118153023022700211    
20170118153023022700591    
20170118153023022740535    
20170118153023022705031    
20170118153023022705151    
20170118153023022780041    
20170118153051013000107    
20170118153051013000034    
20170118153051013000042    
20170118153051013000201    
20170118153051013000212    
20170118153051013000281    
20170118153051013005022    
20170118153051013000581    
20170118153051013000451    
20170118153158009800032    
20170118153158009800042    
20170118153158009800061    
20170118153158009800071    
20170118153158009800571    
20170118153158009800104    
20170118153158009800211    
20170118153158009805021    
20170118153158009805121    
20170118153158009805153    
20170118153158009805162    
20170118153158009840111    
20170118153158009840532    
20170118153158009880014    
20170118153324015900101    
20170118153324015900031    
20170118153324015900041    
20170118153334019500103    
20170118153334019500031    
20170118153334019500042    
20170118153334019500571    
20170118153334019500062    
20170118153334019502023    
20170118153334019540525    
20170118153334019540211    
20170118153334019580014    
20170118153334019505021    
20170118153334019505033    
20170118153334019505041    
20170118153334019505142    
20170118153334019505164    
20170118153334019540021    
20170118153334019540111    
20170118153334019540391    
20170118153424023000033    
20170118153424023000042    
20170118153424023000105    
20170118153424023080014    
20170118153424023040221    
20170118153424023000571    
20170118153424023000591    
20170118153424023000721    
20170118153424023000771    
20170118153424023002041    
20170118153424023000201    
20170118153424023000211    
20170118153424023005021    
20170118153424023040525    
20170118153424023005141    
20170118153424023005151    
20170118153424023005172    
20170118153524019500721    
20170118153524019540555    
20170118153805027900751    
20170118153856022300101    
20170118153856022300031    
20170118153856022300071    
20170118153856022305042    
20170118153856022305174    
20170118153856022340391    
20170118153856022300301    
20170118153856022300201    
20170118153856022340113    
20170118153856022300081    
20170118153856022305024    
20170118153856022300063    
20170118153856022305153    
20170118153856022302041    
20170118154117024800201    
20170118154117024805081    
20170118154117024802031    
20170118154120025100102    
20170118154120025100031    
20170118154120025100041    
20170118154120025100081    
20170118154120025100062    
20170118154120025100201    
20170118154120025140553    
20170118154120025180014    
20170118154120025180031    
20170118154120025105021    
20170118154120025105121    
20170118154120025105152    
20170118154120025140141    
20170118154120025102031    
20170118154125015600108    
20170118154125015600033    
20170118154125015600043    
20170118154125015600062    
20170118154125015600073    
20170118154125015600201    
20170118154125015600211    
20170118154125015602041    
20170118154125015600421    
20170118154125015640523    
20170118154125015640533    
20170118154125015680031    
20170118154125015605022    
20170118154125015605032    
20170118154125015605041    
20170118154125015605141    
20170118154125015605153    
20170118154125015605163    
20170118154125015605203    
20170118154208016100571    
20170118154208016100201    
20170118154208016100281    
20170118154208016140535    
20170118154208016105122    
20170118154208016105152    
20170118154225011400231    
20170118154225011400062    
20170118154225011440525    
20170118154225011400032    
20170118154225011400042    
20170118154225011400104    
20170118154225011400071    
20170118154227010800221    
20170118154227010800771    
20170118154227010800061    
20170118154227010800072    
20170118154227010800104    
20170118154227010800032    
20170118154227010800041    
20170118154227010880014    
20170118154227010880021    
20170118154227010800571    
20170118154404013100104    
20170118154404013100032    
20170118154404013100042    
20170118154404013100061    
20170118154404013100211    
20170118154404013100221    
20170118154404013100753    
20170118154404013140535    
20170118154404013180014    
20170118154404013180031    
20170118154404013105021    
20170118154404013105032    
20170118154404013105042    
20170118154404013105081    
20170118154404013105141    
20170118154404013105154    
20170118154404013105163    
20170118154404013140111    
20170118154444022900581    
20170118154444022900591    
20170118154513006200102    
20170118154513006200032    
20170118154513006205023    
20170118154513006200401    
20170118154808003300072    
20170118154808003300531    
20170118154808003300401    
20170118154808003300033    
20170118154808003300042    
20170118154808003300108    
20170118154808003340391    
20170118154808003302041    
20170118154808003305041    
20170118154921009305123    
20170118154921009300206    
20170118154921009305025    
201701181549210093050416   
201701181549210093051612   
20170118154936013300105    
20170118154936013300031    
20170118154936013300041    
20170118154936013300401    
20170118154936013300231    
20170118154936013340525    
20170118155003022400104    
20170118155003022400032    
20170118155003022400042    
20170118155003022405162    
20170118155003022400731    
20170118155003022440525    
20170118155003022480014    
20170118155003022480042    
