201702211959180041110510   
201702211959180041110310   
201702212221320231110220   
20170221222132023111052    
20170221222132023111063    
20170221222132023113012    
201702212333100011110120   
20170221233310001114011    
20170221233310001112121    
201702212333100011121310   
201702220002430123110210   
20170222000243012321011    
20170222000243012321031    
201702220010160343110210   
20170222001016034311035    
20170222001016034311055    
20170222001016034311061    
20170222001016034311261    
20170222001016034313085    
20170222001016034315061    
20170222001016034316051    
20170222001016034317131    
20170222001016034317252    
20170222001016034317291    
20170222001016034317301    
20170222001016034317351    
20170222001016034317421    
20170222001016034317471    
20170222001016034317521    
20170222001016034318211    
20170222001016034319201    
201702220044010156110215   
20170222004401015613011    
20170222004401015611055    
20170222004401015611062    
20170222005520012417031    
20170222005520012417301    
201702220058500345110210   
20170222005850034511052    
20170222005850034511062    
20170222005850034519201    
20170222005850034517351    
201702220058500345110310   
20170222005850034517421    
201702220109480065110110   
20170222010948006513011    
201702220129420247110215   
20170222012942024711052    
20170222012942024711063    
20170222012942024711035    
201702220137590210110230   
20170222013759021011052    
20170222013759021011063    
20170222013759021011073    
20170222013759021013012    
20170222013759021022031    
20170222013759021017031    
20170222013759021017351    
20170222014156023711052    
20170222014156023717451    
20170222014156023712134    
20170222014156023711162    
201702220144020029110210   
20170222014402002912136    
20170222014402002913011    
20170222014402002915062    
20170222014402002917031    
20170222014402002917631    
20170222014402002919221    
20170222014402002921062    
20170222014402002921072    
201702220152340322110210   
20170222015234032211052    
20170222015234032211061    
20170222015234032211162    
20170222015234032213011    
20170222015234032219201    
201702220157240320110210   
20170222015724032013012    
20170222015724032017291    
20170222015724032017421    
20170222015724032019201    
201702220157300087110310   
20170222015730008711051    
20170222015730008713011    
20170222015730008717031    
20170222015730008717291    
201702220202540284110210   
20170222020254028417351    
201702220205140121110210   
20170222020514012113011    
20170222020514012115012    
20170222020514012115043    
201702220241230055110110   
20170222024123005513011    
20170222024123005517031    
20170222024910027911062    
20170222024910027915013    
20170222024910027918011    
20170222024910027918051    
20170222024910027918063    
20170222024910027922031    
20170222024910027919031    
201702220257050242110210   
20170222025705024211053    
20170222025705024211063    
20170222025705024219201    
201702220306230073110210   
20170222030623007317421    
20170222030623007319221    
20170222030623007319231    
201702220323150222110210   
20170222032315022211035    
20170222032315022211062    
201702220343050181110210   
201702220343050181110310   
20170222034305018111053    
20170222034305018113091    
20170222034305018117631    
20170222034305018115132    
20170222034305018115061    
201702220347480185110210   
20170222034748018511052    
20170222034748018513091    
20170222034748018517351    
20170222034748018517061    
20170222034748018517031    
