20171223223258102610305    
20171223223258102610411    
20171223223258102610581    
20171223223258102610861    
20171223223258102620011    
20171223224039102610625    
20171224012250109010345    
20171224012250109010382    
20171224012250109010422    
20171224012250109010491    
20171224012250109010651    
20171224012250109010841    
20171224012250109010972    
20171224012250109015121    
20171224012250109015371    
20171224012250109020021    
20171224012250109020085    
201712240122501090202010   
20171224012250109030055    
20171224212358105810271    
20171224212358105810681    
20171224212358105810952    
20171224212358105810971    
20171224212358105820101    
20171224212358105830704    
20171224215527107610305    
20171224215527107610322    
20171224215527107610635    
20171224215527107610661    
20171224215527107610682    
20171224215527107610861    
20171224215527107615121    
20171224215527107630111    
20171224215527107630381    
20171224220942105710071    
20171224220942105710122    
20171224220942105710171    
20171224220942105710211    
20171224220942105710221    
20171224220942105710254    
20171224220942105710302    
20171224220942105710343    
20171224220942105710421    
20171224220942105710623    
20171224220942105710861    
20171224220942105710871    
20171224220942105710953    
20171224220942105710971    
20171224220942105710981    
20171224220942105710991    
20171224220942105715041    
20171224220942105720011    
20171224220942105730015    
20171224220942105730891    
20171224222635100510175    
20171224222635100510251    
20171224222635100510271    
20171224222635100510283    
20171224222635100510303    
20171224222635100510323    
20171224222635100510341    
20171224222635100510431    
20171224222635100510643    
20171224222635100510651    
20171224222635100510682    
20171224222635100510862    
20171224222635100510954    
20171224222635100510971    
20171224222635100525251    
20171224222635100530016    
20171224222635100530031    
20171224222635100530043    
20171224222635100530205    
20171224222635100530351    
20171224222635100530491    
20171224231410105820021    
20171224231410105820051    
20171224232301108510211    
20171224232301108510221    
20171224232301108510255    
20171224232301108510271    
20171224232301108510285    
20171224232301108510432    
20171224232301108510681    
20171224232301108510861    
20171224232301108510955    
20171224232301108515061    
20171224232301108515171    
20171224232301108520021    
20171224232301108520062    
20171224232301108525271    
20171224232301108530451    
20171224232604110510123    
20171224232604110510304    
20171224232604110510634    
20171224232604110510681    
20171224232604110510952    
20171224232604110515041    
20171224232604110515071    
20171224232604110515101    
20171224232604110515351    
20171224232604110515371    
20171224232604110520061    
20171224232604110520085    
20171224232604110530031    
20171224232604110530382    
20171224232630106810141    
20171224232630106810345    
20171224232630106810421    
20171224232630106810651    
20171224232630106815191    
20171224232630106815251    
20171224232630106815381    
20171224232630106820021    
201712242326301068300115   
20171224232630106830271    
20171224232630106830891    
20171224234405106310022    
20171224234405106310381    
20171224234405106310671    
20171224234405106315421    
201712242347251008106215   
201712242347251008106310   
20171224234725100815351    
20171224234725100830081    
20171224234725100830351    
20171224234725100830571    
20171224235350108110258    
20171224235350108110271    
20171224235350108110323    
20171224235350108110385    
20171224235350108110421    
20171224235350108115101    
20171224235350108115111    
20171224235350108115161    
20171224235350108115182    
20171224235350108115191    
20171224235350108120011    
20171224235350108120055    
20171224235350108125101    
20171224235350108115211    
20171224235350108110471    
20171224235350108110492    
20171224235350108115251    
20171224235350108110625    
20171224235350108115291    
20171224235350108110651    
20171224235350108110684    
20171224235350108115401    
20171224235350108110124    
20171224235350108110302    
201712242353501081300111   
20171224235350108130032    
20171224235350108130042    
20171224235350108130051    
20171224235350108130112    
20171224235350108130122    
20171224235350108130181    
20171224235350108130204    
20171224235350108110071    
20171224235350108130331    
20171224235350108130361    
20171224235350108130692    
20171224235350108130701    
20171224235350108130892    
20171224235350108110648    
20171224235734108130195    
20171225001142108910321    
20171225001142108910342    
20171225001142108910431    
20171225001142108915041    
20171225001142108925161    
20171225001142108925201    
20171225001142108910623    
20171225001142108910681    
20171225001142108915331    
20171225001142108915371    
20171225001142108910121    
20171225001142108930011    
20171225001142108930052    
20171225001142108925251    
20171225001142108925261    
20171225001142108930271    
20171225001142108930383    
20171225001142108920192    
20171225001244108910621    
20171225001416106110023    
20171225001416106110271    
20171225001416106110343    
20171225001416106110431    
20171225001416106110633    
20171225001416106110651    
20171225001416106115031    
20171225001416106115041    
20171225001416106115261    
20171225001416106115401    
20171225001416106120021    
20171225001416106120051    
20171225001416106120271    
20171225001503101610861    
20171225001503101620021    
20171225001503101630012    
20171225001503101630171    
20171225001503101630271    
20171225001503101630491    
20171225001503101630891    
201712250033241033102510   
20171225003324103310271    
201712250033241033106210   
20171225003324103310651    
20171225003324103310861    
20171225003324103315371    
201712250033241033300110   
20171225003324103330057    
20171225003324103330061    
20171225003602100110622    
20171225003602100110861    
20171225003602100125151    
20171225003602100125241    
20171225005728108010345    
20171225005728108010651    
20171225005728108010661    
20171225005728108010971    
20171225005728108015161    
20171225005728108030381    
20171225005728108030691    
20171225005848106410303    
20171225005848106410323    
20171225005848106410411    
20171225005848106410683    
20171225005848106410971    
20171225005848106420021    
20171225005848106420311    
20171225005848106425121    
20171225005848106430015    
20171225005848106430071    
20171225005848106430461    
20171225005848106430492    
20171225010455102410071    
20171225010455102410101    
20171225010455102410141    
20171225010455102410211    
20171225010455102410221    
20171225010455102410255    
20171225010455102410305    
20171225010455102410471    
20171225010455102410652    
20171225010455102410682    
20171225010455102410871    
20171225010455102415041    
20171225010455102415161    
20171225010455102415211    
20171225010455102415351    
20171225010455102415401    
20171225010455102415421    
20171225010455102420052    
201712250104551024202012   
20171225010455102430197    
20171225010455102430207    
20171225010455102430271    
20171225010455102430351    
20171225010455102430701    
20171225011508110215261    
20171225011508110230013    
20171225012908102910071    
201712250129081029101210   
20171225012908102910211    
20171225012908102910221    
20171225012908102910257    
20171225012908102910272    
201712250129081029103010   
201712250129081029103415   
20171225012908102910351    
20171225012908102910361    
20171225012908102910435    
20171225012908102910471    
201712250129081029106210   
20171225012908102910662    
20171225012908102910684    
20171225012908102910863    
20171225012908102910942    
201712250129081029109510   
20171225012908102910972    
20171225012908102910991    
20171225012908102915111    
20171225012908102915262    
20171225012908102915401    
20171225012908102915421    
20171225012908102920013    
20171225012908102920023    
20171225012908102920101    
20171225012908102920111    
20171225012908102920192    
20171225012908102925241    
201712250129081029300115   
20171225012908102930035    
20171225012908102930043    
20171225012908102930061    
20171225012908102930081    
20171225012908102930351    
20171225012908102930701    
20171225031958110310122    
20171225031958110310255    
20171225031958110310305    
20171225031958110310345    
20171225031958110310351    
20171225031958110310421    
201712250319581103106310   
20171225031958110310671    
20171225031958110310684    
20171225031958110310831    
20171225031958110310862    
20171225031958110310991    
20171225031958110315041    
20171225031958110315061    
20171225031958110315331    
20171225031958110315421    
20171225031958110320411    
20171225031958110325141    
20171225031958110325251    
20171225031958110325261    
201712250319581103300110   
20171225031958110330081    
20171225031958110330382    
20171225031958110330691    
20171225031958110330701    
20171225033121103510173    
20171225033121103510254    
20171225033121103510271    
20171225033121103510302    
20171225033121103510325    
20171225033121103510345    
20171225033121103510351    
20171225033121103510471    
20171225033121103510622    
20171225033121103510632    
20171225033121103510661    
20171225033121103510682    
20171225033121103510862    
20171225033121103510952    
20171225033121103510971    
20171225033121103510981    
20171225033121103510991    
20171225033121103515161    
20171225033121103515352    
20171225033121103520191    
20171225033121103520311    
20171225033121103525091    
20171225033121103525261    
20171225033121103530015    
20171225033121103530071    
20171225033121103530131    
20171225033121103530891    
