20170319134206100510011    
20170319134206100510021    
20170319134206100510031    
20170319134206100510184    
20170319134206100510221    
201703191342061005310310   
20170319134206100540001    
20170319134206100540013    
20170319134206100540021    
20170319134206100540051    
20170319134206100541032    
20170319163009203910023    
20170319163009203910032    
20170319163009203910043    
201703191630092039101310   
20170319163009203910205    
201703191630092039102210   
20170319163009203910263    
201703191630092039200810   
20170319163009203931031    
20170319163009203940031    
20170319163009203940055    
20170319163009203940151    
20170319163009203940191    
20170319163009203941033    
201703191630092039610410   
20170319163009203977773    
20170319163009203977793    
20170319163009203977811    
20170319163009203978042    
20170319163009203978062    
20170319163334103010021    
20170319163334103010061    
20170319163334103010183    
20170319163334103010223    
20170319163334103010261    
20170319163334103020011    
20170319163334103020023    
20170319163334103020031    
20170319163334103020041    
20170319163334103020052    
20170319163334103020102    
20170319163334103040051    
20170319163334103041035    
20170319163334103078121    
20170319170454102010022    
20170319170454102010031    
20170319170454102010042    
20170319170454102010051    
20170319170454102010061    
20170319170454102010071    
20170319170454102010081    
20170319170454102010091    
20170319170454102010133    
201703191704541020101810   
20170319170454102010202    
20170319170454102010224    
20170319170454102020001    
20170319170454102020061    
20170319170454102020071    
20170319170454102030071    
20170319170454102040053    
20170319170454102041034    
20170319171625100110022    
20170319171625100110031    
20170319171625100110131    
20170319171625100110222    
20170319171625100110265    
20170319171625100120022    
20170319171625100130071    
20170319171625100140052    
20170319171625100140071    
20170319171625100141032    
20170319171625100141041    
20170319173818204410021    
201703191738182044100320   
20170319173818204410042    
20170319173818204410132    
20170319173818204410184    
20170319173818204410203    
20170319173818204410222    
20170319173818204410261    
201703191738182044300410   
201703191738182044310320   
20170319173818204440003    
20170319173818204440014    
20170319173818204440022    
20170319173818204440051    
20170319173818204441033    
20170319173818204441043    
20170319173818204477791    
20170319173818204477801    
20170319182549204210022    
201703191825492042100320   
20170319182549204210041    
20170319182549204210133    
20170319182549204210183    
20170319182549204210202    
20170319182549204210221    
20170319182549204210261    
201703191825492042310320   
20170319182549204240001    
20170319182549204240014    
20170319182549204240052    
20170319182549204241032    
20170319182549204241041    
20170319182549204241051    
20170319185131102810032    
20170319185131102810051    
20170319185131102810202    
20170319185131102810222    
20170319185131102831031    
20170319185131102840191    
20170319185131102841033    
20170319201433204910021    
201703192014332049100330   
20170319201433204910042    
20170319201433204910133    
20170319201433204910183    
20170319201433204910201    
20170319201433204910222    
20170319201433204910261    
20170319201433204920002    
20170319201433204940051    
20170319201433204940072    
20170319201433204940151    
20170319201433204941033    
20170319201433204941041    
20170319201433204977791    
20170319202409100110041    
20170319202409100150041    
20170319202851104010011    
20170319202851104010021    
201703192028511040100340   
20170319202851104010041    
20170319202851104010161    
20170319202851104010182    
20170319202851104010203    
20170319202851104010223    
20170319202851104010263    
20170319202851104020001    
20170319202851104040002    
20170319202851104040014    
20170319202851104040021    
20170319202851104040031    
20170319202851104040071    
20170319202851104041035    
20170319202851104041071    
20170319202851104050012    
20170319202851104077791    
20170319204558204010022    
20170319204558204010031    
20170319204558204010051    
20170319204558204010091    
20170319204558204010131    
20170319204558204010182    
20170319204558204010202    
20170319204558204010221    
20170319204558204010261    
20170319204558204020072    
20170319204558204030043    
20170319204558204030061    
20170319204558204031031    
20170319204558204040021    
20170319204558204040151    
20170319204558204041032    
20170319204558204050011    
20170319210733203510022    
201703192107332035100330   
20170319210733203510042    
20170319210733203510051    
20170319210733203510061    
20170319210733203510071    
20170319210733203510091    
20170319210733203510135    
20170319210733203510183    
20170319210733203510202    
20170319210733203510225    
20170319210733203520061    
20170319210733203520071    
20170319210733203540051    
20170319210733203540151    
20170319210733203541032    
20170319210733203541041    
20170319211305202910011    
20170319211305202910021    
20170319211305202910041    
20170319211305202910131    
20170319211305202910202    
20170319211305202910222    
20170319211305202940151    
20170319211305202941032    
20170319211305202941041    
20170319211512103610021    
201703192115121036100340   
20170319211512103610041    
20170319211512103610061    
20170319211512103610202    
201703192115121036310320   
20170319211512103640021    
20170319211512103641033    
20170319211512103641041    
20170319211512103660081    
20170319211512103661044    
20170319211834202510011    
20170319211834202510021    
201703192118342025100320   
20170319211834202510041    
20170319211834202510186    
20170319211834202510201    
20170319211834202510222    
20170319211834202510251    
20170319211834202520001    
20170319211834202540031    
20170319211834202540051    
20170319211834202541031    
20170319211834202541041    
20170319212541104110021    
201703192125411041100320   
20170319212541104110042    
20170319212541104110061    
20170319212541104110137    
20170319212541104110202    
20170319212541104110223    
20170319212541104120061    
20170319212541104130121    
20170319212541104141035    
20170319212541104141041    
20170319213650104610021    
201703192136501046100318   
20170319213650104610041    
20170319213650104610061    
20170319213650104610091    
20170319213650104610133    
20170319213650104610202    
20170319213650104610222    
20170319213650104640001    
20170319213650104640051    
20170319213650104640151    
20170319213650104641033    
20170319213650104641041    
20170319213650104641061    
20170319213650104678071    
20170319213650104678121    
20170319213951103310021    
20170319213951103310041    
20170319213951103310051    
20170319213951103310081    
20170319213951103310137    
20170319213951103330071    
20170319213951103340012    
20170319213951103340021    
20170319213951103340052    
20170319213951103340071    
20170319213951103310031    
20170319213951103320001    
20170319213951103310202    
20170319213951103341034    
20170319213951103341042    
201703192139511033310320   
20170319213951103310182    
20170319213951103310222    
20170319213951103310262    
20170319213951103340191    
20170319213951103341061    
20170319213951103360081    
20170319213951103361041    
20170319214758104510041    
20170319214758104510201    
20170319214758104530121    
20170319214758104540011    
20170319214758104540021    
20170319214758104540191    
20170319214758104541032    
20170319214758104541041    
201703192147581045610310   
20170319214758104561045    
20170319215110103410031    
20170319215110103410041    
20170319215110103410061    
20170319215110103410137    
20170319215110103410191    
20170319215110103410223    
20170319215110103410262    
20170319215110103440031    
20170319215110103440191    
20170319215110103441033    
201703192152432045100330   
20170319215243204510041    
20170319215243204510133    
20170319215243204510202    
20170319215243204510222    
20170319215243204510262    
20170319215243204520001    
20170319215243204520062    
20170319215243204541034    
20170319215827203710011    
20170319215827203710031    
20170319215827203710041    
20170319215827203710061    
20170319215827203710091    
20170319215827203710131    
20170319215827203710161    
20170319215827203710181    
20170319215827203710201    
20170319215827203710221    
20170319215827203740002    
20170319215827203740011    
20170319215827203740021    
20170319215827203741033    
20170319215827203741041    
20170319215827203741051    
20170319215827203741061    
20170319215827203741071    
20170319215929103510021    
20170319215929103510061    
20170319215929103510262    
20170319215929103540001    
20170319215929103540011    
20170319215929103540021    
20170319215929103540091    
20170319215929103541031    
20170319215929103541071    
201703192249431042100320   
20170319224943104210041    
20170319224943104210061    
20170319224943104210081    
20170319224943104210133    
20170319224943104210182    
20170319224943104210202    
20170319224943104210222    
20170319224943104230061    
201703192249431042310320   
20170319224943104240001    
20170319224943104240012    
20170319224943104240021    
20170319224943104240151    
20170319224943104241032    
20170319224943104260081    
20170319224943104261035    
20170319224943104261045    
201703192312332047100320   
20170319231233204710041    
20170319231233204710132    
20170319231233204710188    
20170319231233204710191    
20170319231233204710222    
20170319231233204720001    
20170319231233204741061    
20170319231233204741071    
20170319231233204777791    
20170320004151104250013    
