201711102133550244100180   
20171110213355024410133    
20171110213355024410293    
201711102142521394100140   
20171110214252139410131    
20171110214252139410181    
201711102200491734100180   
20171110220049173410061    
20171110220049173410101    
20171110220049173410131    
20171110220049173410141    
20171110220049173410525    
20171110220049173415991    
20171110220049173418695    
201711102204530186100120   
20171110220453018610293    
20171110220608021610132    
201711102206080216100240   
