2017072520163516141001120  
20170725201635161410062    
20170725201635161410134    
20170725201635161410141    
20170725201635161410297    
201707252202060186100120   
201707252333530211100140   
20170725233353021110061    
20170725233353021110132    
20170725233353021110292    
201707260022040261100140   
20170726002204026110101    
20170726002204026110132    
20170726002204026110302    
20170726002204026110312    
20170726002204026110604    
201707260022420165100120   
20170726002242016510141    
201707260050501734100240   
20170726005050173410241    
201707260109190156100120   
20170726010919015610131    
201707260110572064100120   
20170726011057206410141    
20170726011057206410171    
201707260114340584100140   
20170726011434058410071    
20170726011434058410131    
20170726011434058415991    
201707260115430704100160   
20170726011543070410091    
20170726011543070413493    
201707260115480254100140   
20170726011548025410132    
20170726011548025410181    
20170726011548025410221    
20170726011548025413392    
201707260129030594100280   
20170726012903059410101    
20170726012903059410141    
201707260130101944100160   
20170726013010194410071    
20170726013010194410131    
20170726013010194410293    
20170726013010194413391    
20170726013010194415991    
201707260131070136100120   
20170726013107013610132    
20170726013107013610242    
2017072601345001901001100  
20170726013450019010061    
20170726013450019010133    
20170726013450019010303    
20170726013450019013395    
20170726013450019010571    
20170726013450019070004    
201707260142141334100160   
20170726014214133410132    
20170726014214133410141    
20170726014214133410221    
201707260146511824100260   
20170726014651182410132    
20170726014651182415991    
201707260156042084100180   
20170726015604208470025    
20170726015604208470005    
20170726015604208415991    
20170726015604208414094    
20170726015604208413492    
20170726015604208410582    
20170726015604208410295    
20170726015604208410445    
20170726015604208410061    
201707260156420201100140   
20170726015642020110281    
20170726015642020115991    
201707260159580914100180   
20170726015958091410285    
20170726015958091410141    
201707260207040244100140   
20170726020704024410132    
20170726020704024410293    
201707260209361364100140   
20170726020936136410131    
20170726020936136410292    
20170726020936136410301    
20170726020936136410311    
201707260210541214100240   
20170726021054121410101    
20170726021054121410111    
20170726021054121410131    
20170726021054121410302    
20170726021054121410432    
20170726021054121413492    
20170726021054121418295    
20170726022420019013691    
201707260235470223100140   
20170726023547022310061    
20170726023547022310133    
201707260239491724100140   
20170726023949172410061    
20170726023949172410132    
20170726023949172413492    
2017072602470902451001100  
20170726024709024510134    
20170726024709024510221    
20170726024709024514291    
20170726024709024519992    
201707260302171854100120   
20170726030217185410131    
20170726030217185410292    
20170726030217185410572    
20170726030217185413393    
20170726040204024510063    
20170726040204024510103    
20170726040204024515991    
