20170818213857502210041    
20170818213857502210051    
20170818213857502230011    
20170818213857502230141    
20170818213857502260031    
20170818213857502260175    
20170818214623606530042    
20170818214623606512581    
20170818214623606510052    
20170818214623606510041    
20170818223427609791021    
20170818223427609791061    
20170818223427609791082    
20170818223427609791091    
20170818223427609791141    
20170818223427609791162    
20170818223427609791491    
20170818223427609791561    
20170818223427609791761    
20170818224930603010051    
20170818224930603030401    
20170818224930603040111    
20170818224930603050031    
20170818224930603060061    
20170818224930603060071    
20170818232137602410061    
20170818232137602410071    
20170818232137602430191    
20170818232901505210051    
20170818232901505250031    
20170818233851302010012    
20170818233851302010053    
20170818233851302030032    
20170818233851302050022    
20170818233851302050032    
20170818233851302060221    
20170819003824100210041    
20170819003824100230031    
20170819003824100230261    
20170819003824100230283    
20170819003824100230881    
20170819003824100260052    
20170819020118604210041    
20170819020118604210051    
20170819020118604220041    
20170819020118604230281    
20170819020118604230351    
20170819020118604230422    
20170819020118604240081    
20170819020118604240111    
20170819020118604240131    
20170819020118604250011    
20170819020118604250051    
20170819021340600210011    
20170819021340600210051    
20170819021340600230031    
20170819021340600230042    
20170819021340600230151    
20170819021340600260221    
