201703171946220240100140   
20170317194622024010132    
20170317194622024010101    
20170317194622024010283    
20170317194622024010445    
20170317194622024010571    
201703172008101614100180   
20170317200810161410135    
20170317200810161410294    
201703172024470170100140   
201703172040470156100160   
20170317204047015610131    
20170317204047015610295    
201703172047070254100120   
20170317204707025410101    
20170317204707025410111    
20170317204707025410132    
20170317204707025410181    
20170317204707025410221    
20170317204707025410603    
2017031720495305941001260  
20170317204953059410138    
20170317204953059415993    
20170317204953059410112    
20170317204953059410101    
20170317204953059410402    
2017031720525302451001120  
20170317205253024510052    
20170317205253024510064    
20170317205253024510105    
20170317205253024510134    
20170317205253024510222    
20170317205253024510302    
20170317205253024510312    
20170317205253024510583    
20170317205253024515992    
201703172100501354100140   
20170317210050135410131    
20170317210050135410572    
201703172100510884100120   
20170317210051088410061    
201703172102381854100180   
20170317210238185410061    
20170317210238185410133    
20170317210238185410181    
20170317210238185410571    
20170317210238185410581    
20170317210238185470015    
20170317210238185470025    
