201707182326344199110120   
20170718232634419916035    
20170718232634419931041    
20170718232634419945011    
20170718232634419963251    
20170718233313416311015    
201707182333134163110210   
20170718233313416313025    
20170718233313416316035    
20170718233313416321015    
20170718233313416361391    
201707182353294191110210   
201707182353294191160310   
20170718235329419131031    
20170718235329419145011    
20170718235329419145041    
20170718235329419162492    
20170718235329419162502    
20170718235405416216025    
20170718235405416216035    
20170718235405416216045    
20170719000645421511018    
20170719000645421516021    
201707190006594212110210   
201707190006594212160310   
201707190154464117110215   
20170719015446411713025    
201707190154464117160320   
20170719015446411745012    
20170719015446411798011    
