20170516072951815210261    
20170516072951815220063    
20170516072951815220081    
20170516072951815250091    
20170516072951815250111    
20170516072951815210301    
20170516072951815210311    
20170516072951815210391    
20170516072951815210521    
20170516072951815216121    
20170516072951815210541    
20170516072951815210551    
20170516072951815210632    
20170516072951815210641    
20170516072951815210681    
20170516072951815220101    
20170516110502814810013    
20170516110502814810031    
20170516110502814810055    
20170516110502814810261    
20170516110502814810742    
201705161105028148161510   
20170516110502814820032    
201705161105028148200610   
20170516110502814820071    
20170516110502814820103    
20170516110502814820111    
20170516110502814820121    
20170516110527814810551    
20170516131143806310013    
20170516131143806310058    
20170516131143806310261    
20170516131143806310301    
20170516131143806310372    
20170516131143806310523    
20170516131143806310743    
20170516131143806311011    
201705161311438063161512   
20170516131143806320033    
20170516131143806320066    
20170516131143806320072    
20170516131143806320104    
20170516131143806320111    
20170516131143806320121    
20170516131143806330011    
20170516131143806330051    
20170516131143806350021    
20170516131143806350091    
20170516131143806350101    
20170516131143806350111    
20170516141209815510012    
20170516141209815510031    
20170516141209815510071    
20170516141209815510101    
20170516141209815510121    
201705161412098155200610   
20170516141209815540141    
20170516141209815530011    
20170516141209815510055    
20170516141209815510301    
20170516141209815510311    
20170516141209815510372    
20170516141209815510392    
20170516141209815516121    
201705161412098155161510   
20170516141209815510611    
20170516141209815510631    
20170516141209815520105    
20170516141209815520112    
20170516141209815511012    
201705161412098155110210   
20170516142735807816156    
20170516142735807820063    
20170516142735807820071    
20170516142735807820101    
20170516144709812210015    
20170516144709812210031    
20170516144709812210081    
20170516144709812210263    
201705161447098122200616   
201705161447098122100510   
20170516144709812210302    
20170516144709812210421    
20170516144709812216122    
201705161447098122161517   
20170516144709812210551    
20170516144709812220103    
20170516144709812220111    
20170516144709812220123    
20170516150555814210015    
20170516150555814220033    
201705161505558142200610   
20170516150555814250021    
20170516150555814250031    
20170516150555814250111    
20170516150555814210058    
201705161505558142161512   
20170516150555814220103    
20170516150555814220111    
20170516150555814210731    
20170516150555814220121    
20170516151040801816121    
201705161510408018161518   
20170516151040801820032    
201705161510408018200610   
20170516151040801820081    
20170516151040801820107    
20170516151040801820121    
20170516153156810310014    
20170516153156810310261    
20170516153156810320032    
201705161531568103200614   
20170516153156810320072    
20170516153156810320081    
20170516153156810350021    
20170516153156810350101    
201705161531568103100510   
20170516153156810310311    
201705161531568103161514   
20170516153156810320102    
20170516153156810320111    
20170516153156810320121    
20170516153156810310742    
20170516153242813010013    
20170516153242813010021    
20170516153242813010057    
20170516153242813010261    
20170516153242813010371    
20170516153242813010522    
20170516153242813016121    
201705161532428130161515   
20170516153242813020031    
20170516153242813020066    
20170516153242813020072    
20170516153242813020081    
20170516153242813020104    
20170516153242813020111    
20170516153242813020121    
20170516153400811710013    
20170516153400811710121    
20170516153400811710372    
20170516153400811710392    
20170516153400811710541    
20170516153400811716156    
20170516153400811720065    
20170516153400811720071    
20170516153400811720102    
20170516153400811720111    
20170516153400811720122    
20170516153615810710014    
20170516153615810710031    
20170516153615810710057    
20170516153615810710263    
20170516153615810710391    
20170516153615810710642    
20170516153615810710691    
20170516153615810716122    
201705161536158107161515   
20170516153615810720035    
201705161536158107200615   
20170516153615810720074    
20170516153615810720109    
20170516153615810720112    
20170516155938811910016    
201705161559388119100512   
20170516155938811910261    
20170516155938811910522    
20170516155938811910541    
20170516155938811910641    
20170516155938811910681    
20170516155938811916122    
201705161559388119161525   
20170516155938811920033    
201705161559388119200614   
20170516155938811920073    
20170516155938811920081    
20170516155938811920103    
20170516155938811920112    
20170516155938811950021    
20170516155938811950111    
20170516161143810610053    
20170516161143810610301    
20170516161143810610371    
20170516161143810610522    
20170516161143810611011    
20170516161143810611027    
20170516161143810616122    
201705161611438106161512   
20170516161143810620041    
201705161611438106200610   
20170516161143810620103    
20170516161143810630011    
20170516161143810640071    
20170516161143810640202    
20170516161143810650101    
20170516161214800716153    
20170516161214800710011    
20170516161214800720064    
20170516161214800720072    
20170516161214800720101    
20170516161214800720111    
20170516161214800710052    
20170516161230800210021    
201705161612308002200622   
20170516161230800220076    
201705161612308002201012   
20170516161230800220034    
20170516161230800220082    
20170516161230800220125    
201705161612308002161516   
20170516161230800216121    
201705161612308002100114   
20170516161557810910013    
20170516161557810910055    
20170516161557810910302    
20170516161557810910312    
20170516161557810910371    
20170516161557810910551    
20170516161557810910611    
20170516161557810910742    
201705161615578109161510   
20170516161557810920064    
20170516161557810920103    
20170516165203810810012    
20170516165203810810056    
20170516165203810810262    
20170516165203810810302    
20170516165203810810311    
20170516165203810810611    
20170516165203810810641    
20170516165203810810681    
20170516165203810811011    
201705161652038108110210   
20170516165203810816121    
201705161652038108161518   
20170516165203810820031    
201705161652038108200612   
20170516165203810820072    
20170516165203810820103    
20170516165203810820111    
20170516165203810850021    
20170516165203810850101    
20170516165216813410012    
20170516165216813410053    
20170516165216813416157    
20170516165216813420066    
20170516165216813420072    
20170516165216813420103    
20170516165216813440071    
20170516165216813450092    
20170516165216813450102    
201705161702498055100510   
20170516170249805510262    
20170516170249805510391    
20170516170249805510522    
20170516170249805510641    
20170516170249805510731    
20170516170249805516121    
201705161702498055161515   
20170516170249805520033    
201705161702498055200615   
20170516170249805520072    
20170516170249805520107    
20170516170249805520122    
20170516170249805550021    
20170516170249805550091    
20170516170249805550101    
201705161707308116200610   
20170516170730811620081    
20170516170730811640051    
20170516170730811650112    
20170516170730811630011    
20170516170730811610055    
20170516170730811610372    
20170516170730811610392    
201705161707308116161510   
20170516170730811620103    
20170516170730811620112    
20170516170730811620121    
