20170517153255606320012    
20170517153255606320122    
201705171858006062200110   
20170517204702900620012    
20170517222143302120014    
20170517222143302120064    
20170517222143302120151    
20170517223322100220012    
20170517224403502220014    
20170517224403502220062    
20170517233811603020012    
20170517233811603020062    
20170517233811603020071    
20170517234150602420012    
20170517234428602420151    
20170517235811609920012    
20170517235811609920062    
20170517235811609920071    
20170517235811609920301    
20170518000114505220012    
20170518001134606920012    
20170518001134606920681    
20170518011650609220015    
201705180116506092200510   
20170518015123300120012    
20170518024300604220014    
20170518024300604220061    
20170518024300604220071    
20170518024300604220811    
20170518024300604240251    
