20170817194929113210014    
20170817194929113210366    
20170817194929113210373    
20170817194929113210392    
20170817194929113220023    
20170817194929113230062    
20170817194929113230221    
20170817194929113230641    
20170817194929113240321    
20170817194929113260251    
20170817194929113260261    
20170817194929113260271    
20170817194929113260554    
20170817194929113291982    
20170817194929113293106    
20170817200144113240271    
20170817202127109430222    
20170817202127109430312    
20170817202127109430641    
20170817202127109450011    
20170817202127109450091    
20170817202127109460102    
20170817202127109460171    
20170817202127109460222    
20170817202127109492511    
20170817202127109492521    
20170817202127109492551    
20170817202127109492592    
20170817202127109492732    
20170817202127109492742    
20170817202127109492802    
20170817202127109492871    
20170817202127109492881    
20170817202127109492902    
20170817202127109493011    
20170817203214109440052    
20170817203923114410012    
20170817203923114410372    
20170817203923114430221    
20170817203923114430641    
20170817214050110510018    
20170817214050110510362    
20170817214050110510373    
20170817214050110530091    
20170817214050110530221    
20170817214050110550061    
20170817214050110560271    
20170817214050110560491    
20170817214050110591937    
20170817214050110591942    
20170817214050110592805    
20170817214050110592903    
20170817214050110592952    
20170817214233110910013    
20170817214233110910131    
20170817214233110930221    
20170817214233110930274    
201708172142331109302810   
20170817214233110950011    
20170817214233110950071    
20170817214233110950081    
20170817214233110960061    
20170817214233110960291    
201708172142331109919320   
20170817214451113210011    
20170817222436108210143    
20170817222436108220012    
20170817222436108220025    
20170817222436108230223    
20170817222436108230233    
20170817222436108230641    
20170817222436108240091    
20170817222436108240221    
20170817222436108240241    
20170817222436108240251    
20170817222436108240271    
20170817222436108240321    
20170817222436108250041    
20170817222436108250051    
20170817222436108250081    
20170817222436108260225    
20170817222745108410011    
20170817222745108420021    
20170817222745108440012    
20170817222745108450011    
20170817222745108460091    
20170817222745108460261    
20170817222745108491001    
20170817230541108730102    
20170817230541108730223    
20170817230541108730276    
20170817230541108730286    
20170817230541108730312    
20170817230541108730514    
20170817230541108730641    
20170817230541108740251    
20170817230541108740271    
20170817230541108750012    
20170817230541108750061    
20170817230541108750081    
20170817230541108760101    
20170817230541108760251    
201708172305411087919330   
20170817230541108792511    
20170817230541108792521    
20170817230541108792542    
20170817230541108792906    
20170817230541108792951    
20170817230541108793011    
20170817230541108793172    
20170817234620110310145    
20170817234620110310173    
20170817234620110340321    
20170818000442102610013    
20170818000442102620022    
20170818000442102630222    
20170818000442102630261    
20170818000442102630292    
20170818000442102630321    
20170818000442102630641    
20170818000442102650061    
20170818002632112710015    
20170818002632112710132    
20170818002632112710174    
20170818002632112710295    
20170818002632112720011    
20170818002632112730103    
20170818002632112730221    
20170818002632112730284    
20170818002632112730512    
20170818002632112730641    
20170818002632112740052    
20170818002632112750011    
20170818002632112760042    
20170818002632112760111    
20170818002632112760171    
20170818002632112760221    
20170818002632112760233    
201708180026321127919315   
20170818002632112792541    
20170818002632112792781    
20170818002632112792802    
20170818002632112792842    
20170818002632112792872    
20170818002632112792882    
20170818002632112792902    
20170818002632112793012    
20170818002632112793173    
20170818012635104610292    
20170818012635104630123    
20170818012635104640065    
20170818012635104660042    
20170818013211101210014    
20170818013211101210171    
20170818013211101250081    
20170818013211101292442    
