201703222255210231110210   
20170322225521023111063    
20170322225521023112135    
20170322225521023115045    
20170322225521023116031    
201703222327490123110210   
201703222327490123110511   
20170322232749012317631    
201703230013410343110230   
201703230013410343110310   
201703230013410343110510   
20170323001341034311065    
20170323001341034311261    
20170323001341034315061    
20170323001341034317213    
20170323001341034317521    
20170323001341034319201    
20170323001341034319221    
20170323001341034321061    
20170323001341034321071    
201703230111100156110235   
20170323011110015613012    
20170323011110015611056    
20170323011110015611066    
20170323011110015621061    
20170323011110015617091    
20170323011110015617351    
20170323011110015617421    
201703230127140284110210   
20170323012714028411055    
20170323012714028412133    
20170323012714028413011    
20170323012714028417301    
20170323012714028417351    
20170323013616011513011    
20170323013616011517031    
201703230136160115110320   
20170323013616011512121    
201703230138540345110210   
20170323013854034511051    
20170323013854034511064    
20170323013854034519201    
201703230138540345110310   
20170323013854034517421    
20170323013854034515133    
20170323013854034518211    
201703230141050011110110   
20170323014105001121061    
20170323014105001112136    
201703230141460320110210   
20170323014146032013011    
201703230155060237110310   
20170323015506023713011    
201703230207030055110110   
20170323020703005516061    
20170323020703005517471    
20170323020703005517041    
20170323020703005517351    
20170323021239012511062    
201703230212390125110110   
201703230212390125110210   
20170323021239012513012    
201703230220050069110310   
201703230224040076110210   
20170323022404007611051    
20170323022404007611062    
20170323022751032211051    
20170323022751032211062    
20170323022751032211072    
20170323022751032215131    
201703230234120279110310   
20170323023412027913011    
20170323023412027919221    
20170323023412027913091    
20170323023412027915042    
20170323023412027917031    
201703230238570327110210   
201703230238570327110310   
20170323023857032711052    
20170323023857032711062    
20170323023857032713012    
20170323031713007111053    
20170323031713007113011    
20170323031713007117211    
201703230317130071110310   
201703230322150185110210   
20170323032215018515044    
20170323032215018511132    
20170323032215018515013    
20170323032215018516042    
20170323032215018513011    
20170323032215018511081    
20170323032215018522671    
201703230325340181110210   
20170323032534018111051    
20170323032534018111061    
20170323032534018115061    
20170323032534018118041    
20170323032534018113083    
201703230342090222110210   
201703230342090222110310   
20170323034209022211052    
20170323034209022213011    
20170323034209022213086    
201703230350260073110210   
20170323035026007311065    
