20170302072424101710015    
201703020724241017100215   
20170302072424101710042    
20170302072424101711025    
20170302072424101711045    
20170302072424101711083    
201703020724241017120110   
201703020724241017130115   
20170302072424101713023    
20170302072424101714011    
20170302072424101718013    
20170302091125100310012    
20170302091125100310022    
20170302091125100311023    
20170302091125100311051    
20170302091125100312011    
20170302091125100312028    
20170302091125100315021    
20170302091125100315041    
20170302091125100318011    
20170302091125100330021    
20170302094001102410013    
201703020940011024100215   
20170302094001102410041    
20170302094001102411011    
20170302094001102411025    
20170302094001102411031    
20170302094001102411045    
20170302094001102411082    
201703020940011024120210   
20170302094001102413015    
20170302094001102413021    
20170302094001102414011    
20170302094001102415022    
20170302094001102415031    
20170302094001102415041    
20170302094001102430021    
20170302094001102411094    
20170302094416101810017    
201703020944161018100210   
20170302094416101810081    
201703020944161018110210   
201703020944161018110410   
20170302094416101811082    
20170302094416101812031    
201703020944161018130110   
20170302094416101817012    
20170302094416101817021    
20170302094416101818015    
20170302100340102110013    
201703021003401021100212   
20170302100340102110093    
20170302100340102110102    
20170302100340102111024    
20170302100340102111032    
20170302100340102111043    
20170302100340102112011    
20170302100340102112025    
20170302100340102112033    
201703021003401021130110   
20170302100340102113023    
20170302100340102115031    
20170302100340102115041    
20170302100340102116016    
20170302100340102117012    
20170302100340102118012    
20170302100340102118031    
20170302100340102120022    
201703021109411014100215   
20170302110941101411045    
201703021109411014120215   
20170302111034102413012    
20170302111034102415061    
20170302111151101610015    
201703021111511016100225   
20170302111151101610031    
20170302111151101610042    
20170302111151101611011    
201703021111511016110210   
20170302111151101611045    
20170302111151101611083    
20170302111151101612031    
201703021111511016130120   
20170302111151101614011    
20170302111151101615014    
20170302111151101616012    
20170302111151101617022    
20170302112237102010016    
201703021122371020100220   
20170302112237102010031    
20170302112237102010041    
201703021122371020110210   
20170302112237102011045    
20170302112237102011085    
20170302112237102012031    
201703021122371020130115   
20170302112237102013022    
20170302112237102014011    
20170302112237102015061    
20170302112237102018013    
20170302112237102030023    
20170302112958102210013    
201703021129581022100220   
20170302112958102210042    
20170302112958102210091    
20170302112958102211011    
20170302112958102211025    
20170302112958102211043    
20170302112958102211051    
20170302112958102211071    
20170302112958102211081    
20170302112958102212012    
201703021129581022120215   
20170302112958102213015    
20170302112958102213021    
20170302112958102213061    
20170302112958102215011    
20170302112958102215021    
20170302112958102215041    
20170302112958102215051    
20170302112958102220022    
20170302114100101910013    
201703021141001019100220   
20170302114100101910041    
20170302114100101911011    
20170302114100101911024    
20170302114100101911051    
20170302114100101911061    
20170302114100101911073    
20170302114100101911082    
20170302114100101912015    
201703021141001019120210   
201703021141001019130110   
