201707262147410186100120   
20170726214741018613395    
201707262150172104100120   
20170726215017210410135    
201707262255490170100120   
20170726225549017010141    
20170726225549017010133    
201707262349190192100140   
20170726234919019210061    
20170726234919019210134    
20170726234919019210272    
20170726234919019210293    
20170726234919019210401    
20170726234930135410061    
20170726234930135410111    
20170726234930135410131    
20170726234930135410181    
20170726234930135410295    
20170726234930135410573    
201707262349301354100240   
201707262351211394100120   
20170726235121139410292    
20170726235121139410141    
201707270009120240100140   
20170727000912024010132    
20170727000912024015991    
201707270027320156100120   
20170727002732015610061    
20170727002732015615991    
201707270038171734100240   
20170727003817173410303    
20170727003817173410423    
20170727003817173410432    
20170727003817173410461    
20170727003817173410602    
20170727003817173415991    
20170727010203171410132    
20170727010203171415991    
20170727010203171413395    
20170727010203171410295    
201707270102031714100140   
201707270109580216100140   
20170727010958021610132    
201707270120041364100160   
20170727012004136410061    
20170727012004136410131    
20170727012004136410292    
20170727012004136410401    
20170727012004136410571    
20170727012004136415991    
201707270120530244100120   
20170727012053024410131    
201707270120530244105230   
20170727013651056410571    
201707270136510564100120   
20170727013651056410061    
20170727013651056410131    
201707270156010201100140   
20170727015601020115991    
201707270159460704100180   
20170727015946070410131    
20170727015946070415991    
20170727015946070413392    
20170727015946070410401    
2017072702065705941002100  
20170727020657059410074    
20170727020657059415994    
20170727020657059410101    
20170727020657059410113    
20170727020657059410401    
201707270222410211100140   
20170727022241021110131    
20170727022241021110292    
20170727022241021110401    
201707270232200223100140   
2017072702322002231054100  
20170727023220022310091    
201707270234290914100160   
20170727023429091410221    
20170727023429091410132    
20170727023429091410171    
201707270301361724100140   
20170727030136172410131    
20170727030136172410292    
20170727030136172410301    
20170727030136172410311    
201707270305301324100160   
20170727030530132410132    
20170727030530132410433    
201707270331350584100140   
2017072703321002451001120  
20170727033210024510053    
20170727033210024510133    
20170727033210024510222    
20170727033210024510285    
20170727033210024515991    
201707270357331854100120   
20170727035733185410061    
20170727035733185410111    
20170727035733185410131    
20170727035733185410181    
20170727035733185410292    
20170727035733185410301    
20170727035733185410311    
20170727035733185410445    
20170727035733185413395    
20170727035733185413492    
20170727035733185414092    
20170727035733185470015    
