20170329233327106218043    
20170329233327106218063    
20170329233327106211072    
20170329233327106214012    
20170329233327106215061    
20170329233327106223651    
20170329233327106224511    
20170329233327106226562    
20170329233327106214191    
20170329233327106216011    
20170329233327106289391    
20170329233327106223832    
20170329233821105214191    
20170329233821105218062    
20170329233821105223661    
20170329233821105223832    
20170329233821105227262    
20170330043223109311071    
20170330043223109316141    
20170330043223109323631    
20170330043223109323771    
20170330043223109389352    
20170330043223109389361    
20170330043223109390021    
20170330043223109390044    
20170330043223109390286    
