201712052328550343110210   
20171205232855034311053    
20171205232855034311251    
20171205232855034313091    
20171205232855034317351    
20171205232855034317421    
201712052330450011110120   
20171205233045001113011    
20171205233045001117031    
20171205233045001112136    
201712060017242201110210   
20171206001724220111055    
20171206001724220117131    
20171206001724220117301    
201712060030420156110210   
20171206003042015611062    
20171206003042015617351    
20171206003042015621061    
20171206003229034511064    
201712060032290345110310   
20171206003229034518161    
20171206003229034517691    
20171206004545008811062    
20171206004545008811051    
201712060045450088110110   
20171206004545008812132    
20171206004545008815012    
20171206004545008821031    
20171206004545008817031    
201712060118340331110210   
20171206011834033111054    
20171206011834033113011    
20171206011834033122041    
20171206011834033119301    
20171206011834033115061    
20171206011949011513011    
201712060119490115110320   
20171206011949011517471    
20171206011949011517641    
201712060122110069110210   
20171206012211006911052    
20171206012211006921081    
20171206012211006913091    
201712060127250125110115   
201712060127250125110210   
20171206012725012511051    
20171206012725012511063    
20171206012725012513011    
20171206012725012515043    
201712060127530329110210   
20171206012753032916051    
20171206012753032917301    
20171206012753032911061    
20171206012914004111052    
201712060129140041110310   
201712060156120210110220   
20171206015612021011053    
20171206015612021011063    
20171206015612021011075    
20171206015612021013011    
20171206015612021017011    
20171206015612021019201    
20171206015612021017351    
20171206015612021021002    
20171206020937019011062    
20171206020937019017351    
20171206020937019015061    
20171206022037027913011    
20171206022037027918062    
20171206022037027919031    
20171206022037027917351    
201712060221340065110110   
201712060259070181110210   
20171206025907018111051    
20171206025907018111065    
20171206025907018113012    
20171206025907018115133    
20171206025907018111072    
20171206025907018115061    
201712060313140055110110   
20171206031314005511052    
20171206031314005513011    
201712060319140242110220   
20171206031914024211053    
20171206031914024211066    
201712060329180327110210   
20171206032918032711051    
20171206032918032711062    
20171206032918032711071    
201712060344160185110210   
20171206034416018511062    
20171206034416018515122    
201712060344420073110210   
201712060344420073121310   
