201701042159280073110210   
20170104215928007311065    
20170104215928007313011    
201701042346180088110110   
20170104234618008813011    
20170104234618008815044    
20170104234618008817471    
20170104234618008817351    
201701050019370322110210   
20170105001937032211052    
20170105001937032211061    
201701050023030123110210   
20170105002303012313011    
201701050024300041110510   
20170105002430004117041    
20170105002430004117061    
20170105002430004115042    
20170105002430004115062    
20170105002903032918041    
20170105002903032911061    
20170105002903032917451    
20170105002903032915041    
20170105002903032915021    
20170105002903032915011    
201701050039080343110210   
20170105003908034311035    
20170105003908034311053    
20170105003908034311061    
20170105003908034313085    
20170105003908034315045    
201701050050450156110210   
20170105005045015611054    
20170105005045015611063    
20170105005223019712135    
20170105005223019712144    
20170105005223019713085    
20170105005223019715022    
20170105005223019715061    
20170105005223019718051    
201701050121320284110210   
201701050128240210110220   
20170105012824021011054    
20170105012824021011075    
20170105012824021013012    
20170105012824021018011    
20170105012824021022031    
20170105012824021015045    
201701050130570237110310   
20170105013057023721011    
20170105013057023713091    
201701050134320320110210   
20170105013432032011071    
20170105013432032013011    
20170105013432032013083    
201701050142250150110110   
20170105014225015011052    
20170105014225015011163    
20170105014317024711025    
20170105014317024711053    
20170105014317024721011    
20170105014317024711035    
20170105014317024717131    
20170105014317024716101    
201701050204270345110210   
20170105020427034511052    
20170105020427034517351    
20170105020427034517421    
20170105020427034511262    
201701050229550264110220   
20170105022955026411055    
20170105022955026413012    
20170105022955026421021    
201701050231000327110210   
20170105023100032711054    
20170105023100032711061    
20170105023100032715131    
20170105023303012511015    
201701050233030125110210   
20170105023303012518181    
20170105023303012512134    
20170105023303012517291    
20170105023303012511062    
20170105023849027921051    
20170105023849027922061    
20170105023849027919221    
201701050238490279110310   
20170105023849027921011    
201701050242510087110210   
20170105024251008711062    
20170105024251008713011    
20170105024251008719131    
201701050300350222110210   
20170105030035022211035    
201701050302120029110210   
20170105030212002911062    
20170105030212002921062    
201701050304020181110210   
20170105030402018111052    
20170105030402018117471    
20170105030402018116045    
20170105030402018114011    
20170105030402018115061    
20170105030402018111071    
20170105030402018112141    
201701050313210071110210   
20170105031321007111055    
20170105031321007117212    
20170105031321007115045    
20170105031321007117351    
201701050313210071110310   
20170105031321007117451    
201701050340520185110210   
20170105034052018515123    
20170105034052018513011    
20170105034052018511051    
20170105034052018517011    
20170105034052018512134    
