20170425125335100510011    
20170425125335100510021    
20170425125335100510031    
20170425125335100510182    
20170425125335100510222    
20170425125335100520041    
20170425125335100520052    
20170425125335100520103    
20170425125335100540001    
20170425125335100540013    
20170425125335100540021    
20170425125335100540031    
20170425125335100540151    
20170425125335100541051    
20170425125335100541071    
20170425164253100110021    
20170425164253100110031    
20170425164253100110041    
20170425164253100110132    
20170425164253100110202    
20170425164253100110222    
20170425164253100120011    
20170425164253100120022    
20170425164253100131034    
20170425164253100140031    
20170425164253100140052    
20170425164253100141032    
20170425164253100141041    
20170425164253100141051    
20170425173258102010021    
20170425173258102010031    
20170425173258102010061    
20170425173258102010133    
20170425173258102010185    
20170425173258102010192    
20170425173258102020001    
20170425173258102030041    
20170425173258102030062    
20170425173258102040052    
20170425173258102041041    
20170425180255104010011    
20170425180255104010021    
20170425180255104010041    
20170425180255104010191    
20170425180255104010201    
20170425180255104010221    
20170425180255104040001    
20170425180255104040012    
20170425180255104041033    
20170425180255104077791    
20170425184628103410031    
20170425184628103410185    
20170425184628103410202    
20170425184628103410224    
20170425184628103441033    
20170425184628103441051    
20170425184628103441061    
20170425184628103441071    
20170425185608202510011    
20170425185608202510021    
20170425185608202510131    
20170425185608202510184    
20170425185608202510191    
20170425185608202510201    
20170425185608202510222    
20170425185608202510262    
20170425185608202530121    
20170425185608202540051    
20170425185608202540191    
20170425185608202541031    
20170425193952203710021    
20170425193952203710031    
20170425193952203710042    
20170425193952203710131    
20170425193952203710182    
20170425193952203710202    
20170425193952203710221    
20170425193952203730121    
20170425193952203731031    
20170425193952203740001    
20170425193952203740014    
20170425193952203740021    
20170425193952203740031    
20170425193952203740051    
20170425193952203740151    
20170425193952203741033    
20170425193952203741041    
20170425193952203741051    
20170425193952203760071    
20170425200321204010022    
20170425200321204010031    
20170425200321204010091    
20170425200321204010132    
20170425200321204010181    
20170425200321204010201    
20170425200321204040151    
20170425200321204041032    
20170425200321204041041    
20170425201746104510021    
201704252017461045100320   
20170425201746104510133    
20170425201746104510181    
20170425201746104540012    
20170425201746104540071    
20170425201746104541032    
20170425201746104541041    
20170425205816103610021    
201704252058161036100320   
20170425205816103610091    
20170425205816103610185    
20170425205816103610192    
20170425205816103610202    
201704252058161036310320   
20170425205816103640052    
20170425205816103640191    
20170425205816103641033    
20170425210140103510031    
20170425210140103540001    
20170425210140103540012    
20170425210140103540021    
201704252101401035401610   
20170425210140103541031    
20170425210140103541041    
20170425210140103541071    
20170425210140103560081    
20170425210140103561035    
201704252143041046100318   
20170425214304104610051    
20170425214304104610091    
20170425214304104610132    
20170425214304104610203    
20170425214304104610222    
20170425214304104620061    
20170425214304104640001    
20170425214304104640031    
20170425214304104640052    
20170425214304104640111    
20170425214304104641031    
20170425214304104641041    
20170425214304104678121    
20170425214646103310021    
20170425214646103310032    
20170425214646103310133    
20170425214646103310181    
20170425214646103310202    
20170425214646103310261    
20170425214646103320061    
20170425214646103340013    
20170425214646103340021    
20170425214646103340052    
20170425214646103340151    
20170425214646103340165    
20170425214646103341032    
20170425214646103378121    
20170425214744104110011    
201704252147441041100320   
20170425214744104110042    
20170425214744104110135    
20170425214744104110202    
20170425214744104110222    
20170425214744104120061    
20170425214744104140031    
20170425214744104140151    
20170425214744104141032    
201704252232362045100320   
20170425223236204510041    
20170425223236204510133    
20170425223236204510202    
20170425223236204510222    
20170425223236204510262    
20170425223236204520001    
20170425223236204540031    
20170425223236204540151    
20170425223236204541034    
20170425223236204541041    
20170426005706104210021    
201704260057061042100320   
20170426005706104210132    
20170426005706104210182    
20170426005706104210222    
20170426005706104220071    
20170426005706104230121    
20170426005706104240001    
20170426005706104240012    
20170426005706104240021    
20170426005706104240191    
20170426005706104241032    
20170426005706104241061    
20170426005706104241071    
20170426005706104261045    
