201708261423190248001016   
20170826142319024800038    
20170826142319024800047    
20170826142319024800571    
20170826142319024800082    
20170826142319024800063    
20170826142319024800072    
20170826142319024800201    
20170826142319024802041    
20170826142319024805041    
201708261423190248050710   
20170826142319024805082    
20170826142319024805132    
20170826142319024805144    
201708261423190248051515   
20170826142319024805161    
20170826143425023000032    
20170826143425023000043    
20170826143425023000105    
20170826143425023002031    
20170826143425023005122    
20170826143425023000451    
20170826143425023000071    
20170826143425023000061    
20170826143425023005021    
20170826143425023005172    
20170826143425023005042    
20170827082429026600103    
20170827082429026600031    
20170827082429026600041    
20170827082429026600072    
20170827082429026600201    
20170827082429026600221    
20170827082429026600231    
20170827082429026600251    
20170827082429026600301    
20170827082429026640211    
201708270824290266405510   
20170827082429026680012    
20170827082429026605021    
20170827082429026605042    
20170827082429026605141    
20170827082429026605161    
20170827082429026605202    
20170827082429026605122    
20170827082429026640131    
20170827082513802500032    
20170827082513802500042    
20170827082513802500201    
20170827082513802500104    
20170827082513802505021    
20170827082513802505032    
20170827082513802505042    
20170827082513802540525    
20170827082513802500061    
20170827082513802502042    
20170827083855028100108    
20170827083855028100033    
20170827083855028100043    
20170827083855028100074    
20170827083855028100572    
20170827083855028105143    
20170827083855028105134    
201708270838550281050730   
20170827083855028105122    
20170827083855028105202    
20170827083855028180018    
20170827085044028105164    
20170827091406007600032    
20170827091406007600041    
20170827091406007600103    
20170827091406007605021    
20170827091406007640525    
20170827091406007605041    
20170827092558028300031    
20170827092558028300081    
20170827092558028305021    
20170827092558028305041    
20170827092558028380011    
20170827102018026600281    
20170827102018026605131    
20170827102018026600581    
20170827104845018900031    
20170827104845018900041    
20170827104845018900211    
20170827104845018900221    
20170827104845018900102    
20170827104845018900281    
20170827104845018905021    
20170827104845018905042    
20170827104845018905122    
20170827104845018905152    
20170827104845018905162    
20170827104845018940212    
20170827104845018940523    
20170827104845018940533    
20170827104845018940555    
20170827104845018900062    
20170827104845018900072    
20170827104845018902041    
20170827105224802000104    
20170827105224802000032    
20170827105224802000042    
20170827105224802000062    
20170827105224802000201    
20170827105224802002042    
20170827105224802000581    
20170827105224802005035    
20170827105224802005045    
20170827105224802005122    
20170827110444022100106    
20170827110444022100033    
20170827110444022100043    
20170827110444022100071    
20170827110444022100081    
20170827110444022100281    
20170827110444022102041    
201708271104440221050710   
20170827110444022100062    
20170827110501013100103    
20170827110501013100031    
20170827110501013100041    
20170827110501013100571    
20170827110501013100061    
20170827110501013100074    
20170827110501013100211    
20170827110501013100222    
20170827110501013102042    
20170827110501013100301    
20170827110501013140535    
20170827110501013140201    
20170827110501013140214    
20170827110501013140221    
201708271105010131405540   
20170827110501013180018    
20170827110501013180024    
20170827110501013105022    
20170827110501013105032    
201708271105010131050715   
20170827110501013105134    
20170827110501013105151    
20170827110501013105161    
20170827110501013140011    
20170827110501013140111    
20170827110501013140121    
20170827112519803000033    
20170827112519803000043    
20170827112519803000202    
20170827112519803000221    
20170827112519803000571    
20170827112519803000301    
20170827112519803000106    
20170827112519803000081    
20170827112519803000771    
20170827112519803005042    
20170827112519803005124    
20170827112519803005204    
20170827112519803002042    
20170827113221801800032    
20170827113221801800041    
20170827113221801800201    
20170827113221801800211    
20170827113221801800221    
20170827113221801800751    
20170827113221801800103    
20170827113221801800771    
20170827113221801805031    
20170827113221801805041    
20170827113221801805141    
20170827113221801805161    
20170827113221801840536    
20170827113221801800061    
20170827113742801900032    
20170827113742801900042    
20170827113742801900202    
20170827113742801900571    
20170827113742801900105    
20170827113742801905033    
20170827113742801905044    
20170827113742801905122    
20170827113742801905173    
20170827113742801900061    
20170827113742801902041    
20170827114111025800032    
20170827114111025800041    
20170827114111025800201    
20170827114111025800221    
20170827114111025800103    
20170827114111025800081    
20170827114111025840113    
20170827114111025800062    
20170827114111025800072    
20170827114111025840391    
20170827114111025802041    
20170827123257801300036    
20170827123257801300046    
20170827123257801300216    
20170827123257801300731    
201708271232578013001012   
20170827123257801300066    
20170827123650016100102    
20170827123650016100032    
20170827123650016100041    
20170827123650016100571    
20170827123650016100072    
20170827123650016140211    
201708271236500161405510   
20170827123650016105123    
20170827124132019300104    
20170827124132019300032    
20170827124132019300042    
20170827124132019300571    
20170827124132019300081    
20170827124132019300061    
20170827124132019300071    
20170827124132019300211    
20170827124132019302041    
20170827124132019300721    
20170827124132019302031    
20170827124132019300591    
20170827124132019340525    
20170827124132019340535    
20170827124132019340555    
20170827124132019305021    
20170827124132019305042    
20170827124132019305075    
20170827124132019305131    
20170827124132019305161    
20170827124132019340112    
20170827124132019340171    
20170827124132019340391    
20170827124600017800221    
20170827124600017802041    
20170827124600017800201    
20170827124600017840021    
20170827124600017800211    
20170827124600017805163    
20170827124600017805141    
20170827124600017805021    
20170827124600017805011    
20170827124600017805043    
20170827124600017805131    
20170827124600017805075    
20170827124600017800721    
20170827124600017800631    
20170827124600017800581    
20170827124600017800032    
20170827124600017800041    
20170827124600017800103    
20170827124600017805124    
20170827124600017805202    
20170827124600017800062    
20170827124600017800071    
20170827124840801600033    
20170827124840801600043    
20170827124840801600201    
20170827124840801600211    
20170827124840801600221    
20170827124840801600451    
20170827124840801600571    
20170827124840801600106    
20170827124840801600081    
20170827124840801600771    
20170827124840801605033    
20170827124840801605042    
201708271248408016050730   
20170827124840801605122    
20170827124840801605138    
20170827124840801605163    
20170827124840801640113    
20170827124840801640171    
20170827124840801640201    
20170827124840801640212    
201708271248408016405310   
20170827124840801600062    
20170827124840801600072    
20170827124840801602041    
20170827130139022700101    
20170827130139022700031    
20170827130139022700072    
20170827130139022700201    
20170827130139022705021    
20170827130139022740525    
20170827130139022740212    
201708271301390227405510   
20170827130332010800107    
20170827130332010800034    
20170827130332010800043    
20170827130332010800063    
20170827130332010800073    
20170827130332010805123    
20170827130332010805203    
201708271303320108405210   
20170827130332010805022    
20170827130332010880014    
20170827130332010880022    
20170827130332010880041    
20170827130332010805162    
20170827130425025100102    
20170827130425025100031    
20170827130425025100041    
20170827130425025100062    
20170827130425025100071    
20170827130425025100201    
201708271304250251402110   
201708271304250251405510   
20170827130425025180031    
20170827130425025105021    
20170827130425025105032    
20170827130425025105121    
20170827130425025105161    
20170827130425025102041    
20170827132151027600032    
20170827132151027600041    
20170827132151027600571    
20170827132151027600104    
20170827132151027600771    
20170827132151027680024    
20170827132151027600071    
201708271329218009990160   
201708271329218009990260   
20170827133208801400032    
20170827133208801400041    
20170827133208801400061    
20170827133208801400071    
20170827133208801400103    
20170827133208801400201    
20170827133208801405022    
20170827133208801405031    
20170827133208801405042    
20170827133208801405122    
20170827133208801405141    
20170827133208801405154    
20170827133208801405172    
20170827133208801405203    
20170827133208801440211    
20170827133208801480031    
20170827133409800200571    
20170827133409800200721    
20170827133409800200755    
20170827133409800200771    
20170827133409800200286    
201708271334098002050316   
201708271334098002050410   
201708271334098002051510   
20170827133409800240014    
20170827133409800240145    
20170827133409800240221    
201708271334098002800112   
20170827133409800280041    
20170827133409800205211    
20170827133409800200066    
20170827133409800200076    
201708271334098002990130   
201708271334098002990218   
20170827133409800202046    
20170827133502803400731    
201708271335028034990130   
20170827133505023200033    
20170827133505023200043    
20170827133505023200212    
20170827133505023200571    
20170827133505023200106    
20170827133505023205032    
20170827133505023205122    
20170827133505023205166    
20170827133505023205176    
20170827133505023205203    
20170827133505023280014    
20170827133505023200062    
20170827133505023200075    
20170827133730800300721    
20170827133730800305044    
201708271337308003990112   
20170827133730800399026    
20170827135503500200031    
20170827135503500200041    
20170827135503500200211    
20170827135503500200571    
20170827135503500200753    
20170827135503500200102    
20170827135503500205021    
20170827135503500205143    
20170827135503500240535    
20170827135503500200072    
20170827135503500280053    
20170827135503500280096    
20170827135503500280106    
20170827135822019800037    
20170827135822019800046    
201708271358220198001014   
20170827135822019800401    
20170827135822019800062    
20170827135822019805011    
20170827140552000300101    
20170827140552000300031    
20170827140552000300081    
20170827140552000300071    
20170827140552000300201    
20170827140552000340211    
20170827140552000305031    
20170827140552000305041    
20170827140552000305123    
20170827140552000305162    
20170827141500028600031    
20170827141500028600101    
20170827141500028605161    
201708271415000286405212   
20170827141500028640538    
20170827141500028680012    
20170827141826021300221    
20170827141826021300571    
20170827141826021300731    
20170827141826021300751    
20170827141826021305021    
20170827141826021305033    
20170827141826021305042    
201708271418260213050710   
20170827141826021305152    
20170827141826021340115    
20170827141826021340141    
20170827141826021305204    
20170827141826021340212    
20170827141826021340522    
20170827141826021340532    
20170827141826021300065    
201708271418260213000712   
20170827141826021340392    
201708271418260213990118   
201708271418260213990218   
20170827141826021302041    
20170827142245007200102    
20170827142245007200032    
20170827142245007200211    
20170827142315010700581    
20170827142315010700043    
20170827142315010700073    
20170827142315010700062    
20170827142315010700211    
20170827142315010700032    
20170827142315010700105    
20170827142321800000032    
20170827142321800000042    
20170827142321800000103    
20170827142321800000753    
20170827142401799805038    
20170827142401799805172    
20170827142505780300073    
20170827142505780399026    
20170827142638780000033    
20170827142638780000041    
20170827142638780000104    
20170827142638780000731    
20170827142638780005042    
20170827142638780005122    
20170827142929022400102    
20170827142929022400031    
20170827142929022400041    
20170827142929022405142    
20170827142929022405152    
20170827142929022400072    
20170827143010802100031    
20170827143010802100041    
20170827143010802100201    
20170827143010802100102    
20170827143010802100772    
20170827143010802105021    
20170827143010802105042    
20170827143010802105121    
20170827143010802105152    
20170827143010802105162    
20170827143010802140171    
20170827143010802180031    
20170827143010802100061    
20170827143010802102041    
20170827143034020700106    
20170827143034020700033    
20170827143034020700042    
20170827143034020700061    
20170827143034020700072    
20170827143034020700221    
20170827143034020700301    
20170827143034020700281    
20170827143034020740113    
20170827143034020705031    
20170827143200780600031    
20170827143200780600202    
20170827143200780600215    
20170827143200780600221    
20170827143200780600252    
20170827143200780600723    
20170827143200780600755    
20170827143200780600775    
201708271432007806050210   
20170827143200780605035    
20170827143200780605043    
20170827143200780605157    
20170827143200780605173    
20170827143200780640131    
201708271432007806405215   
201708271432007806405315   
201708271432007806405520   
20170827143200780680031    
201708271432007806990112   
20170827143200780699026    
20170827143224801500033    
20170827143224801500043    
20170827143224801500202    
20170827143224801500231    
20170827143224801500572    
20170827143224801500751    
20170827143224801500301    
20170827143224801500108    
20170827143224801500081    
20170827143224801500771    
20170827143224801505011    
20170827143224801505035    
20170827143224801505042    
201708271432248015050730   
20170827143224801505081    
20170827143224801505123    
20170827143224801505133    
20170827143224801505154    
20170827143224801505163    
20170827143224801540113    
20170827143224801540171    
20170827143224801505203    
20170827143224801540213    
20170827143224801500062    
20170827143224801500073    
20170827143224801540391    
20170827143224801502043    
20170827143259006700031    
20170827143259006700101    
20170827143259006740533    
20170827143259006705032    
20170827143259006705172    
20170827143259006705152    
20170827143557022900104    
20170827143557022900032    
20170827143557022900042    
20170827143557022900071    
20170827143557022905021    
20170827143557022905041    
20170827143557022905131    
20170827143603780100062    
20170827143603780100073    
20170827143603780100081    
20170827143603780100201    
20170827143603780100212    
20170827143603780100401    
20170827143603780100571    
20170827143603780100721    
20170827143603780102041    
20170827143603780105022    
20170827143603780105033    
20170827143603780105121    
20170827143603780105141    
20170827143603780105155    
20170827143603780105172    
20170827143603780140111    
20170827143603780140391    
20170827143603780140525    
20170827143603780140537    
201708271436037801990110   
201708271436037801990210   
20170827143911780200031    
20170827143911780200041    
20170827143911780200102    
20170827143911780200401    
20170827143911780200722    
20170827143911780205022    
20170827143911780205171    
201708271439117802405320   
20170827144104803500451    
201708271441048035990130   
201708271441048035990230   
20170827144232016900102    
20170827144232016900031    
20170827144232016900041    
20170827144232016900072    
20170827144232016940555    
20170827144232016905075    
20170827144338028200105    
20170827144338028200034    
20170827144338028200041    
20170827144338028200075    
20170827144338028240525    
20170827144338028240535    
20170827144338028280014    
20170827144338028280024    
20170827144338028240392    
20170827144338028240212    
20170827144338028200281    
20170827144338028200221    
20170827144338028202031    
20170827144604780700032    
20170827144604780700041    
20170827144604780700101    
20170827144604780700301    
20170827144604780700441    
20170827144604780700731    
20170827144604780705021    
20170827144604780705042    
20170827144604780705121    
20170827144604780705172    
20170827144604780740113    
201708271446047807405310   
20170827144732025500031    
20170827144732025500061    
20170827144732025500071    
20170827144732025500211    
20170827144732025580012    
20170827144732025505131    
20170827144732025540021    
20170827145302009500108    
20170827145302009500034    
20170827145302009500044    
20170827145302009500571    
20170827145302009500063    
20170827145302009500073    
20170827145302009505081    
201708271459370157850014   
20170827145937015700034    
20170827145937015700043    
20170827145937015700572    
20170827145937015700062    
20170827145937015700072    
20170827145937015700202    
20170827145937015700212    
20170827145937015700221    
20170827145937015700302    
20170827145937015700752    
20170827145937015740212    
20170827145937015740221    
20170827145937015780018    
20170827145937015780024    
20170827145937015780032    
20170827145937015705022    
20170827145937015705032    
20170827145937015705042    
20170827145937015705143    
20170827145937015705163    
201708271500060077001010   
20170827150006007700036    
20170827150006007700044    
20170827150006007700571    
20170827150006007700063    
20170827150006007700072    
20170827150006007700212    
20170827150006007740525    
20170827150006007700203    
20170827150019004800103    
20170827150019004800032    
20170827150019004800041    
20170827150623801300571    
20170827150623801300081    
20170827150655022300102    
20170827150655022300032    
20170827150655022300041    
20170827150655022300211    
20170827150655022380012    
20170827150655022305033    
20170827150655022305172    
201708271511140098990112   
201708271511140098990212   
20170827151218027900102    
20170827151218027900031    
20170827151218027900041    
20170827151218027900061    
20170827151218027900071    
20170827151218027900211    
20170827151218027900281    
20170827151218027902041    
201708271512180279405210   
201708271512180279405310   
20170827151218027905042    
20170827151218027940212    
201708271512180279405520   
201708271512180279050710   
20170827151218027980024    
20170827151218027905162    
20170827151218027905141    
20170827151218027905151    
20170827151218027940391    
20170827151220006200102    
20170827151220006200031    
20170827151220006200041    
20170827151220006205021    
20170827151342008900033    
20170827151342008900042    
20170827151342008900106    
20170827151342008900061    
20170827151342008900072    
20170827151342008905175    
20170827151509014400032    
20170827151509014400041    
20170827151509014400211    
20170827151509014400571    
20170827151509014400631    
20170827151509014400104    
20170827151509014405031    
20170827151509014405041    
20170827151509014405151    
20170827151509014400061    
20170827151509014402041    
20170827151659802300104    
20170827151659802300032    
20170827151659802300042    
20170827151659802300571    
20170827151659802300064    
20170827151659802300072    
20170827151659802300201    
20170827151659802300221    
20170827151659802302041    
20170827151659802300581    
20170827151659802300591    
201708271516598023405210   
201708271516598023405310   
201708271516598023405520   
20170827151659802305022    
20170827151659802305036    
20170827151659802305043    
201708271516598023050720   
20170827151659802305081    
20170827151659802305121    
20170827151659802305142    
20170827151659802305152    
20170827151659802305174    
20170827151659802340112    
20170827151659802340391    
20170827151659802340214    
20170827151659802340201    
20170827151659802340221    
20170827151709028500031    
20170827151709028500041    
20170827151709028500061    
20170827151709028500072    
20170827151709028500103    
20170827151709028500211    
20170827151709028500221    
20170827151709028500281    
20170827151709028500301    
20170827151709028500771    
20170827151709028502022    
20170827151709028505011    
20170827151709028505021    
201708271517090285050710   
20170827151709028505133    
20170827151709028540391    
201708271517090285405520   
20170827151709028580031    
20170827152023023700103    
20170827152023023700031    
20170827152023023700041    
20170827152023023700061    
20170827152023023700071    
20170827152023023700301    
20170827152023023700281    
20170827152023023700751    
20170827152023023740211    
20170827152023023740221    
20170827152023023705202    
20170827152023023705041    
20170827152023023705031    
20170827152023023705075    
20170827152023023705122    
20170827152023023705131    
20170827152023023705162    
20170827152134006300036    
20170827152134006300043    
20170827152134006300109    
20170827152134006300064    
20170827152134006300074    
20170827152134006380091    
20170827152134006380103    
20170827152134006300202    
20170827152134006300212    
20170827152134006300221    
20170827152134006300231    
20170827152134006300631    
20170827152134006300721    
20170827152134006300751    
20170827152134006302042    
20170827152134006300401    
20170827152134006300441    
20170827152134006300581    
20170827152134006340535    
201708271521340063800112   
20170827152134006380024    
20170827152134006380051    
20170827152134006305021    
201708271521340063050710   
20170827152134006305125    
20170827152134006305132    
20170827152134006305143    
20170827152134006305152    
20170827152134006305164    
20170827152134006340114    
20170827152134006340391    
20170827152332005700032    
20170827152332005700043    
20170827152332005700106    
20170827152332005700401    
201708271523320057000718   
20170827152332005705031    
20170827152437011405141    
20170827152437011400061    
20170827152437011400031    
20170827152437011400041    
20170827152437011400103    
20170827152437011400401    
20170827152626020000103    
20170827152626020000031    
20170827152626020000042    
20170827152626020000061    
20170827152626020000072    
20170827152626020000201    
20170827152626020000251    
20170827152626020002042    
20170827152626020040212    
20170827152626020005021    
20170827152626020005042    
20170827152626020005081    
20170827152626020005123    
20170827152626020005151    
20170827152626020005162    
20170827152626020000401    
20170827152656000300071    
201708271527370011001013   
20170827152737001100034    
20170827152737001100044    
20170827152737001100073    
20170827152737001102041    
20170827152737001105152    
20170827153019802400031    
20170827153019802400041    
20170827153019802400212    
20170827153019802400571    
20170827153019802400102    
20170827153019802405011    
20170827153019802405021    
20170827153019802405032    
20170827153019802405042    
20170827153019802405081    
20170827153019802405152    
20170827153019802440131    
20170827153019802440525    
20170827153019802400062    
20170827153019802400072    
20170827153019802402041    
20170827153226801700035    
20170827153226801700044    
20170827153226801700202    
20170827153226801700212    
20170827153226801700221    
20170827153226801700581    
20170827153226801700722    
20170827153226801700751    
20170827153226801700109    
20170827153226801700081    
20170827153226801705022    
20170827153226801705032    
20170827153226801705043    
201708271532268017050712   
20170827153226801705126    
20170827153226801705132    
20170827153226801705141    
20170827153226801705153    
20170827153226801705165    
20170827153226801740113    
20170827153226801740131    
20170827153226801705204    
20170827153226801780032    
20170827153226801700063    
20170827153226801700071    
20170827153226801740391    
20170827153226801702041    
20170827153235801300032    
20170827153235801300042    
20170827153235801300104    
20170827153645003300105    
20170827153645003300033    
20170827153645003300042    
20170827153645003300061    
20170827153645003300211    
20170827153645003300221    
20170827153645003300281    
20170827153645003305031    
20170827153645003305141    
20170827153645003305124    
20170827153645003305152    
20170827153830019500102    
20170827153830019500031    
20170827153830019500041    
20170827153830019500571    
20170827153830019500061    
20170827153830019500072    
20170827153830019505202    
20170827153830019500221    
20170827153830019500281    
20170827153830019500721    
20170827153830019502041    
201708271538300195405210   
201708271538300195405310   
20170827153830019580014    
20170827153830019580021    
20170827153830019505011    
20170827153830019505031    
20170827153830019505043    
201708271538300195050710   
20170827153830019505121    
20170827153830019505132    
20170827153830019505141    
20170827153830019505152    
20170827153830019505163    
20170827153830019540021    
20170827153926013300105    
20170827153926013300032    
20170827153926013300041    
20170827153950013000105    
20170827153950013000033    
20170827153950013000042    
20170827153950013000202    
20170827153950013000213    
20170827153950013000062    
20170827153950013000281    
20170827153950013005022    
20170827153950013005131    
20170827153950013005075    
20170827153950013000073    
20170827154148007900033    
20170827154148007900042    
20170827154148007900401    
20170827154148007940535    
20170827154148007905023    
20170827154148007905152    
20170827154148007900103    
20170827154258012500101    
20170827154258012500031    
20170827154258012500071    
20170827154258012580014    
20170827154258012505032    
20170827154258012505121    
20170827154258012505172    
20170827154342801805021    
20170827154342801805121    
20170827154342801840112    
20170827154342801840211    
20170827154342801840523    
20170827154512023900061    
20170827154512023900071    
20170827154512023900211    
20170827154512023905033    
20170827154512023905042    
20170827154512023905123    
20170827154512023940211    
201708271545120239405510   
20170827154512023980041    
20170827154527024600102    
20170827154527024600031    
20170827154527024600041    
20170827154527024600073    
20170827154527024602041    
20170827154527024605021    
20170827154527024605031    
20170827154527024605041    
20170827154527024605122    
20170827154527024605171    
20170827154527024640391    
20170827154527024680031    
20170827154544006600034    
20170827154544006600043    
20170827154544006600105    
20170827154656009800081    
20170827154656009800073    
20170827154656009802021    
20170827154656009840211    
201708271546560098405515   
20170827154656009880012    
20170827154656009880022    
20170827154656009805081    
20170827154656009805122    
20170827154656009805152    
20170827154656009800771    
20170827154858008700032    
20170827154858008700042    
20170827154858008700104    
20170827154858008702041    
20170827154858008705122    
20170827154858008705151    
20170827154858008705161    
20170827154858008740391    
20170827154858008780014    
20170827154924002000101    
20170827154924002000041    
20170827154924002000201    
20170827154924002005041    
20170827155451015600103    
20170827155451015600061    
20170827155451015600201    
20170827155451015600211    
20170827155451015600221    
20170827155451015600281    
20170827155451015600751    
20170827155451015640522    
20170827155451015640532    
20170827155451015605032    
20170827155451015605042    
20170827155451015605079    
20170827155451015605123    
20170827155451015605131    
20170827155451015605141    
20170827155451015605152    
20170827155451015605202    
20170827155927026900101    
20170827155927026900031    
20170827155927026900072    
20170827155927026900281    
20170827155927026980031    
20170827155927026905021    
20170827155927026905041    
20170827155927026940555    
20170827155927026905075    
20170827155927026905081    
20170827155927026940171    
20170827160033026800102    
20170827160033026800031    
20170827160033026800041    
20170827160033026800073    
20170827160033026800731    
20170827160033026800752    
