201708032241174199110140   
20170803224117419916023    
201708032241174199160310   
20170803224117419916042    
20170803224117419931042    
20170803224117419932031    
20170803224117419945012    
201708032350494117110210   
20170803235049411716023    
201708032350494117160315   
20170803235049411731042    
20170803235049411732031    
20170803235049411745042    
20170803235049411798002    
201708040026544212110217   
20170804002654421213021    
20170804002654421216034    
201708040032344191110215   
201708040032344191160325   
201708040043374162110210   
20170804004337416216033    
20170804004337416216043    
20170804004833421511027    
20170804004833421516021    
20170804004833421516041    
201708040141394213110215   
201708040141394213160310   
20170804014139421331031    
20170804014139421352113    
