20170830210923700313055    
20170830210923700330041    
20170830210923700351055    
20170830210923700352005    
20170830211420300112111    
20170830211420300113161    
20170830211420300114019    
201708302114203001141225   
20170830211420300114134    
20170830211420300114153    
201708302114203001141920   
20170830211420300114211    
201708302114203001151712   
20170830211420300115236    
20170830211420300116012    
20170830211420300116062    
20170830211420300130051    
20170830211420300130082    
20170830211420300133035    
201708302114203001330414   
20170830211420300150108    
201708302114203001501215   
20170830211420300152131    
20170830211420300152302    
201708302114203001542220   
20170830211420300154291    
20170830211420300154311    
20170830211420300154351    
201708302114203001544212   
20170830211420300154442    
20170830211420300160073    
20170830211420300160083    
201708302114203001804310   
201708302114317000120020   
201708302114317000120412   
201708302114317000120710   
201708302114317000133012   
20170830211431700016026    
20170830211431700016051    
20170830211431700030031    
20170830211431700030042    
20170830211431700050014    
20170830211431700050052    
20170830211431700050102    
20170830211431700051055    
20170830211431700054091    
201708302114317000541610   
20170830211431700054311    
20170830211431700054321    
201708302114317000544310   
20170830211431700060015    
20170830212044101717062    
20170830212044101717072    
20170830215042500113072    
20170830215042500113081    
20170830215042500114041    
20170830215042500115131    
20170830215042500130051    
20170830215042500131002    
20170830215042500151053    
20170830215042500172101    
201708302237324004100110   
20170830225703115613021    
20170830225703115613041    
20170830225703115613054    
20170830225703115614001    
20170830225703115614025    
20170830225703115614031    
20170830225703115614042    
20170830225703115614091    
201708302257031156150510   
20170830225703115616032    
20170831090915113613021    
201708310924531047100010   
201708310941341069100020   
20170831094839104313021    
20170831094839104313081    
20170831094839104314021    
20170831094839104314032    
20170831094839104354263    
201708311024421063100020   
20170831102442106312073    
201708311024421063120910   
201708311024421063150510   
20170831103611700417013    
20170831103955114113021    
201708311106201005100110   
20170831110620100513021    
20170831110620100513031    
20170831110620100514003    
20170831110620100514011    
20170831110620100514025    
20170831110620100514031    
20170831110620100514041    
20170831110620100515052    
20170831110620100515147    
20170831110620100554265    
201708311122221147100110   
201708311135441174100010   
20170831113615117113051    
20170831113615117113315    
20170831113615117114025    
201708311143241039100010   
201708311154261027100010   
20170831130031700213051    
20170831130031700230031    
20170831130031700251052    
20170831132747100212073    
20170831132747100214022    
20170831132747100215141    
201708311331351130100010   
20170831133135113012088    
201708311331351130121210   
20170831133135113014001    
20170831133135113014022    
20170831133135113014032    
20170831133135113014042    
201708311331351130150520   
20170831133135113015146    
20170831133135113016032    
201708311334471110100010   
20170831133447111013051    
20170831133530114713021    
201708311335511053100010   
201708311348361165100010   
20170831134836116513022    
