20170627101232260150001    
20170627101232260150011    
20170627101232260160221    
20170627101232260160331    
20170627101232260160462    
20170627101529012940001    
20170627101529012950011    
20170627101529012960401    
20170627102345811160001    
20170627102345811160091    
20170627102345811160111    
20170627102345811160301    
20170627102345811160321    
20170627102345811160451    
20170627102644900640001    
20170627102644900650101    
20170627102644900660001    
20170627102644900660091    
20170627102734900670002    
