20170614144625102411012    
20170614144625102411022    
20170614144625102411031    
20170614144625102411041    
20170614144625102411061    
20170614144625102411131    
20170614144625102412031    
20170614163119301511021    
20170614163119301511012    
20170614163119301512071    
20170614163632302011013    
20170614163632302011022    
20170614163632302011131    
20170614170052302111012    
20170614170052302111021    
20170614174002100411012    
20170614174002100411022    
20170614182932201411012    
20170614182932201411021    
20170614182932201411051    
20170614185455200111012    
201706141854552001111120   
20170614185455200111141    
20170614185455200113161    
20170614191127302311012    
20170614191127302311021    
20170614191127302311132    
20170614200250202311061    
20170614200250202311011    
20170614200250202312031    
20170614202512101911022    
20170614202512101912031    
20170614202639301411012    
20170614202639301411021    
20170614202729200311012    
20170614202729200311021    
20170614202934301111012    
20170614202934301111022    
20170614203751300111022    
20170614203751300111061    
20170614203751300114002    
20170614204440200411012    
20170614204440200411021    
20170614210216101914002    
20170614211911200511011    
