20170803210303604712572    
20170803210303604712691    
20170803210303604730362    
20170803210303604750022    
20170803210303604750032    
20170803210303604760053    
20170803210303604760121    
20170803210303604760131    
20170803210303604770163    
20170803211322500610041    
20170803211322500610051    
20170803211322500610061    
20170803211322500610072    
20170803211322500612591    
20170803211322500630031    
20170803211322500630043    
20170803211322500630122    
20170803211322500630281    
20170803211322500650021    
20170803211322500670181    
20170803221446609891041    
20170803221446609891051    
20170803221446609891071    
20170803221446609891091    
20170803221446609891211    
20170803221446609891302    
20170803221446609891922    
20170803225543609930031    
20170803225543609930181    
20170803231110508110041    
20170803231110508130031    
20170803231110508130091    
20170803231110508130141    
20170803231110508130351    
20170803231110508130423    
20170803231110508140051    
20170803231110508150021    
20170803231110508160051    
20170803232439603910051    
20170803232439603950031    
20170803232439603930071    
20170803232439603970131    
20170803235452603930034    
20170804001506604730043    
20170804014131509630031    
20170804014131509630101    
20170804014131509630121    
20170804014131509630361    
20170804014131509630421    
20170804014131509650041    
20170804014131509670131    
