20170411111238814810016    
20170411111238814810057    
20170411111238814810261    
20170411111238814810301    
20170411111238814810371    
20170411111238814810611    
20170411111238814810641    
20170411111238814810681    
20170411111238814810742    
20170411111238814816121    
201704111112388148161513   
20170411111238814820031    
201704111112388148200610   
20170411111238814820071    
20170411111238814820103    
20170411111238814820111    
20170411111238814820121    
20170411111254814820081    
20170411114101807810012    
20170411114101807810031    
20170411114101807810303    
201704111141018078161510   
20170411114101807820031    
20170411114101807820067    
20170411114101807820071    
20170411114101807820101    
20170411114101807820121    
20170411114101807850021    
20170411142215800716152    
20170411142215800710011    
20170411142215800720064    
20170411142215800720072    
20170411142514813010012    
201704111425148130100512   
20170411142514813010261    
20170411142514813010301    
20170411142514813010522    
20170411142514813010551    
20170411142514813016121    
201704111425148130161512   
20170411142514813020032    
201704111425148130200610   
20170411142514813020072    
20170411142514813020103    
20170411142514813020111    
20170411142514813020122    
20170411142514813020132    
20170411145931814210014    
20170411145931814220033    
20170411145931814220069    
20170411145931814240101    
20170411145931814250031    
20170411145931814250111    
201704111459318142100510   
20170411145931814210522    
201704111459318142161510   
20170411145931814210551    
20170411145931814220104    
20170411145931814220112    
20170411145931814220121    
20170411145931814220132    
201704111532118002100118   
20170411153211800210021    
201704111532118002200616   
20170411153211800220075    
201704111532118002201011   
20170411153211800220033    
20170411153211800210071    
20170411153211800220082    
20170411153211800220125    
201704111532118002161510   
20170411153211800216121    
20170411154850810810011    
20170411154850810810057    
20170411154850810810261    
20170411154850810810302    
20170411154850810810371    
20170411154850810810421    
20170411154850810810521    
20170411154850810810541    
20170411154850810810641    
20170411154850810810681    
20170411154850810816121    
201704111548508108161522   
20170411154850810820031    
201704111548508108200612   
20170411154850810820072    
20170411154850810820104    
20170411154850810820112    
20170411154850810820121    
20170411154850810830051    
20170411154850810840071    
20170411154850810850021    
20170411154850810850111    
20170411154850810850161    
20170411160525810910013    
20170411160525810910031    
20170411160525810910056    
20170411160525810910302    
20170411160525810910312    
20170411160525810910371    
20170411160525810910542    
20170411160525810910642    
20170411160525810910742    
20170411160525810916121    
201704111605258109161510   
20170411160525810920066    
20170411160525810920071    
20170411160525810920102    
20170411160525810950023    
20170411160642812210012    
20170411160642812210261    
20170411160642812220033    
201704111606428122200615   
20170411160642812220081    
20170411160642812210055    
201704111606428122161520   
20170411160642812220105    
20170411160642812220111    
20170411160642812220122    
20170411160642812220133    
20170411161309810710014    
20170411161309810710031    
20170411161309810710261    
20170411161309810710521    
20170411161309810716121    
201704111613098107161520   
20170411161309810720032    
201704111613098107200615   
20170411161309810720072    
20170411161309810720081    
20170411161309810720102    
20170411161309810750021    
20170411162538806310013    
20170411162538806310031    
20170411162538806310056    
20170411162538806310071    
20170411162538806310262    
20170411162538806310301    
20170411162538806310311    
20170411162538806310371    
20170411162538806310421    
20170411162538806310542    
20170411162538806310641    
20170411162538806310744    
20170411162538806311011    
20170411162538806311028    
20170411162538806316121    
201704111625388063161510   
20170411162538806320032    
201704111625388063200610   
20170411162538806320073    
20170411162538806320081    
20170411162538806320103    
20170411162538806320111    
20170411162538806350091    
20170411162924813410012    
20170411162924813410053    
20170411162924813410302    
20170411162924813410311    
20170411162924813416158    
20170411162924813420066    
20170411162924813420071    
20170411163233810610011    
20170411163233810610052    
20170411163233810610301    
20170411163233810610522    
20170411163233810616122    
201704111632338106161515   
201704111632338106200610   
20170411163233810620103    
20170411163233810630051    
20170411163233810650021    
20170411163339811910015    
201704111633398119100512   
20170411163339811910261    
20170411163339811910521    
20170411163339811910541    
20170411163339811910642    
20170411163339811916121    
201704111633398119161520   
20170411163339811920031    
201704111633398119200610   
20170411163339811920072    
20170411163339811920081    
20170411163339811920104    
20170411163339811920112    
20170411163339811920121    
20170411163339811950021    
20170411163428801810015    
20170411163428801810021    
20170411163428801810522    
20170411163428801810541    
20170411163428801810642    
20170411163428801816122    
201704111634288018161520   
201704111634288018200616   
20170411163428801820081    
20170411163428801820102    
20170411163428801820121    
20170411165220700190018    
20170411165608815510013    
20170411165608815510031    
201704111656088155200610   
20170411165608815520072    
20170411165608815510302    
20170411165608815510372    
20170411165608815516121    
201704111656088155161512   
20170411165608815510543    
20170411165608815510642    
20170411165608815520105    
20170411165608815520112    
20170411165608815511013    
201704111656088155110220   
20170411165608815511031    
20170411165608815520135    
20170411165850811610091    
201704111658508116200612   
20170411165850811640072    
20170411165850811610055    
20170411165850811610372    
20170411165850811610392    
20170411165850811616121    
20170411165850811620103    
20170411165850811620112    
20170411165850811620121    
20170411165850811620132    
20170411170356810310012    
20170411170356810310261    
20170411170356810320032    
201704111703568103200615   
20170411170356810320072    
20170411170356810320081    
20170411170356810350021    
20170411170356810330011    
201704111703568103100515   
20170411170356810310311    
20170411170356810310521    
20170411170356810316122    
201704111703568103161515   
20170411170356810320102    
20170411170356810320111    
20170411170356810310742    
201704111713448055100510   
20170411171344805510071    
20170411171344805510262    
20170411171344805510371    
20170411171344805510521    
20170411171344805510641    
201704111713448055161516   
20170411171344805520033    
201704111713448055200612   
20170411171344805520072    
20170411171344805520081    
20170411171344805520105    
20170411171344805520121    
20170411171344805530011    
20170411171344805550021    
20170411180735815210014    
20170411180735815210261    
20170411180735815220032    
20170411180735815220068    
20170411180735815220071    
20170411180735815250011    
20170411180735815250021    
20170411180735815210053    
20170411180735815210301    
20170411180735815216159    
20170411180735815210611    
20170411180735815220102    
20170411180735815220111    
20170411180735815220121    
