20170705182539900100081    
20170705182539900100171    
20170705182539900110095    
20170705212347310210095    
20170705212347310210105    
20170705212347310210111    
20170705212347310220061    
201707052123473102520210   
20170705212347310260014    
20170705212347310260031    
20170705212347310260131    
20170705212347310280022    
20170705212347310280103    
20170705212347310280141    
201707052154321101100915   
201707052154321101101015   
20170705215432110140021    
20170705215432110140041    
20170705215432110140052    
20170705215432110150061    
20170705215432110160083    
20170705215432110170041    
20170705215432110180051    
20170705215432110180142    
20170705215432110199025    
20170705221604120510095    
20170705221604120510104    
20170705221604120520051    
20170705221604120530022    
20170705221604120540021    
20170705221604120540041    
20170705221604120550061    
20170705221604120560141    
