20170324180454400720011    
20170324180454400720061    
20170324212450502220017    
20170324212450502220063    
20170324213023100220012    
20170324213023100220063    
20170324213023100220151    
20170324225133603020013    
20170324225133603020062    
20170324225133603020681    
20170324230050609920012    
20170324230050609920301    
20170324230050609920681    
20170324234137602420013    
20170325000001606920013    
20170325000001606920301    
20170325000001606920681    
20170325001158607020013    
20170325001158607020071    
20170325002916609220015    
201703250029166092200510   
20170325002916609220655    
20170325012103505220011    
20170325012103505240191    
20170325012103505240251    
201703250150373020200112   
20170325015037302020063    
20170325015037302020071    
20170325032307300120013    
20170325033834607520012    
20170325033834607520071    
20170325033834607520681    
20170325033834607540243    
20170325034915604220014    
20170325034915604220061    
20170325034915604220071    
20170325034915604220811    
