20170108174854339023011    
20170108174854339011331    
20170108174854339011611    
20170108174854339011231    
20170108174854339010421    
20170108174854339010461    
20170108174854339010741    
20170108174854339010323    
20170108174854339010332    
20170108174854339025071    
20170108174854339011121    
20170108174854339011031    
20170108174854339010201    
20170108174854339010231    
20170108174854339011166    
20170108195906528711611    
20170108195906528711621    
20170108195906528720711    
20170108195906528711142    
20170108195906528720741    
20170108195906528723013    
20170108195906528710324    
20170108195906528710461    
20170108195906528710311    
20170108195906528722951    
20170108195906528710111    
20170108195906528710571    
20170108195906528722991    
20170108195906528710334    
20170108195906528710343    
