201705101208582275200140   
201705101208582275206510   
201705102012492124200180   
20170510201249212420061    
20170510201249212420301    
20170510201249212420658    
201705102112041011200160   
20170510211204101120061    
20170510211204101120071    
20170510211204101120081    
20170510211204101120321    
20170510211204101120655    
20170510211204101120902    
20170510211204101120931    
2017051021591921052001100  
20170510215919210520654    
20170510215919210520051    
20170510215919210520071    
20170510215919210520061    
20170510215919210520901    
20170510215919210520931    
20170510215919210520321    
20170510215919210520091    
201705102206311369200160   
20170510220631136920071    
20170510220631136920083    
20170510220631136920655    
201705102208501371200180   
20170510220850137120655    
20170510220850137120052    
20170510220850137120061    
20170510220850137120084    
20170510220850137120071    
20170510220850137120301    
201705102242172107200180   
20170510224217210720052    
20170510224217210720653    
20170510224217210720082    
2017051022552713572001120  
20170510225527135720061    
20170510225527135720081    
20170510225527135720301    
20170510225527135720611    
20170510225527135720653    
201705102312441025200140   
20170510231244102520071    
20170510231244102520321    
20170510231244102521041    
20170510231244102521051    
201705102317541005200140   
20170510231754100520653    
20170510231754100520061    
20170510231754100520931    
2017051023244310222001160  
20170510232443102220062    
20170510232443102220071    
20170510232443102220083    
20170510232443102220322    
201705102324431022206514   
20170510232443102220911    
201705102324531018200290   
20170510232453101820651    
201705102329411370200180   
20170510232941137020062    
20170510232941137020071    
20170510232941137020521    
20170510232941137020322    
20170510232941137020654    
20170510232941137020053    
201705102333452279200140   
20170510233345227920071    
20170510233345227920081    
20170510233345227920321    
20170510233345227920931    
2017051023413620232001180  
20170510234136202320062    
20170510234136202320072    
20170510234136202320082    
20170510234136202320301    
201705102341362023206510   
201705102343511477200160   
20170510234351147720062    
20170510234351147720073    
20170510234351147720654    
20170510234351147720931    
2017051100060920722001120  
20170511000609207220062    
20170511000609207220072    
20170511000609207220082    
20170511000609207220321    
201705110006092072206525   
20170511000609207220901    
20170511000609207220911    
201705110016222031200180   
20170511001622203120061    
20170511001622203120071    
20170511001622203120081    
20170511001622203120271    
20170511001622203120321    
20170511001622203120653    
20170511001622203120931    
2017051100243520862001140  
20170511002435208620051    
20170511002435208620062    
20170511002435208620071    
20170511002435208620081    
20170511002435208620321    
201705110024352086205210   
20170511002435208620655    
20170511002435208620901    
20170511002435208620931    
201705110031082227200160   
20170511003108222720061    
20170511003108222720321    
20170511003108222720658    
20170511003108222721021    
201705110043552093200180   
20170511004355209320062    
20170511004355209320071    
20170511004355209320111    
20170511004355209320657    
20170511004355209320921    
2017051101114914652001120  
20170511011149146520054    
20170511011149146520061    
20170511011149146520081    
20170511011149146520321    
20170511011149146520657    
201705110118501002200180   
20170511011850100220061    
20170511011850100220551    
20170511011850100220071    
20170511011850100220653    
2017051101310522432001160  
20170511013105224320062    
20170511013105224320072    
20170511013105224320081    
20170511013105224320321    
201705110131052243206525   
20170511013105224320901    
20170511013105224320911    
20170511013105224320921    
20170511013105224320931    
20170511013105224321042    
2017051102034520292001120  
20170511020345202920053    
20170511020345202920062    
20170511020345202920072    
20170511020345202920081    
20170511020345202920301    
20170511020345202920321    
201705110203452029206510   
2017051102054422292001140  
20170511020544222920056    
20170511020544222920062    
20170511020544222920082    
20170511020544222920301    
20170511020544222920321    
20170511020544222920551    
20170511020544222920071    
201705110205442229206510   
20170511020544222921051    
2017051102163920512001100  
20170511021639205120063    
20170511021639205120071    
20170511021639205120081    
20170511021639205120321    
201705110216392051206520   
2017051102333820712001140  
20170511023338207120062    
20170511023338207120072    
20170511023338207120081    
20170511023338207120321    
201705110233382071206520   
20170511023338207120901    
201705110253201021200160   
20170511025320102120061    
20170511025320102120071    
20170511025320102120901    
20170511025320102120655    
2017051103444313672001100  
20170511034443136720062    
20170511034443136720071    
20170511034443136720081    
20170511034443136720321    
20170511034443136720654    
201705110651272147200160   
20170511065127214720061    
20170511065127214720071    
20170511065127214720321    
20170511065127214720658    
20170511065127214720911    
20170511065127214721051    
