20170209230958413911025    
201702092309584139160310   
20170209233018419111025    
20170209233018419113025    
20170209233018419116023    
20170209233018419116035    
20170209233018419151151    
20170209234021421511025    
20170209234021421516035    
201702100013224117110215   
201702100013224117160325   
20170210001322411731042    
20170210001322411745012    
20170210001322411745042    
20170210001322411761392    
20170210001322411798002    
201702100202544212110210   
201702100202544212160310   
20170210020254421242015    
201702100709454102110210   
20170210070945410213033    
20170210070945410215012    
20170210070945410216036    
20170210070945410216042    
20170210070945410221011    
20170210070945410231041    
20170210070945410232051    
20170210070945410245011    
20170210070945410298021    
