20170214100822102710021    
201702141008221027100340   
20170214100822102710043    
20170214100822102710051    
20170214100822102710134    
20170214100822102710142    
20170214100822102710183    
20170214100822102710264    
20170214100822102720001    
20170214100822102720062    
20170214100822102740054    
20170214100822102741033    
20170214100822102777791    
20170214161254102010011    
20170214161254102010021    
20170214161254102010031    
20170214161254102010041    
20170214161254102010051    
20170214161254102010071    
20170214161254102010136    
201702141612541020101816   
20170214161254102010204    
20170214161254102010224    
20170214161254102020001    
20170214161254102030042    
201702141612541020310310   
20170214161254102040031    
20170214161254102040151    
20170214161254102041033    
20170214161254102041041    
20170214161712100110021    
20170214161712100110032    
20170214161712100110041    
20170214161712100110202    
20170214161712100110223    
20170214161712100120001    
20170214161712100140052    
20170214161712100140071    
20170214161712100141032    
20170214161712100141051    
20170214171147104510021    
201702141711471045100330   
20170214171147104510041    
201702141711471045101310   
20170214171147104510202    
20170214171147104510221    
20170214171147104510261    
201702141711471045310310   
20170214171147104540014    
20170214171147104540031    
20170214171147104540051    
20170214171147104541032    
20170214171147104541042    
20170214171147104541071    
20170214171147104561022    
20170214171632104550012    
20170214172721204510011    
20170214172721204510021    
201702141727212045100330   
20170214172721204510042    
20170214172721204510203    
20170214172721204510261    
20170214172721204520001    
20170214172721204530042    
20170214172721204530121    
20170214172721204531031    
20170214172721204540191    
20170214172721204541035    
20170214173412100510021    
20170214173412100510031    
20170214173412100510183    
20170214173412100510222    
20170214173412100540002    
20170214173412100540014    
20170214173412100540022    
20170214173412100540111    
20170214173412100541032    
20170214173412100550013    
20170214185823104010021    
201702141858231040100340   
20170214185823104010042    
20170214185823104010201    
20170214185823104010221    
20170214185823104010261    
20170214185823104020001    
20170214185823104040001    
20170214185823104040013    
20170214185823104040021    
20170214185823104041033    
20170214185823104041041    
20170214185823104041061    
20170214185823104041071    
20170214191827102010021    
20170214191827102010041    
20170214191827102041031    
20170214191827102041041    
201702141948271020102214   
201702141953091046100315   
20170214195309104610041    
20170214195309104610133    
20170214195309104610222    
20170214195309104610261    
20170214195309104620061    
20170214195309104620081    
20170214195309104630045    
20170214195309104640002    
20170214195309104640051    
20170214195309104641032    
20170214195309104641041    
201702142016072025100320   
20170214201607202510041    
20170214201607202510202    
20170214201607202510222    
20170214201607202510262    
201702142016072025310320   
20170214201607202540061    
20170214201607202540091    
20170214201607202540151    
20170214201607202541032    
20170214201607202541041    
20170214201607202550011    
20170214202009103410021    
20170214202009103410031    
20170214202009103410041    
20170214202009103410135    
20170214202009103410202    
20170214202009103410223    
20170214202009103410262    
20170214202009103420001    
20170214202009103440031    
20170214202009103441034    
20170214212415103510081    
20170214212415103510202    
20170214212415103510222    
20170214212415103531031    
20170214212415103540001    
20170214212415103540013    
20170214212415103540191    
20170214212415103541032    
20170214212415103541041    
20170214213825204010022    
20170214213825204010031    
20170214213825204010041    
20170214213825204010132    
20170214213825204010182    
20170214213825204010202    
20170214213825204010222    
20170214213825204010261    
20170214213825204031031    
20170214213825204040001    
20170214213825204040011    
20170214213825204040021    
20170214213825204040151    
20170214213825204040191    
20170214213825204041032    
20170214214544102810031    
20170214214544102810132    
20170214214544102810182    
20170214214544102810191    
20170214214544102810203    
20170214214544102820001    
20170214214544102840051    
20170214214544102840191    
20170214214544102841033    
20170214214544102861033    
20170214214702103310021    
20170214214702103310041    
20170214214702103310051    
20170214214702103310061    
20170214214702103310135    
20170214214702103320061    
20170214214702103320071    
20170214214702103320081    
20170214214702103330044    
20170214214702103330061    
20170214214702103340012    
20170214214702103340021    
20170214214702103340053    
20170214214702103310032    
20170214214702103310203    
20170214214702103341034    
20170214214702103341041    
201702142147021033310320   
20170214214702103310182    
20170214214702103310222    
20170214214702103310262    
20170214214702103340191    
201702142149031041100330   
20170214214903104110042    
20170214214903104110133    
20170214214903104110203    
20170214214903104110222    
20170214214903104110262    
20170214214903104140031    
20170214214903104141034    
20170214220428102010031    
20170214224133103610021    
20170214224133103610061    
20170214224133103610081    
20170214224133103610091    
201702142241331036101310   
20170214224133103610202    
20170214224133103620072    
20170214224133103641034    
20170215002753203710021    
20170215002753203710031    
20170215002753203710042    
20170215002753203710135    
20170215002753203710183    
20170215002753203710203    
20170215002753203710222    
20170215002753203720001    
20170215002753203720061    
20170215002753203730121    
20170215002753203731031    
20170215002753203740002    
20170215002753203740014    
20170215002753203740022    
20170215002753203740031    
20170215002753203740051    
20170215002753203740151    
20170215002753203740191    
20170215002753203741035    
20170215002753203741041    
20170215002753203741051    
20170215002753203741071    
20170215015923104210011    
20170215015923104210021    
20170215015923104210132    
20170215015923104210182    
20170215015923104210221    
20170215015923104220001    
201702150159231042310320   
20170215015923104240031    
20170215015923104241032    
20170215015923104241061    
