20170821203222112410014    
20170821203222112410131    
20170821203222112410292    
20170821203222112420022    
20170821203222112430231    
20170821203222112430641    
20170821203222112440061    
20170821203222112440135    
201708212032221124401910   
20170821203222112440211    
20170821203222112460121    
20170821203222112460202    
20170821203222112460223    
20170821203222112491935    
20170821204226104630102    
20170821204226104630221    
20170821204226104650012    
20170821204226104660102    
20170821220041110610013    
20170821220041110620022    
20170821220041110630041    
20170821220041110630101    
20170821220041110630121    
20170821220041110630292    
20170821220041110630492    
20170821220041110640251    
20170821220041110640271    
20170821220041110650081    
20170821220041110660111    
20170821221739114410013    
20170821221739114410362    
20170821221739114410373    
20170821221739114410391    
20170821221739114420021    
20170821221739114430063    
20170821221739114450011    
20170821221739114491935    
20170821232439108410011    
20170821232439108410101    
20170821232439108410291    
20170821232439108430261    
20170821232439108430271    
20170821232439108430291    
20170821232439108460041    
20170821232439108460121    
20170822012934101210012    
20170822012934101210292    
20170822012934101220011    
20170822012934101230101    
