20170510210525500113072    
20170510210525500114042    
20170510210525500115132    
20170510210525500130051    
20170510210525500131002    
20170510210525500132051    
20170510210525500151053    
20170510210525500172101    
20170510211202300112111    
201705102112023001141218   
201705102112023001150310   
20170510211202300115178    
20170510211202300115235    
20170510211202300116013    
20170510211202300116052    
201705102112023001501215   
20170510211202300152011    
20170510211202300152131    
20170510211202300152286    
20170510211202300153233    
20170510211202300153243    
201705102112023001541610   
20170510211202300154191    
20170510211202300154235    
201705102112023001542424   
20170510211202300154301    
201705102112023001600115   
201705102127307000120020   
201705102127307000120310   
20170510212730700013031    
201705102127307000130510   
20170510212730700014012    
20170510212730700014063    
20170510212730700014093    
20170510212730700015232    
20170510212730700015301    
20170510212730700016051    
20170510212730700030032    
20170510212730700050031    
201705102127307000500512   
20170510212730700051011    
20170510212730700051021    
20170510212730700051032    
201705102127307000510510   
20170510212730700052282    
20170510212730700054091    
20170510212730700054312    
20170510213014114313031    
20170510213603112813041    
20170511092712106913051    
20170511093756113613021    
20170511093831112213021    
201705111003001043100010   
20170511100300104313021    
201705111005551005100020   
20170511100555100513031    
20170511100555100513071    
20170511100555100513081    
20170511100555100513091    
20170511100555100514002    
20170511100555100514023    
20170511100555100514031    
20170511100555100514041    
20170511101829103717012    
20170511102707110012041    
20170511102707110012075    
20170511102707110013051    
20170511102707110014025    
20170511102707110014032    
20170511102707110015143    
20170511102707110016031    
20170511102707110053031    
20170511102707110053191    
201705111036521027100020   
201705111100401141100010   
201705111101251147100110   
20170511110125114712001    
20170511110125114712042    
20170511110125114712064    
20170511110125114712081    
20170511110125114712095    
20170511110125114713072    
20170511110125114714023    
20170511110125114715051    
20170511110125114715141    
20170511110125114754261    
201705111124451063100020   
201705111142011165100010   
20170511114201116512073    
20170511114201116512084    
20170511114201116512123    
201705111142011165150510   
20170511114305110013071    
201705111233041039100010   
201705111311361103100010   
20170511131136110313081    
20170511131136110314001    
20170511131136110314023    
20170511131136110314042    
20170511131136110315054    
20170511131136110315143    
201705111320341071100010   
20170511132559700213051    
20170511132559700250081    
201705111332451130100010   
20170511133245113012084    
20170511133245113012124    
20170511133245113013021    
20170511133245113013081    
20170511133245113013091    
20170511133245113014021    
20170511133245113014031    
20170511133245113014041    
201705111332451130150510   
20170511133245113054264    
20170511133426114714001    
20170511133426114716031    
20170511134402100212073    
20170511134402100214023    
20170511134402100214031    
20170511134402100215062    
20170511134402100215071    
20170511134402100215082    
20170511134402100215092    
20170511134402100215142    
20170511135749111313021    
20170511135749111314025    
20170511135749111314032    
20170511135749111314091    
