20171130104254201411011    
20171130143301302211021    
20171130143301302211012    
20171130161931201411011    
20171130165220302011012    
20171130165220302011021    
20171130171100301511021    
20171130171100301511031    
20171130171100301511012    
20171130171100301511141    
20171130171100301512071    
20171130173238302411012    
20171130173238302411022    
20171130173402300711022    
20171130173402300711012    
20171130190322200411011    
201711301903222004111110   
20171130193351201011021    
20171130193351201011013    
20171130200754300511012    
20171130200754300511021    
20171130201459200311023    
20171130201459200311012    
20171130201459200311131    
20171130201459200312031    
20171130201459200313111    
20171130202026200511012    
20171130202026200511021    
20171130202114200111019    
20171130202114200111025    
20171130202114200111041    
20171130202114200111051    
20171130202114200112031    
20171130202114200112071    
20171130202114200113121    
20171130202934301411012    
20171130202934301411021    
20171130203651200811011    
20171130203651200811021    
