20171214141630100810021    
20171214141630100810031    
20171214141630100810041    
20171214141630100810081    
20171214141630100810091    
20171214141630100810131    
20171214141630100810188    
20171214141630100810203    
20171214141630100810222    
20171214141630100810262    
20171214141630100820001    
20171214141630100820063    
20171214141630100820081    
20171214141630100840002    
201712141416301008400110   
20171214141630100840024    
20171214141630100840051    
20171214141630100840151    
20171214141630100841037    
20171214172155202810021    
20171214172155202810041    
20171214172155202810081    
20171214172155202810163    
20171214172155202830121    
20171214172155202841033    
20171214172155202841041    
20171214174819103410011    
20171214174819103410021    
201712141748191034100340   
20171214174819103410043    
201712141748191034101310   
20171214174819103410186    
20171214174819103410204    
20171214174819103410226    
20171214174819103410264    
20171214174819103430121    
201712141748191034310320   
20171214174819103440031    
20171214174819103440151    
20171214174819103441035    
20171214174828102010011    
20171214174828102010022    
20171214174828102010032    
20171214174828102010042    
20171214174828102010051    
20171214174828102010061    
20171214174828102010075    
20171214174828102010081    
20171214174828102010091    
20171214174828102010134    
201712141748281020101815   
20171214174828102010192    
20171214174828102010226    
20171214174828102010263    
20171214174828102020002    
20171214174828102031031    
20171214174828102040031    
20171214174828102040052    
20171214174828102040124    
20171214174828102041037    
20171214174828102041041    
20171214181929100110021    
20171214181929100110031    
20171214181929100110041    
20171214181929100110051    
20171214181929100110105    
20171214181929100110132    
20171214181929100110188    
20171214181929100110203    
20171214181929100110224    
20171214181929100120001    
20171214181929100120065    
20171214181929100130071    
20171214181929100131031    
20171214181929100140053    
20171214181929100140122    
20171214181929100140151    
20171214181929100141036    
20171214181929100141041    
20171214181929100141051    
20171214185255104710031    
20171214185255104710041    
20171214185255104710134    
20171214185255104710181    
20171214185255104710201    
20171214185255104710262    
20171214185255104731033    
20171214185255104741033    
20171214192840205010021    
201712141928402050100320   
20171214192840205010042    
20171214192840205010188    
20171214192840205010202    
20171214192840205010223    
20171214192840205010262    
20171214192840205020001    
20171214192840205040052    
20171214192840205040151    
20171214192840205041032    
20171214192840205041042    
20171214192840205077791    
20171214192840205077802    
20171214192840205077811    
20171214194553204010023    
20171214194553204010031    
20171214194553204010041    
20171214194553204010061    
20171214194553204010133    
20171214194553204010182    
20171214194553204010191    
20171214194553204010201    
20171214194553204010221    
20171214194553204010261    
20171214194553204020001    
20171214194553204020071    
20171214194553204040151    
20171214194553204041032    
20171214194553204041041    
20171214200834204810021    
20171214200834204810042    
20171214200834204810061    
20171214200834204810135    
20171214200834204810162    
20171214200834204810182    
20171214200834204810191    
20171214200834204810202    
20171214200834204810222    
20171214200834204810263    
20171214200834204820001    
20171214200834204840052    
20171214200834204840061    
20171214200834204841033    
20171214200834204841042    
20171214200834204850012    
20171214200834204877792    
20171214200834204877801    
20171214202857204410011    
20171214202857204410021    
20171214202857204410042    
20171214202857204410081    
20171214202857204410136    
20171214202857204410161    
20171214202857204410184    
20171214202857204410202    
20171214202857204410222    
20171214202857204410262    
20171214202857204420001    
20171214202857204420071    
20171214202857204440002    
20171214202857204440014    
20171214202857204440022    
20171214202857204440053    
20171214202857204440191    
20171214202857204441034    
20171214202857204441043    
20171214205803104010011    
20171214205803104010021    
201712142058031040100320   
20171214205803104010043    
20171214205803104010103    
201712142058031040101310   
20171214205803104010163    
20171214205803104010182    
20171214205803104010203    
20171214205803104010223    
20171214205803104010262    
20171214205803104040003    
20171214205803104040014    
20171214205803104040022    
20171214205803104040031    
201712142058031040400526   
20171214205803104041034    
20171214205803104041041    
20171214210519103510011    
20171214210519103510021    
20171214210519103520001    
20171214210519103540013    
201712142105191035401610   
20171214210519103540191    
20171214210519103541032    
201712142105191035500910   
20171214211410104510021    
201712142114101045100320   
20171214211410104510041    
201712142114101045101310   
20171214211410104510181    
20171214211410104510201    
20171214211410104510221    
20171214211410104510261    
20171214211410104540001    
20171214211410104540013    
20171214211410104540021    
20171214211410104540051    
20171214211410104541034    
20171214211410104541041    
20171214211517104610011    
20171214211517104610021    
201712142115171046100320   
20171214211517104610041    
20171214211517104610072    
20171214211517104610134    
20171214211517104610165    
20171214211517104610182    
20171214211517104610202    
20171214211517104620063    
20171214211517104620081    
20171214211517104630121    
20171214211517104640052    
20171214211517104640151    
201712142115171046401620   
20171214211517104641032    
20171214211517104641041    
20171214211517104678061    
20171214211517104678121    
201712142126151040300410   
20171214213631202510022    
201712142136312025100320   
20171214213631202510072    
20171214213631202510101    
20171214213631202510131    
20171214213631202510163    
20171214213631202510188    
20171214213631202510191    
20171214213631202510202    
20171214213631202510223    
20171214213631202510262    
20171214213631202520062    
20171214213631202530061    
20171214213631202530121    
20171214213631202540031    
20171214213631202540051    
20171214213631202540151    
20171214213631202540191    
20171214213631202541035    
20171214213631202541041    
20171214213631202550011    
20171214214325103310022    
20171214214325103310042    
20171214214325103310061    
20171214214325103310105    
20171214214325103310131    
20171214214325103340013    
20171214214325103340023    
20171214214325103340052    
20171214214325103340071    
20171214214325103340151    
20171214214325103310033    
20171214214325103341038    
20171214214325103341041    
20171214214325103310182    
20171214214325103330121    
20171214214325103340191    
20171214214325103310165    
20171214214325103341071    
20171214220023203710022    
20171214220023203710042    
20171214220023203710081    
20171214220023203710138    
20171214220023203720071    
20171214220023203720081    
20171214220023203740017    
20171214220023203740031    
20171214220023203740051    
20171214220023203740151    
20171214220023203710031    
20171214220023203720001    
20171214220023203710203    
20171214220023203741036    
20171214220023203741042    
20171214220023203731031    
20171214220023203710189    
20171214220023203710191    
20171214220023203710226    
20171214220023203730121    
20171214220023203710163    
20171214220023203741061    
201712142232481041100320   
20171214223248104110043    
20171214223248104110091    
20171214223248104110191    
20171214223248104110202    
20171214223248104110223    
20171214223248104110263    
20171214223248104120001    
20171214223248104120061    
20171214223248104140191    
20171214223248104141035    
20171214223248104141041    
20171214224326204510011    
20171214224326204510023    
201712142243262045100330   
20171214224326204510043    
20171214224326204510102    
20171214224326204510135    
20171214224326204510191    
20171214224326204510203    
20171214224326204510223    
20171214224326204510263    
20171214224326204520001    
20171214224326204520091    
201712142243262045310320   
20171214224326204540031    
20171214224326204540061    
20171214224326204540151    
20171214224326204541036    
20171214225310203510011    
20171214225310203510021    
201712142253102035100320   
20171214225310203510163    
20171214225310203510183    
20171214225310203510191    
20171214225310203520001    
20171214225310203530121    
20171214225310203541033    
201712142312002014100340   
20171214231200201440152    
20171214231200201441051    
20171214231200201441061    
20171214233626104210021    
201712142336261042100320   
20171214233626104210041    
20171214233626104210091    
20171214233626104210134    
20171214233626104210162    
20171214233626104210183    
20171214233626104210202    
20171214233626104210222    
20171214233626104210262    
20171214233626104240001    
20171214233626104240012    
20171214233626104240071    
20171214233626104241034    
20171214233626104241051    
20171214233626104241071    
20171214233626104260081    
20171214233626104260091    
20171214233626104261043    
201712150015162047100320   
20171215001516204710041    
20171215001516204710132    
20171215001516204710201    
20171215001516204720001    
20171215001516204730071    
201712150015162047310315   
20171215001516204741032    
20171215001516204741041    
20171215001516204741061    
20171215001516204777791    
20171215001516204777801    
