20170530114337010540001    
20170530114337010540011    
20170530114337010560001    
20170530114420770540001    
20170530114420770560321    
20170530114420770560461    
20170530114420770560301    
20170530114420770560411    
20170530122639160460011    
20170530122639160460381    
20170530122639160460321    
20170530124042510650151    
20170530124042510660001    
20170530124042510660311    
20170530124042510660321    
20170530124125600340002    
20170530124352012940021    
20170530124352012940031    
20170530124352012949991    
20170530124352012959991    
20170530124352012960351    
20170530124352012960461    
