2017011620304510112001100  
20170116203045101120055    
20170116203045101120061    
20170116203045101120071    
20170116203045101120081    
20170116203045101120321    
201701162111352105200180   
20170116211135210520071    
20170116211135210520051    
20170116211135210520061    
201701162154411369200140   
20170116215441136920052    
20170116215441136920061    
20170116215441136920321    
20170116215441136920521    
20170116215441136920901    
20170116215441136920931    
201701162207542107200140   
20170116220754210721041    
20170116220754210721051    
201701162258061371200180   
20170116225806137120052    
20170116225806137120091    
20170116225806137120301    
20170116225806137120321    
20170116225806137120655    
20170116225806137121021    
20170116225806137121051    
201701162304101026200140   
20170116230410102620055    
20170116230410102620652    
20170116230410102620901    
201701162313541357200180   
20170116231354135720062    
20170116231354135720071    
20170116231354135720081    
20170116231354135720301    
20170116231354135720321    
20170116231354135720654    
20170116231354135720901    
2017011623162721452001100  
20170116231627214520061    
20170116231627214520072    
20170116231627214520082    
20170116231627214520091    
201701162316561005200160   
20170116231656100520071    
20170116231656100520081    
201701162318432086200180   
20170116231843208620061    
20170116231843208620071    
20170116231843208620081    
20170116231843208620655    
20170116231843208621121    
201701162319401003200160   
20170116231940100320061    
20170116231940100320321    
2017011623313920882001120  
20170116233139208820062    
20170116233139208820072    
20170116233139208820081    
20170116233139208820302    
20170116233139208820322    
20170116233139208820655    
201701162349282229200140   
20170116234928222920911    
2017011623530620232001160  
20170116235306202320063    
20170116235306202320072    
20170116235306202320322    
20170116235306202320551    
201701162353062023206510   
20170116235306202320911    
201701170022131018200245   
20170117002213101820551    
20170117002213101820655    
201701170026472031200140   
20170117002647203120051    
20170117002647203120071    
20170117002647203120081    
20170117002647203120321    
20170117002647203120521    
20170117002647203120652    
20170117002647203120791    
201701170049571370200160   
20170117004957137020062    
20170117004957137020051    
20170117004957137020654    
20170117004957137020072    
20170117004957137020321    
201701170055311367200160   
20170117005531136721041    
20170117005531136721021    
20170117005531136720301    
20170117005531136720652    
20170117005531136720081    
201701170101021465200180   
20170117010102146520053    
20170117010102146520062    
20170117010102146520081    
20170117010102146520658    
2017011701064610022001100  
20170117010646100220061    
20170117010646100220321    
20170117010646100220071    
20170117010646100220901    
20170117010646100221041    
20170117010646100221051    
201701170158052068200180   
20170117015805206820061    
20170117015805206820072    
20170117015805206820081    
20170117015805206820321    
20170117015805206820653    
201701170201091022200180   
20170117020109102220061    
20170117020109102220071    
20170117020109102220321    
201701170201091022206512   
20170117020109102220901    
201701170242092147200180   
20170117024209214720072    
20170117024209214720081    
20170117024209214720301    
20170117024209214720321    
20170117024209214721021    
20170117024209214721041    
201701170349431021200140   
20170117034943102120071    
20170117034943102120321    
20170117034943102120653    
