201701192328483006102520   
201701192328483006103010   
20170119232848300610492    
20170119232848300610652    
20170119232848300610683    
20170119232848300610862    
20170119232848300615041    
20170119232848300615291    
20170119232848300615371    
20170119232848300620101    
20170119232848300620113    
20170119232848300620221    
20170119232848300620262    
20170119232848300620402    
20170119232848300625041    
20170119232848300625252    
20170119232848300625262    
20170119232848300625271    
201701192328483006300125   
20170119232848300630055    
20170119232848300630062    
20170119232848300630131    
20170119232848300630203    
20170119232848300630351    
20170119232848300630382    
20170119232848300630432    
20170119232848300630471    
20170119232848300630572    
20170120001850300210255    
20170120001850300210471    
20170120001850300210623    
20170120001850300210681    
20170120001850300230381    
20170120001850300230393    
20170120010909300810012    
20170120010909300810257    
20170120010909300810271    
20170120010909300810322    
20170120010909300810471    
20170120010909300810581    
20170120010909300810626    
20170120010909300810652    
20170120010909300810682    
20170120010909300810861    
20170120010909300815291    
20170120010909300815371    
20170120010909300820111    
20170120010909300820331    
20170120010909300830016    
20170120010909300830058    
20170120010909300830061    
20170120010909300830271    
20170120010909300830393    
20170120010909300840051    
20170120012905300410128    
20170120012905300410141    
20170120012905300410177    
20170120012905300410258    
20170120012905300410307    
20170120012905300410323    
20170120012905300410471    
201701200129053004106210   
201701200129053004106310   
20170120012905300410682    
20170120012905300410813    
20170120012905300410821    
20170120012905300410863    
20170120012905300415181    
20170120012905300415211    
20170120012905300415261    
20170120012905300415372    
20170120012905300415401    
20170120012905300420102    
201701200129053004201110   
20170120012905300420311    
20170120012905300425102    
20170120012905300425251    
20170120012905300425261    
201701200129053004300130   
20170120012905300430033    
20170120012905300430043    
201701200129053004300510   
201701200129053004301110   
20170120012905300430204    
20170120012905300430272    
20170120012905300430325    
20170120012905300430351    
20170120012905300430461    
20170120012905300430705    
20170120014243300825121    
201701200212243012100110   
201701200212243012101210   
201701200212243012102720   
201701200212243012103010   
20170120021224301210471    
201701200212243012106210   
201701200212243012106310   
20170120021224301210665    
201701200212243012107910   
20170120021224301215071    
20170120021224301215251    
20170120021224301220021    
20170120021224301220101    
20170120021224301220113    
20170120021224301220203    
20170120021224301220241    
20170120021224301220262    
20170120021224301220405    
20170120021224301225041    
20170120021224301225095    
20170120021224301225251    
201701200212243012300120   
201701200212243012300510   
20170120021224301230061    
20170120021224301230115    
20170120021224301230271    
20170120021224301230351    
20170120021224301230463    
20170120021224301230693    
20170120021224301230705    
20170120021224301230894    
20170120021224301230921    
20170120021224301230961    
