20170921163950900620013    
20170921163950900620301    
20170921163950900620041    
201709211807536062200112   
20170921180753606220041    
20170921180753606220064    
20170921180753606220076    
20170921180753606220301    
20170921180753606240191    
20170921223045630820013    
20170921223045630820071    
20170921223045630820373    
20170921223045630820612    
20170922002524509620014    
20170922002524509620041    
20170922002524509620061    
20170922002524509640191    
20170922002636603920012    
20170922002636603940251    
20170922002636603920073    
20170922002636603920063    
20170922002636603920492    
20170922010440301720014    
20170922010440301720062    
20170922010440301720071    
20170922010440301720242    
20170922010440301720681    
20170922010440301740191    
