20170623150205200311012    
20170623150205200311022    
20170623160141100211026    
20170623165242100911013    
20170623165242100911021    
20170623165836101211012    
20170623165836101211031    
20170623165836101211023    
20170623165836101211061    
20170623165836101211051    
20170623165836101212031    
20170623170532100411013    
20170623170532100411022    
20170623173502101911012    
20170623173502101911021    
20170623173502101911051    
20170623173502101912031    
20170623173655100711013    
20170623173655100711024    
20170623173655100711051    
20170623181714302411012    
20170623181714302411021    
20170623193151200711012    
20170623193703200111013    
20170623193703200111025    
20170623193703200111061    
20170623193703200111132    
20170623193703200112031    
20170623195809201011021    
201706231958092010111110   
20170623195809201011012    
201706232006182023111110   
20170623200618202311011    
20170623200618202312031    
20170623203306102411012    
20170623203306102411022    
20170623203306102411031    
20170623203306102411061    
20170623203306102411131    
20170623203306102412031    
20170623203324200511012    
20170623203617100911061    
20170623203617100911131    
20170623204234200411011    
20170623204234200411021    
20170623204451100214007    
20170623205300200811011    
20170623205300200811021    
