201701142350150041110310   
201701150222370190110120   
20170115022237019013012    
20170115022237019017031    
201701152043390197110210   
20170115204339019713011    
201701152102320210110220   
20170115210232021011063    
20170115210232021011073    
20170115210232021013012    
201701152304500345110210   
20170115230450034519201    
201701152305310010110210   
20170115230531001013011    
20170115230531001012136    
201701152323280001110110   
20170115232328000121011    
20170115232328000117192    
20170115232328000117351    
20170115232328000117421    
20170115232328000117431    
20170115232328000113091    
201701152323280001121310   
201701152325310065110110   
20170115232531006511051    
20170115232531006513011    
20170115233003032913082    
20170115233003032915012    
20170115233003032915131    
20170115233003032918071    
20170115233003032916031    
201701152340590231110210   
20170115234059023111265    
201701152344110123110210   
20170115234411012313011    
201701152357010088110110   
20170115235701008811061    
20170115235701008812141    
20170115235701008812134    
20170115235701008815132    
20170115235701008815142    
20170116001428034311052    
20170116001428034317213    
20170116001428034318011    
201701160017110055110110   
20170116001711005511052    
20170116001711005511062    
20170116001711005513011    
20170116001711005515133    
20170116001711005515141    
201701160022160156110220   
20170116002216015611052    
20170116002216015611062    
201701160039590279110310   
20170116003959027911053    
20170116003959027918031    
20170116003959027918041    
20170116003959027914011    
201701160103090115110310   
201701160109490125110110   
20170116010949012511052    
20170116010949012511062    
20170116010949012513012    
20170116010949012515132    
20170116012006024711053    
20170116012006024711062    
20170116012006024716101    
20170116012006024711261    
201701160138270303110210   
20170116013827030311165    
20170116013827030318071    
201701160151130237110310   
20170116020505008711051    
20170116020505008715061    
201701160206070185110220   
20170116020607018511052    
20170116020607018512134    
20170116020607018517351    
20170116020607018522041    
20170116020834018111052    
20170116020834018113012    
201701160215400029110210   
20170116021540002912133    
20170116021540002913011    
20170116021540002917041    
20170116021540002917131    
20170116021540002917352    
20170116021540002917421    
20170116021540002917631    
20170116021540002919221    
20170116021540002919231    
201701160243360320110210   
20170116024356022211025    
20170116024356022211035    
20170116024356022213011    
20170116024356022217191    
20170116024356022219201    
20170116030449008711062    
