201702190055411010010160   
20170219005541101001131    
20170219005541101001141    
201702190055411010021110   
20170219005541101002295    
20170219005541101003072    
20170219005541101013031    
201702191634281325010110   
20170219163428132513081    
20170219163428132502115    
20170219163428132501473    
20170219163428132502824    
20170219163428132502843    
20170219202330122801051    
20170219202330122801071    
20170219202330122801142    
20170219202330122801191    
20170219202330122801442    
20170219202330122801473    
20170219202330122803081    
20170219202330122813081    
20170219202330122860331    
20170219202330122860981    
201702192032071314010110   
20170219203207131401352    
20170219203207131401472    
20170219203207131401482    
20170219203207131402114    
20170219203207131402521    
201702192040341308010110   
20170219204034130802071    
20170219204034130801161    
20170219204034130803081    
20170219204034130802525    
20170219204034130802672    
20170219204034130802771    
20170219204034130802833    
201702192040341308028410   
20170219204041132501071    
20170219204041132501211    
20170219233333132502281    
20170219233424132513111    
201702200005471316010110   
20170220000547131601061    
20170220000547131601071    
20170220000547131601081    
20170220000547131601211    
20170220000547131601391    
201702200005471316014810   
20170220000547131602832    
20170220000547131613111    
20170220000547131623101    
20170220003126503860015    
20170220003126503860031    
20170220003126503860061    
20170220003126503860271    
20170220003126503861131    
20170220005216129301015    
20170220005216129301141    
20170220005216129301356    
20170220005216129301472    
20170220005216129301482    
20170220005216129302112    
20170220005216129302241    
20170220005216129302831    
201702200100181324010150   
20170220010018132401071    
20170220010018132401131    
20170220010018132401142    
20170220010018132403073    
20170220010018132403081    
20170220010018132413081    
20170220010018132402115    
20170220010018132402281    
20170220010018132402297    
20170220010018132401356    
20170220010018132401475    
20170220010018132402531    
20170220010018132402834    
20170220010018132402843    
20170220012542132502833    
20170220014256120701051    
20170220014256120701061    
20170220014256120701071    
20170220014256120701081    
20170220014256120701131    
20170220014256120701161    
20170220014256120701191    
20170220014256120701211    
20170220014256120701445    
20170220014256120702073    
201702200142561207021120   
20170220014256120702221    
20170220014256120702523    
20170220014256120703011    
20170220014256120703071    
20170220014256120703081    
20170220014256120703176    
20170220014256120713081    
20170220014256120723121    
20170220014256120760981    
201702200212121308014710   
201702200232301287010120   
20170220023230128702071    
20170220023230128703072    
20170220023230128760981    
201702200351121312010110   
20170220035112131201041    
20170220035112131203011    
20170220035112131203081    
20170220035112131201211    
20170220035112131202611    
201702200408471002010110   
20170220040847100201071    
20170220040847100202535    
20170220040847100203011    
20170220040847100203071    
20170220040847100260852    
