201703022331210040001110   
20170302233121004000585    
20170302233121004001111    
20170302233121004001191    
201703022337380636006210   
20170302233738063600861    
20170302233738063606018    
201703030030120400003510   
201703030030120400005860   
20170303003012040000711    
20170303003012040000981    
201703030030120400010620   
20170303003012040001112    
20170303003012040002181    
201703030111520051000420   
20170303011152005101111    
20170303011152005102181    
201703030111520051060110   
201703030111520051007515   
20170303011238135400042    
201703030112381354001150   
20170303011238135401111    
20170303011238135402181    
20170303011719063001062    
201703030117190630000410   
20170303011719063001111    
20170303011719063000621    
20170303011719063000291    
201703030203590901006320   
20170303020359090100701    
20170303020359090100711    
20170303020359090101072    
20170303020359090101113    
20170303020359090106012    
201703030311190815000220   
20170303064810135301111    
20170303064810135306012    
20170303064927001600774    
20170303064927001600805    
201703030649270016008340   
20170303064927001603184    
201703030650071401008020   
201703030650071401008380   
201703030650460031008820   
20170303065046003101112    
201703030651081413008810   
20170303065135003500887    
201703030652191399001310   
201703030652191399001420   
20170303065219139901192    
20170303065219139901312    
20170303065219139902181    
201703030652191399060110   
201703030652360024000410   
20170303065236002401111    
20170303065251000500115    
20170303065433080900352    
20170303065433080906013    
201703030655132002005815   
20170303065513200201141    
20170303065543135000045    
201703030655431350010615   
20170303065543135001112    
201703030657170080000440   
201703030704170901001130   
20170303070512135800115    
201703030711210636000210   
201703030711460809000210   
20170303071858001800041    
20170303071858001800142    
20170303071858001806011    
201703030718580018001112   
201703030719230011003815   
201703030719230011009910   
