20170512212235502210051    
20170512212235502230031    
20170512212235502240081    
20170512212235502240111    
20170512212235502260051    
20170512212235502260211    
20170512212235502270012    
20170512215739100230031    
20170512215739100230353    
20170512215739100270162    
20170512223401609791021    
20170512223401609791081    
20170512223401609791091    
20170512223401609791161    
20170512223401609791332    
20170512223401609791421    
20170512223401609791561    
20170512231426609910051    
20170512231426609930282    
20170512231426609970131    
20170512235422505210051    
20170513030500607020041    
20170513030500607050011    
20170513030500607030351    
20170513030500607060053    
20170513030500607010051    
20170513030500607070131    
20170513032447604210051    
20170513032447604230071    
20170513032447604230121    
20170513032447604230281    
20170513032447604240081    
20170513032447604250021    
