20170211232407105211072    
20170211232407105211242    
20170211232407105212023    
20170211232407105214013    
20170211232407105215062    
20170211232407105216022    
20170211232407105217222    
20170211232407105220223    
20170211232407105223832    
20170211232407105226572    
20170211232407105226591    
20170211232407105290022    
20170212222727106289391    
20170212222727106214142    
20170212222727106217081    
20170212222727106262372    
20170212222727106214091    
20170212222727106211072    
20170212222727106214081    
20170212222727106214191    
20170212222727106226561    
