20170816110452812710015    
201708161104528127100512   
20170816110452812710091    
20170816110452812710311    
20170816110452812710371    
20170816110452812710411    
20170816110452812710522    
20170816110452812710541    
20170816110452812710643    
20170816110452812710745    
20170816110452812716122    
201708161104528127161520   
20170816110452812720034    
201708161104528127200615   
20170816110452812720074    
20170816110452812720081    
20170816110452812720108    
20170816110452812720121    
201708161311538097100120   
20170816131153809710021    
20170816131153809710032    
20170816131153809710522    
20170816131153809716124    
201708161311538097161557   
20170816131153809720082    
201708161311538097201020   
20170816132513807210031    
20170816132513807210055    
20170816132513807210301    
20170816132513807210523    
20170816132513807210681    
20170816132513807216121    
201708161325138072161515   
20170816132513807220031    
20170816132513807220063    
20170816132513807220072    
20170816132513807220102    
20170816132513807220121    
20170816140116815810012    
20170816140116815810031    
20170816140116815810056    
20170816140116815810262    
20170816140116815810301    
20170816140116815810632    
20170816140116815816121    
201708161401168158161510   
20170816140116815820033    
20170816140116815820063    
20170816140116815820071    
20170816140116815820081    
20170816140116815820103    
20170816140116815820121    
20170816140116815820132    
20170816140513814010151    
20170816140513814020031    
201708161405138140200610   
20170816140513814020071    
201708161405138140100510   
20170816140513814010371    
20170816140513814010521    
20170816140513814016121    
201708161405138140161514   
20170816140513814010541    
20170816140513814050181    
20170816140513814020103    
20170816140513814020111    
20170816140513814020121    
20170816141116815410012    
20170816141116815410031    
20170816141116815410261    
20170816141116815420031    
20170816141116815420066    
20170816141116815420072    
20170816141116815450021    
20170816141116815450091    
20170816141116815450101    
20170816141116815410053    
20170816141116815410391    
20170816141116815410521    
20170816141116815416158    
20170816141116815410551    
20170816141116815420103    
20170816141116815420111    
20170816141116815420121    
201708161411428141100112   
20170816141142814110021    
20170816141142814110032    
20170816141142814110121    
20170816141142814110152    
201708161411428141102612   
201708161411428141200311   
201708161411428141200630   
201708161411428141200710   
20170816141142814120081    
20170816141142814130052    
20170816141142814140102    
20170816141142814140072    
201708161411428141100510   
20170816141142814110303    
20170816141142814110312    
20170816141142814110361    
20170816141142814110372    
20170816141142814110402    
20170816141142814110421    
20170816141142814116122    
201708161411428141161528   
20170816141142814110543    
20170816141142814110551    
20170816141142814110633    
20170816141142814110643    
20170816141142814110682    
20170816141142814120108    
20170816141142814120114    
20170816141142814120121    
20170816141142814111011    
20170816141142814110747    
201708161411428141201310   
201708161413088079100110   
20170816141308807910031    
201708161413088079100510   
20170816141308807910121    
20170816141308807910263    
20170816141308807910302    
20170816141308807910311    
20170816141308807910521    
20170816141308807910632    
20170816141308807910642    
20170816141308807910681    
20170816141308807916121    
201708161413088079161520   
20170816141308807920034    
201708161413088079200620   
20170816141308807920074    
20170816141308807920081    
20170816141308807920106    
20170816141308807920112    
20170816141308807920122    
20170816141308807930012    
20170816141308807940082    
20170816141308807950031    
20170816141954812710371    
20170816141954812710541    
20170816141954812710642    
20170816141954812710681    
20170816141954812710691    
20170816141954812716155    
20170816150605806510054    
20170816150605806510302    
20170816150605806510311    
20170816150605806510372    
20170816150605806510391    
20170816150605806510523    
20170816150605806516122    
201708161506058065161525   
201708161506058065200620   
20170816150605806520072    
20170816150605806520133    
20170816152422814610014    
20170816152422814610262    
20170816152422814620033    
201708161524228146200610   
20170816152422814620071    
20170816152422814620081    
201708161524228146100512   
20170816152422814610302    
20170816152422814610311    
20170816152422814610372    
20170816152422814616121    
201708161524228146161517   
20170816152422814610542    
20170816152422814610611    
20170816152422814610643    
20170816152422814620106    
20170816152422814620112    
20170816152422814620122    
201708161529158160100114   
20170816152915816010021    
20170816152915816010034    
20170816152915816010071    
20170816152915816010081    
20170816152915816010122    
20170816152915816010262    
201708161529158160200628   
20170816152915816020074    
201708161529158160300210   
20170816152915816030051    
201708161529158160100528   
20170816152915816010306    
20170816152915816010373    
20170816152915816010392    
20170816152915816010421    
20170816152915816016122    
201708161529158160161542   
20170816152915816010685    
201708161529158160201013   
20170816152915816020112    
20170816152915816010731    
20170816152915816020121    
20170816152915816011012    
201708161529158160110210   
20170816152915816010742    
20170816152915816020133    
20170816153057805810057    
20170816153057805810521    
20170816153057805810542    
20170816153057805810632    
20170816153057805810681    
20170816153057805810742    
20170816153057805816121    
201708161530578058161513   
20170816153057805820032    
201708161530578058200610   
20170816153057805820072    
20170816153057805820102    
20170816153057805840062    
20170816153057805850021    
20170816153649814410015    
20170816153649814410262    
20170816153649814420033    
201708161536498144200616   
20170816153649814420072    
20170816153649814420081    
20170816153649814450091    
20170816153649814450101    
20170816153649814450111    
201708161536498144100513   
20170816153649814410303    
20170816153649814410311    
20170816153649814410371    
20170816153649814410391    
20170816153649814410521    
20170816153649814416123    
201708161536498144161526   
20170816153649814410541    
20170816153649814410642    
20170816153649814450181    
20170816153649814420107    
20170816153649814420112    
20170816153649814420122    
20170816153649814411011    
20170816153649814411027    
20170816153649814410743    
20170816155114815910015    
20170816155114815910264    
20170816155114815920034    
201708161551148159200616   
20170816155114815920072    
20170816155114815920081    
20170816155114815930023    
20170816155114815940141    
201708161551148159100517   
20170816155114815910302    
20170816155114815910312    
20170816155114815910371    
20170816155114815910391    
20170816155114815910421    
20170816155114815910521    
20170816155114815916121    
201708161551148159161515   
20170816155114815910541    
20170816155114815910641    
20170816155114815920105    
20170816155114815920111    
20170816155114815920121    
20170816155114815910743    
20170816155114815920134    
20170816155426815610011    
20170816155426815610122    
20170816155426815620031    
20170816155426815620066    
20170816155426815620072    
20170816155426815640141    
20170816155426815650022    
20170816155426815610054    
20170816155426815610301    
20170816155426815610441    
20170816155426815616121    
201708161554268156161512   
20170816155426815610541    
20170816155426815610611    
20170816155426815610634    
20170816155426815610642    
20170816155426815620101    
20170816155426815620121    
20170816155426815620132    
20170816155611700291021    
20170816155611700291038    
20170816155611700291044    
20170816155611700291051    
20170816155611700291084    
20170816155611700291174    
201708161556117002914410   
20170816160357808110016    
20170816160357808110031    
20170816160357808120032    
201708161603578081200614   
20170816160357808120071    
20170816160357808120081    
20170816160357808110053    
20170816160357808110521    
20170816160357808116121    
201708161603578081161514   
20170816160357808110621    
20170816160357808110631    
20170816160357808110642    
20170816160357808120104    
20170816160357808120111    
20170816160607815930051    
20170816161431805210013    
201708161614318052100510   
20170816161431805210522    
20170816161431805216121    
20170816161431805216157    
20170816161431805220033    
201708161614318052200614   
20170816161431805220081    
20170816161431805220103    
20170816161431805220111    
20170816161431805220134    
20170816161431805250091    
20170816161842700291381    
20170816162459809010011    
201708161624598090100510   
20170816162459809010071    
20170816162459809010261    
20170816162459809010301    
20170816162459809010371    
20170816162459809010522    
20170816162459809010741    
20170816162459809016122    
201708161624598090161515   
20170816162459809020032    
201708161624598090200612   
20170816162459809020072    
20170816162459809020081    
20170816162459809020108    
20170816162459809020111    
20170816162459809020121    
20170816162459809030025    
20170816162459809050021    
20170816162459809050091    
20170816162459809050101    
20170816163053806910013    
20170816163053806910031    
20170816163053806910053    
20170816163053806910121    
201708161630538069161512   
20170816163053806920033    
201708161630538069200610   
20170816163053806920074    
20170816163053806920081    
20170816163053806920108    
20170816163053806920111    
20170816163151811416121    
20170816163151811416154    
20170816163151811420064    
20170816163151811420102    
20170816163151811450021    
20170816163504804610031    
20170816163504804610522    
20170816163504804616122    
201708161635048046161525   
20170816163504804620031    
201708161635048046200625   
20170816163504804620081    
20170816163504804620106    
20170816164105813610016    
20170816164105813610021    
201708161641058136100515   
20170816164105813610071    
20170816164105813610373    
20170816164105813610521    
20170816164105813610541    
20170816164105813610643    
20170816164105813610691    
20170816164105813610731    
20170816164105813610743    
20170816164105813611012    
201708161641058136110216   
20170816164105813616121    
201708161641058136161528   
20170816164105813620034    
201708161641058136200620   
20170816164105813620071    
201708161641058136201011   
20170816164105813620122    
20170816164105813620134    
20170816164437815710016    
20170816164437815710031    
20170816164437815710122    
20170816164437815710261    
20170816164437815720035    
201708161644378157200616   
20170816164437815720073    
20170816164437815720081    
20170816164437815740141    
20170816164437815750091    
201708161644378157100510   
20170816164437815710301    
20170816164437815710311    
20170816164437815710392    
20170816164437815716121    
201708161644378157161514   
201708161644378157201010   
20170816164437815720115    
20170816164437815720124    
201708161644378157201310   
20170816164709812410031    
201708161647098124100513   
20170816164709812410262    
20170816164709812410304    
20170816164709812410312    
20170816164709812410421    
20170816164709812410522    
20170816164709812410551    
20170816164709812410621    
20170816164709812410631    
20170816164709812416122    
201708161647098124161535   
20170816164709812420032    
201708161647098124200620   
20170816164709812420078    
20170816164709812420081    
20170816164709812420106    
20170816164709812420122    
20170816164709812440072    
20170816164709812450025    
20170816164709812450111    
20170816164817810410017    
20170816164817810410032    
20170816164817810410058    
20170816164817810410302    
20170816164817810410371    
20170816164817810410521    
20170816164817810410541    
201708161648178104161530   
20170816164817810420033    
201708161648178104200612   
20170816164817810420071    
20170816164817810420081    
201708161648178104201013   
20170816164817810420113    
20170816164817810420122    
20170816164817810440091    
20170816164817810450025    
20170816164817810450091    
20170816164817810450101    
20170816165654806410012    
20170816165654806410054    
20170816165654806410521    
20170816165654806416121    
201708161656548064161510   
20170816165654806420031    
201708161656548064200612   
20170816165654806420072    
20170816165654806420102    
20170816165730807010012    
20170816165730807020032    
20170816165730807020064    
20170816165730807020081    
20170816165730807010054    
20170816165730807010302    
20170816165730807010371    
20170816165730807010521    
20170816165730807016153    
20170816165730807010611    
20170816165730807020103    
20170816165730807020111    
20170816165730807020131    
201708161702068092100110   
20170816170206809210021    
20170816170206809210031    
201708161702068092100520   
20170816170206809210124    
20170816170206809210266    
20170816170206809210301    
20170816170206809210311    
20170816170206809210371    
20170816170206809210392    
20170816170206809210525    
20170816170206809210681    
20170816170206809210691    
20170816170206809216122    
201708161702068092161545   
20170816170206809220041    
201708161702068092200630   
20170816170206809220077    
20170816170206809220122    
20170816170319813910012    
20170816170319813910261    
20170816170319813920068    
20170816170319813920072    
20170816170319813910055    
20170816170319813910302    
20170816170319813910311    
20170816170319813916121    
20170816170319813916155    
20170816170319813910543    
20170816170319813920121    
20170816171901811820063    
20170816171901811816157    
20170816171901811810641    
20170816171901811820102    
20170816173041812010016    
20170816173041812010031    
201708161730418120100520   
20170816173041812010071    
20170816173041812010121    
20170816173041812010373    
20170816173041812010522    
20170816173041812010621    
20170816173041812010745    
20170816173041812016122    
201708161730418120161545   
20170816173041812020035    
201708161730418120200620   
20170816173041812020073    
201708161730418120201016   
20170816173041812020122    
20170816173041812020134    
20170816173041812030011    
20170816173041812040062    
20170816173041812050031    
20170816174157813210012    
20170816174157813210262    
20170816174157813220032    
201708161741578132200612   
20170816174157813240071    
20170816174157813210056    
20170816174157813210313    
20170816174157813210371    
20170816174157813210391    
20170816174157813210421    
20170816174157813210441    
20170816174157813216124    
201708161741578132161515   
20170816174157813210541    
20170816174157813210631    
20170816174157813210642    
20170816174157813220105    
20170816174157813220111    
20170816174157813211011    
20170816180503700291321    
