201711232053470231110220   
20171123205347023111065    
20171123205347023112133    
20171123205347023113012    
20171123205347023113085    
20171123205347023115013    
20171123205347023115045    
20171123211458023117681    
20171123231923220111021    
20171123231923220111054    
20171123231923220113011    
20171123231923220115061    
20171123231923220117051    
20171123231923220117131    
20171123231923220117301    
20171123231923220117411    
20171123231923220117522    
20171123231923220117592    
20171123231923220117611    
20171123231923220117621    
20171123231923220117631    
20171123231923220117651    
20171123231923220117691    
20171123231923220119091    
20171123231923220119201    
20171123232659220117212    
201711232343510343110220   
201711232343510343110310   
20171123234351034311052    
20171123234351034313091    
20171123234351034316031    
201711232355550237110310   
20171123235619220111029    
201711240016140123110210   
201711240018480065110110   
20171124003727015613011    
20171124003727015611052    
20171124003727015611064    
201711240037270156110225   
201711240040120011110110   
20171124004012001113011    
20171124004012001112121    
20171124004012001117661    
20171124004823030311025    
20171124005717004111055    
201711240059180279110310   
20171124005918027911053    
20171124005918027911062    
20171124005918027918062    
20171124010217027913011    
20171124010217027917471    
20171124014646024711025    
20171124014646024711052    
20171124014646024713011    
20171124015028008713011    
20171124015028008721071    
20171124015028008717301    
20171124015028008711161    
201711240208090345110210   
20171124020809034511066    
20171124020809034516041    
201711240208090345110310   
20171124020809034517421    
20171124020809034517471    
20171124020809034518211    
201711240215290150110110   
20171124021529015017351    
20171124021529015012136    
201711240216330242110215   
20171124021633024211063    
20171124021633024213011    
201711240220100055110110   
20171124022010005511052    
20171124024220011518011    
201711240242200115110310   
201711240243300181110310   
20171124024330018113085    
20171124024330018117361    
20171124024617018115061    
201711240257160073110210   
20171124025716007313011    
201711240310280121110210   
201711240322000327110210   
20171124032200032713011    
20171124032200032713084    
201711240341040185110210   
20171124034104018511051    
20171124034104018511061    
20171124034104018517031    
20171124034104018512121    
20171124034104018513011    
201711240342290222110310   
20171124034229022213011    
20171124034229022211025    
20171124034229022211051    
