20171114215559416311026    
20171114215559416316022    
20171114215559416316033    
20171114215559416316043    
201711142309004117110215   
20171114230900411716023    
201711142309004117160315   
20171114230900411716043    
20171114230900411798011    
20171114233058413911027    
20171114233058413916033    
201711150039284212110212   
20171115003928421216033    
201711150053114213110210   
20171115005311421316035    
20171115005311421361191    
20171115005311421361201    
20171115005311421361391    
