20170108010348300610141    
20170108010348300610175    
20170108010348300610471    
201701080103483006106220   
20170108010348300610652    
20170108010348300610683    
20170108010348300610822    
20170108010348300610862    
20170108010348300615042    
20170108010348300615071    
20170108010348300615252    
20170108010348300615262    
20170108010348300615331    
20170108010348300615371    
20170108010348300615401    
201701080103483006202024   
20170108010348300620331    
20170108010348300625041    
20170108010348300625121    
20170108010348300625251    
201701080103483006300510   
20170108010348300630082    
201701080103483006402648   
20170108010348300630196    
20170108010348300630203    
20170108010348300610071    
20170108010348300630241    
20170108010348300630252    
20170108010348300630351    
20170108010348300630681    
