20170110211135101110014    
20170110211135101120021    
20170110211135101120231    
20170110211135101120041    
201701102111351011100215   
20170110211135101120031    
20170110211135101110101    
201701102111351011100330   
20170111095436105110012    
201701110954361051100210   
20170111095436105110162    
20170111095436105120032    
20170111105104103410012    
20170111105104103420101    
20170111105104103420041    
20170111105104103420151    
20170111105104103420031    
20170111105104103410034    
20170111105104103420241    
20170111105104103420252    
20170111105104103422272    
201701111054021047100210   
20170111105402104720031    
20170111105402104710034    
