20170517223755032211052    
20170517223755032213011    
20170517223755032215132    
20170517223755032217471    
20170517233542000121011    
20170517233542000117192    
201705172357380123110210   
20170517235738012311051    
20170517235738012321031    
20170517235738012315061    
20170517235738012311261    
201705180007450011110120   
20170518000745001113011    
20170518000745001112121    
20170518000745001112136    
201705180015160010110210   
20170518001516001013011    
20170518001516001017011    
20170518001516001017031    
20170518001516001012134    
201705180033410345110220   
20170518003341034511065    
20170518003341034516045    
20170518003341034517521    
20170518003341034518161    
201705180044210284110210   
201705180052550284110210   
20170518011324024711025    
20170518011324024711035    
201705180118070331110210   
20170518011807033111053    
20170518011807033111062    
20170518011807033113011    
20170518011807033115043    
20170518011807033116021    
20170518011807033116031    
201705180121450156110225   
20170518012145015613011    
20170518012145015611052    
20170518012145015611062    
20170518012145015617351    
201705180130190088110110   
20170518013019008813011    
20170518013019008811061    
20170518013019008811051    
201705180135400069110210   
20170518013540006911051    
20170518013540006911062    
20170518013540006917451    
201705180148520242110230   
201705180148520242110510   
20170518014852024213012    
20170518014852024217041    
20170518014852024217031    
20170518014922008711052    
20170518014922008717041    
201705180152020320110210   
20170518015202032013011    
20170518015202032017421    
20170518015208008713011    
20170518015208008721021    
201705180203400279110210   
20170518020340027911053    
20170518020340027911061    
20170518020340027917301    
20170518020340027913011    
20170518020340027921061    
201705180212300190110110   
20170518021230019013011    
20170518021230019012134    
201705180223230150110110   
20170518022323015012134    
20170518022323015011052    
201705180229510115110210   
20170518022951011511075    
20170518022951011516051    
201705180250240237110310   
20170518025024023711052    
20170518025024023713091    
20170518025024023718011    
201705180252300181110210   
20170518025230018112134    
20170518025230018113012    
201705180259010328110210   
20170518025901032811053    
20170518025901032813011    
20170518025901032816021    
20170518025901032815142    
20170518025901032817451    
20170518025901032815061    
20170518025901032816101    
20170518025901032811261    
201705180320560073110210   
20170518032056007311065    
20170518032056007311052    
20170518032056007313011    
20170518032056007319222    
201705180332420327110210   
201705180332420327110310   
20170518033242032711053    
20170518033242032711072    
20170518033242032713083    
20170518033242032715042    
20170518033242032715061    
201705180342120121110210   
201705180349190029110210   
20170518034919002913011    
20170518034919002915061    
201705180349480185110210   
20170518034948018513011    
20170518034948018511081    
20170518034948018512134    
20170518034948018517031    
20170518035254022219201    
20170518035254022221071    
20170518035254022211035    
