20171224163907109430222    
20171224163907109430312    
20171224163907109430512    
20171224163907109430641    
20171224163907109440051    
20171224163907109450101    
20171224163907109460011    
20171224163907109460102    
20171224163907109460203    
20171224163907109460281    
20171224163907109460292    
20171224163907109460371    
20171224163907109492592    
20171224163907109492733    
20171224163907109492743    
20171224204910110310147    
20171224204910110310173    
20171224204910110320022    
20171224204910110360071    
20171224204910110360281    
20171224222013113210016    
201712242220131132103618   
20171224222013113210392    
20171224222013113220025    
20171224222013113230064    
20171224222013113230221    
20171224222013113240321    
20171224222013113250061    
20171224222013113260554    
20171224222013113291986    
20171224222013113291996    
201712242220131132931014   
20171224232725108720102    
20171224232725108730222    
20171224232725108730272    
20171224232725108730282    
20171224232725108730292    
20171224232725108730311    
20171224232725108730514    
201712242327251087400310   
20171224232725108740251    
20171224232725108740271    
20171224232725108740311    
20171224232725108750011    
20171224232725108760021    
20171224232725108760041    
20171224232725108760102    
20171224232725108760121    
20171224232725108760201    
20171224232725108760222    
20171224232725108760252    
20171224232725108760371    
20171224232725108792541    
20171224232725108792903    
20171224232725108792971    
20171224232725108793011    
20171225000222112530233    
20171225000222112550011    
20171225000222112550061    
20171225000222112550081    
20171225001639112710015    
20171225001639112710131    
20171225001639112710176    
20171225001639112710294    
20171225001639112730286    
20171225001639112730512    
20171225001639112740091    
20171225001639112740171    
20171225001639112740181    
20171225001639112740251    
201712250016391127919310   
20171225001639112792575    
20171225001639112792592    
20171225001639112792742    
20171225001639112792781    
20171225001639112792801    
20171225001639112792832    
20171225001639112792895    
20171225001639112792941    
20171225001639112792951    
20171225001639112793021    
20171225012748102610145    
20171225012748102610175    
20171225012748102620024    
20171225012748102630221    
20171225012748102630354    
20171225012748102630641    
20171225012748102640251    
20171225012748102640272    
20171225012748102650061    
20171225012748102660101    
20171225012748102660151    
20171225040722400510012    
20171225040722400520021    
20171225040722400591982    
20171225040722400592573    
20171225040722400592583    
20171225040722400592743    
20171225040722400592803    
20171225040722400592833    
20171225040722400592843    
20171225040722400592902    
20171225040722400593011    
