20170103185943112940321    
20170103185943112950061    
20170103185943112991935    
20170103215738112730284    
20170103215738112730312    
20170103215738112730322    
20170103215738112740091    
20170103215738112740251    
20170103215738112792151    
20170103223530112530641    
20170103223932110530311    
20170103223932110540045    
20170103223932110540051    
20170103223932110540271    
20170103223932110550011    
20170103223932110560251    
20170103223932110560261    
20170103223932110560301    
20170103223932110560371    
20170103223932110560551    
20170103223932110591935    
20170103223932110591942    
20170103223932110592155    
20170103224243109210145    
20170103224243109210171    
20170103224243109210291    
20170103224243109220027    
20170103224243109220102    
20170103224243109230082    
20170103224243109230103    
20170103224243109230221    
20170103224243109230512    
20170103224243109240272    
20170103224243109250031    
20170103224243109250041    
20170103224243109250051    
20170103224243109260171    
20170103224243109260211    
20170103230454104720022    
20170103230454104760031    
20170103230454104760171    
20170103230454104760241    
20170103230454104792153    
20170103232626107920022    
20170103232626107930221    
20170103232626107940051    
20170103232626107940261    
20170103232626107950041    
20170103232626107950051    
20170103232626107960271    
20170103232626107960281    
20170103232626107992121    
20170103232626107992152    
20170103234027111010131    
20170103234027111020023    
20170103234027111030221    
201701032340271110400130   
20170103234027111040125    
20170103234027111040262    
20170103234027111050011    
20170103234027111060031    
20170103234027111060171    
20170103234027111092152    
20170104000122110910131    
20170104000122110910175    
20170104000122110930286    
20170104000122110930292    
20170104000122110950011    
20170104000122110950081    
20170104000122110960031    
20170104000122110960081    
20170104000122110960171    
20170104000122110960231    
20170104000122110960292    
20170104000122110992153    
