20170731134625100810032    
20170731134625100810041    
20170731134625100810221    
201707311346251008200110   
20170731134625100840014    
20170731134625100841032    
20170731145712202810021    
20170731145712202810041    
20170731145712202810081    
20170731145712202810222    
20170731145712202810262    
20170731145712202820021    
20170731145712202820063    
201707311457122028300410   
20170731145712202840191    
20170731145712202841034    
20170731145712202841041    
20170731180421203410021    
20170731180421203410031    
20170731180421203410132    
20170731180421203410185    
20170731180421203410203    
20170731180421203410222    
20170731180421203420022    
20170731180421203420083    
20170731180421203420102    
20170731180421203430045    
20170731180421203440053    
20170731180421203440191    
20170731180421203441032    
20170731180421203441041    
20170731180421203441061    
20170731180421203477791    
20170731180421203477801    
20170731181153204410021    
201707311811532044100325   
20170731181153204410042    
20170731181153204410133    
20170731181153204410186    
20170731181153204410203    
20170731181153204410223    
20170731181153204410262    
20170731181153204420011    
20170731181153204420024    
20170731181153204420051    
20170731181153204420061    
20170731181153204420102    
20170731181153204440002    
20170731181153204440014    
20170731181153204440022    
20170731181153204440052    
20170731181153204441032    
20170731181153204441042    
20170731181153204441051    
20170731181153204441071    
20170731181153204450011    
20170731182631204310041    
20170731182631204310166    
20170731182631204310183    
20170731182631204341041    
20170731182631204341071    
201707311830352038100320   
20170731183035203810041    
20170731183035203810184    
20170731183035203810201    
20170731183035203810221    
20170731183035203810261    
20170731183035203820001    
20170731183035203820051    
20170731183035203831031    
20170731183035203840014    
20170731183035203840191    
20170731183035203841032    
20170731183035203841041    
20170731183035203841071    
20170731183035203860081    
20170731184156204340051    
201707311852522046100320   
20170731185252204610041    
20170731185252204610132    
20170731185252204610201    
20170731185252204610262    
20170731185252204620011    
20170731185252204640012    
20170731185252204640021    
20170731185252204640052    
20170731185252204640191    
20170731185252204641033    
20170731185252204641041    
20170731185537201410021    
201707311855372014100320   
20170731185537201410041    
20170731185537201410132    
20170731185537201410222    
20170731185537201420011    
20170731185537201420022    
20170731185537201420052    
20170731185537201420062    
20170731185537201420072    
20170731185537201440012    
20170731185537201440021    
20170731185537201440191    
20170731185537201441032    
20170731202510202810051    
201707312025102028101810   
20170731202510202810191    
20170731202510202810222    
20170731202510202820001    
20170731203233203810075    
20170731212038101510161    
20170731212038101520011    
20170731212038101520023    
20170731212038101520067    
20170731212038101520082    
20170731212038101530071    
20170731221603103210011    
20170731221603103210022    
201707312216031032100325   
20170731221603103210041    
20170731221603103210061    
20170731221603103210081    
20170731221603103210134    
20170731221603103210141    
20170731221603103210203    
20170731221603103210224    
20170731221603103220001    
20170731221603103240019    
20170731221603103240023    
20170731221603103240031    
20170731221603103240051    
20170731221603103240151    
20170731221603103241037    
20170731221603103250011    
20170731222632101310021    
201707312226321013100350   
20170731222632101310041    
20170731222632101310081    
20170731222632101310138    
20170731222632101310143    
20170731222632101310188    
20170731222632101310191    
20170731222632101310203    
20170731222632101310224    
20170731222632101310263    
20170731222632101320001    
20170731222632101320021    
20170731222632101320062    
20170731222632101320073    
201707312226321013300410   
20170731222632101331034    
20170731222632101340031    
20170731222632101340056    
20170731222632101340151    
20170731222632101340191    
20170731222632101341035    
20170731222632101341041    
201707312302312047100320   
20170731230231204710041    
20170731230231204710061    
20170731230231204710133    
20170731230231204710201    
20170731230231204710221    
20170731230231204740191    
20170731230231204741031    
20170731230231204741041    
