201702090024060695001130   
20170209002406069500131    
20170209002406069500584    
20170209002406069501062    
20170209002406069502181    
20170209002406069506015    
20170209002617122300045    
20170209002617122300074    
20170209002617122306015    
20170209002617122301063    
20170209002617122300131    
20170209002617122300143    
20170209002617122300352    
20170209002617122301111    
20170209002617122302181    
20170209003027040000141    
201702090030270400005840   
20170209003027040000711    
20170209003027040000981    
201702090030270400010615   
20170209003027040001112    
20170209003027040002181    
20170209003849069500701    
201702090121540051000410   
20170209012154005102181    
201702090121540051060110   
201702090121540051007515   
201702090158460630000415   
20170209015846063000761    
20170209015846063001111    
201702090306320815000220   
201702090706570080000440   
20170209070657008000711    
20170209070657008000921    
20170209070657008001112    
201702090707291401007950   
201702090707291401008010   
201702090708120016007960   
20170209070812001600805    
20170209070812001601253    
20170209070833135300142    
20170209070833135301111    
20170209070833135306011    
201702090709072001001115   
20170209070907200100143    
20170209070907200100585    
20170209070907200101112    
20170209070907200106013    
201702090709400024000415   
20170209070940002400103    
20170209070940002400761    
20170209070940002406017    
201702090710092002005815   
20170209071009200200741    
20170209071009200200931    
20170209071009200201111    
