20170620115708012950101    
20170620115708012958031    
20170620115708012960111    
20170620115708012960301    
20170620115708012960311    
20170620115708012960392    
20170620115708012960411    
20170620115708012960601    
20170620123727132240011    
20170620123727132260001    
20170620123727132260381    
20170620123727132250291    
20170620123727132250101    
20170620123727132260451    
20170620124230510340001    
20170620124230510350041    
20170620124230510350101    
20170620124230510360001    
20170620124230510360321    
20170620124230510360393    
20170620124403620250101    
20170620124403620250151    
20170620124403620260011    
