20171108190459106310172    
20171108190459106310253    
20171108190459106310302    
20171108190459106310471    
20171108190459106310622    
20171108190459106315251    
20171108190459106320311    
20171108190459106330271    
20171108190609106310172    
20171108190609106310253    
20171108190609106310302    
20171108190609106310471    
20171108190609106310622    
20171108190609106315251    
20171108190609106320311    
20171108190609106330052    
20171108190609106330271    
20171108211518102610025    
20171108211518102610071    
20171108211518102610121    
20171108211518102610411    
20171108211518102610625    
20171108211518102610861    
20171108211518102615041    
20171108211518102615111    
20171108211518102615181    
20171108211518102620021    
201711082115181026300120   
201711082229181041101710   
20171108222918104110382    
20171108222918104110422    
20171108222918104110581    
201711082229181041106215   
20171108222918104110651    
20171108222918104110661    
20171108222918104115041    
20171108222918104115061    
20171108222918104115162    
20171108222918104115261    
20171108222918104115291    
20171108222918104115331    
20171108222918104120021    
201711082229181041202024   
20171108222918104120281    
20171108222918104125093    
20171108222918104125141    
201711082229181041300115   
20171108222918104130032    
20171108222918104130055    
20171108222918104130081    
20171108222918104130195    
20171108222918104130252    
20171108222918104130272    
20171108222918104130382    
20171108222918104130521    
20171108222918104130691    
20171108222918104130892    
20171108222918104130961    
20171108223123105710023    
20171108223123105710254    
20171108223123105710271    
20171108223123105710302    
20171108223123105710321    
20171108223123105710343    
20171108223123105710381    
20171108223123105710421    
20171108223123105710432    
20171108223123105710682    
20171108223123105710861    
20171108223123105710871    
20171108223123105710971    
20171108223123105715161    
20171108223123105715351    
20171108223123105715371    
20171108223123105715401    
20171108223123105715421    
20171108223123105720021    
20171108223123105725091    
20171108223123105725161    
20171108223123105730012    
20171108223123105730035    
20171108223123105730241    
20171108223123105730251    
20171108223123105730462    
20171108223123105730691    
20171108223123105730921    
20171108231754108110255    
20171108231754108110274    
20171108231754108110343    
20171108231754108110361    
20171108231754108115161    
20171108231754108120102    
201711082317541081202010   
20171108231754108110491    
20171108231754108110627    
20171108231754108110636    
20171108231754108110652    
20171108231754108110662    
20171108231754108110684    
20171108231754108115332    
20171108231754108115372    
20171108231754108110122    
20171108231754108110175    
20171108231754108110302    
20171108231754108110864    
20171108231754108110872    
20171108231754108125241    
201711082317541081300110   
20171108231754108130033    
20171108231754108130052    
20171108231754108130082    
20171108231754108130382    
20171108231754108130492    
20171108231754108130701    
20171108231754108130901    
20171108231754108120441    
20171108232446110510304    
20171108232446110510953    
20171108232446110530013    
20171108232446110530382    
20171108232446110530691    
20171108232716103510141    
20171108232716103510255    
20171108232716103510271    
20171108232716103510625    
20171108232716103510651    
20171108232716103510681    
20171108232716103510955    
20171108232716103510971    
20171108232716103510981    
20171108232716103510991    
20171108232716103520191    
20171108232716103520405    
20171108232716103525151    
20171108232716103525161    
20171108232716103530013    
20171108232716103530033    
20171108232716103530043    
20171108232716103530113    
20171108232716103530271    
20171108232716103530381    
20171108232716103530451    
20171108232716103530901    
20171108233320107810255    
20171108233320107810322    
20171108233320107810471    
201711082333201078106310   
20171108233320107815071    
20171108233320107815331    
20171108233320107815351    
20171108233320107820101    
20171108233320107830015    
20171108233320107830061    
20171108233320107830081    
20171108233320107830271    
20171108233320107830351    
20171108235550108510211    
20171108235550108510381    
20171108235550108510421    
20171108235550108510432    
20171108235550108510651    
20171108235550108510831    
20171108235550108510871    
20171108235550108510943    
20171108235550108510971    
20171108235550108515211    
20171108235550108530015    
20171108235550108530351    
20171108235550108530451    
20171109000119108910321    
20171109000119108910342    
20171109000119108910622    
20171109000119108930014    
20171109000119108910952    
20171109002706108010255    
20171109002706108010272    
20171109002706108010681    
20171109002706108010861    
20171109002706108010972    
20171109002706108015041    
20171109002706108015161    
20171109002706108015421    
201711090027061080300110   
20171109002706108030055    
20171109002706108030381    
20171109005733107610305    
20171109005733107610661    
20171109005733107610955    
20171109005733107610971    
20171109005733107610981    
201711090057331076202012   
20171109005733107630381    
201711090120401048103010   
20171109012040104810323    
20171109012040104810432    
20171109012040104810471    
20171109012040104810491    
20171109012040104810625    
20171109012040104810652    
20171109012040104810661    
20171109012040104810682    
20171109012040104810821    
20171109012040104810862    
20171109012040104810901    
20171109012040104810981    
20171109012040104810991    
20171109012040104815041    
20171109012040104815211    
20171109012040104815261    
20171109012040104815371    
20171109012040104815401    
20171109012040104815421    
20171109012040104820101    
20171109012040104820161    
20171109012040104820192    
20171109012040104830082    
20171109012040104830195    
20171109012040104830251    
20171109012040104830361    
20171109012040104830381    
20171109012040104830892    
201711090206191008106310   
20171109020619100810861    
20171109020619100815421    
20171109022558100110022    
20171109022558100110071    
20171109022558100110421    
20171109022558100110433    
20171109022558100110661    
20171109022558100110861    
20171109022558100110943    
20171109022558100110955    
20171109022558100115061    
20171109022558100115071    
20171109022558100115331    
20171109022558100120191    
20171109022558100130082    
20171109022558100130202    
20171109022742100130891    
20171109024923110310122    
20171109024923110310173    
20171109024923110310211    
20171109024923110310221    
20171109024923110310271    
20171109024923110310324    
20171109024923110310433    
20171109024923110310491    
20171109024923110310651    
20171109024923110310671    
20171109024923110310681    
20171109024923110310861    
20171109024923110315041    
20171109024923110315061    
20171109024923110315331    
20171109024923110315351    
20171109024923110320021    
201711090249231103202012   
20171109024923110320331    
20171109024923110330016    
20171109024923110330081    
20171109024923110330202    
20171109024923110330601    
20171109024923110330691    
20171109024923110330891    
