20170509224354400110304    
20170509224354400110341    
20170509224354400110681    
20170509224354400110861    
20170509224354400130041    
20170509224354400130601    
20170509224354400130891    
20170509230949400115191    
20170510001443400210141    
20170510001443400210322    
20170510001443400210491    
20170510001443400210681    
20170510001443400217016    
20170510001443400217031    
201705100014434002202010   
20170510001443400220401    
20170510001443400225251    
20170510001443400225261    
20170510001443400230042    
20170510001443400230052    
20170510001443400230121    
20170510001443400230271    
20170510001443400230452    
20170510001443400230611    
20170510001443400230891    
20170510001443400230961    
