20170412174415114510368    
20170412174415114510376    
20170412174415114530095    
20170412174415114550011    
201704121744151145919330   
2017041217441511459231100  
201704121744151145923330   
20170412202924112410012    
20170412202924112410132    
20170412202924112430221    
20170412202924112440062    
20170412202924112440125    
20170412202924112440211    
20170412202924112440272    
20170412202924112491401    
20170412202924112491442    
20170412202924112491939    
20170412211756113610371    
20170412211756113620054    
20170412211756113630231    
20170412211756113640081    
20170412211756113640091    
20170412211756113640301    
20170412211756113640311    
20170412211756113640321    
20170412211756113650093    
20170412211756113660253    
20170412211756113660273    
201704122117561136919311   
20170412211927109430221    
20170412211927109460025    
20170412211927109460225    
20170412211927109460291    
20170412221249114220025    
20170412221249114230231    
20170412221249114230641    
20170412221249114240181    
20170412221249114240272    
20170412221249114240321    
20170412221249114250011    
20170412221249114250091    
20170412221249114250101    
20170412221249114260052    
20170412221249114260062    
20170412221249114260281    
201704122212491142919330   
20170412221249114292142    
2017041222124911429231120  
201704122212491142923315   
20170412222539110610013    
20170412222539110610131    
20170412222539110610142    
20170412222539110620022    
20170412222539110620061    
20170412222539110630312    
20170412222539110630491    
20170412222539110650011    
20170412222539110650081    
20170412222539110660031    
20170412222539110660201    
20170412222539110660281    
20170412222539110660293    
20170413000623102610013    
20170413000623102620012    
20170413000623102630352    
20170413000623102640201    
20170413000623102640211    
20170413000623102640221    
20170413000623102660121    
20170413000623102660251    
20170413000949108730102    
20170413000949108730222    
20170413000949108730232    
20170413000949108730276    
20170413000949108730286    
20170413000949108730641    
20170413000949108740052    
20170413000949108740251    
20170413000949108740271    
20170413000949108740301    
20170413000949108750061    
20170413000949108750081    
201704130009491087600710   
20170413000949108760201    
20170413000949108760251    
20170413000949108760281    
20170413005546114010082    
20170413005546114010362    
20170413005546114010372    
20170413005546114030242    
20170413005546114050011    
20170413005546114050081    
20170413005546114060061    
20170413005546114091935    
