20170529145811765610151    
20170529145811765610161    
20170529145811765610353    
20170529145811765610391    
20170529145811765610431    
20170529145811765610644    
20170529145811765610651    
20170529145811765610744    
201705291458117656111680   
20170529145811765611972    
20170529145811765620702    
201705291458117656228218   
20170529145811765622871    
201705291458117656228910   
201705291458117656230218   
20170529145811765625011    
20170529200514528711241    
20170529200514528722951    
20170529200514528710493    
20170529200514528710511    
20170529200514528710332    
20170529200514528710342    
20170529200514528722182    
20170529200514528711611    
20170529200514528711993    
20170529200514528722191    
20170529200514528723012    
20170529200514528710151    
20170529200514528711641    
20170529200514528710325    
