20170802000039300410255    
20170802000039300410275    
20170802000039300410625    
20170802000039300410633    
20170802000039300410955    
20170802000039300410971    
20170802000039300425261    
20170802000039300430131    
20170802000039300430455    
20170802001044300210411    
20170802001044300210623    
20170802001044300210633    
20170802001044300210955    
20170802001044300215421    
20170802001044300220201    
20170802001044300230015    
20170802001044300230032    
20170802001044300230691    
20170802001044300230703    
20170802001830300220311    
20170802011551300710013    
201708020115513007102510   
20170802011551300710305    
20170802011551300710661    
20170802011551300710683    
20170802011551300710861    
201708020115513007300130   
20170802011551300730033    
20170802011551300730055    
20170802011551300730195    
20170802011551300730351    
20170802011551300730462    
20170802011611300710345    
20170802011611300710872    
20170802011632300715371    
20170802011632300730071    
20170802011736300715171    
20170802011736300720011    
20170802011736300720021    
20170802011736300720101    
20170802011736300720111    
20170802011736300720201    
20170802011736300720401    
20170802011736300725241    
20170802011736300730061    
20170802020534301210681    
20170802020534301210861    
20170802020534301210981    
20170802020534301210992    
20170802020534301215231    
201708020205343012300110   
20170802020534301230672    
20170802020534301230891    
20170802020534301230921    
20170802030110300810122    
20170802030110300810212    
20170802030110300810222    
201708020301103008103210   
20170802030110300810491    
20170802030110300810612    
20170802030110300810633    
20170802030110300810652    
20170802030110300810684    
20170802030110300810841    
20170802030110300810862    
20170802030110300810941    
201708020301103008109510   
20170802030110300810972    
20170802030110300810981    
20170802030110300810992    
20170802030110300815061    
20170802030110300815072    
20170802030110300815371    
20170802030110300815421    
201708020301103008200810   
20170802030110300820201    
20170802030110300825261    
201708020301103008300120   
201708020301103008300310   
20170802030110300830331    
20170802030110300830383    
201708020301103008307010   
20170802030110300830893    
20170802030110300830921    
20170802043912300610071    
20170802043912300610142    
201708020439123006102530   
20170802043912300610276    
201708020439123006103010   
20170802043912300610422    
20170802043912300610471    
20170802043912300610491    
201708020439123006106210   
20170802043912300610652    
20170802043912300610682    
20170802043912300610863    
20170802043912300615042    
20170802043912300615071    
20170802043912300615171    
20170802043912300615211    
20170802043912300615261    
20170802043912300615331    
20170802043912300620101    
20170802043912300620111    
20170802043912300620161    
201708020439123006202024   
20170802043912300625041    
20170802043912300625101    
20170802043912300625251    
20170802043912300625261    
20170802043912300625271    
201708020439123006300140   
20170802043912300630039    
20170802043912300630045    
201708020439123006300510   
20170802043912300630062    
20170802043912300630081    
20170802043912300630111    
20170802043912300630121    
20170802043912300630131    
20170802043912300630271    
20170802043912300630352    
20170802043912300630382    
20170802043912300630452    
20170802043912300630893    
20170802043912300630922    
