201710221829101614100160   
20171022182910161410133    
20171022182910161410141    
201710221829101614196910   
20171022195751161410051    
201710222104170186100120   
201710222155071444100120   
20171022215507144410131    
201710222249261944100160   
20171022224926194410071    
201710222328201724100140   
20171022232820172410445    
201710222328201724105310   
20171022232820172413394    
20171022232820172419695    
201710222335572084100140   
20171022233557208410131    
20171022233557208410295    
20171022233557208410572    
20171022233557208415991    
201710222335572084196920   
201710222351120240100160   
20171022235112024010132    
20171022235112024010283    
20171022235112024010061    
20171022235112024010571    
201710222351280884100260   
20171022235128088410061    
20171022235128088410111    
20171022235128088410295    
20171022235128088415991    
20171022235128088410282    
20171022235324017010061    
20171022235324017010091    
201710222353240170100120   
20171022235324017010101    
20171022235324017010401    
201710230035331734100140   
20171023003533173410141    
20171023003533173415991    
201710230052251824100240   
20171023005225182410062    
20171023005225182410102    
20171023005225182410111    
20171023005225182410132    
20171023005225182410582    
20171023005225182410631    
20171023005225182413691    
20171023005225182415991    
201710230059580211100120   
201710230101260254100160   
20171023010126025410181    
20171023010126025410222    
20171023010126025410431    
20171023010126025415991    
20171023010126025410612    
201710230112561324100160   
20171023011256132410132    
20171023011256132410282    
20171023011256132410401    
20171023011256132410442    
201710230117241334100160   
20171023011724133410061    
20171023011724133410133    
20171023011724133410141    
20171023011724133410312    
20171023011724133410302    
20171023011724133410432    
201710230132170156100140   
20171023013217015610295    
20171023020405024910061    
20171023020405024910101    
201710230204050249100240   
201710230220322064100140   
20171023022032206410132    
201710230220322064102920   
201710230247280155100220   
20171023024728015510061    
20171023024728015510141    
20171023024728015510221    
201710230257360136100140   
201710230316221094100180   
20171023031622109410071    
20171023031622109410111    
20171023031622109410134    
20171023031622109410171    
20171023031622109410181    
20171023031622109410222    
20171023031622109410241    
20171023031622109410273    
20171023031622109410281    
20171023031622109410401    
20171023031622109410571    
20171023031622109410581    
201710230326460245100120   
20171023032646024510053    
20171023032646024510132    
201710230351451854100120   
20171023035145185410445    
20171023035145185410571    
20171023035145185470005    
201710230351451854700210   
201710230447300201100140   
20171023044730020110061    
20171023044730020110101    
20171023044730020110131    
20171023044730020110221    
201710230447300201105220   
201710230447300201105420   
20171023044730020110572    
20171023044730020111101    
20171023044730020113391    
