201704252309081408005810   
20170425230908140800761    
20170425230908140800921    
20170425233914005700111    
20170425233914005700131    
20170425233914005700141    
20170425233914005700582    
20170425235328001800141    
20170425235328001800114    
201704252354180040001110   
201704252354180040005810   
20170425235418004001111    
20170425235418004006015    
20170426000038135400041    
201704260000381354001120   
20170426000038135400625    
20170426000038135401111    
20170426002400063600625    
20170426002400063606015    
201704260058120051000430   
20170426005812005102181    
20170426005812005101193    
201704260058120051060110   
201704260058120051007520   
201704260111500400005830   
20170426011150040000711    
20170426011150040001065    
20170426011150040001112    
20170426012736090100105    
201704260127360901006310   
20170426012736090100711    
20170426012736090101111    
201704260127360901031720   
201704260150200630000415   
20170426015020063000291    
20170426015020063001111    
20170426015020063000621    
201704260320380815000220   
201704260353160744000210   
20170426070352140100774    
201704260703521401007960   
20170426070352140100805    
20170426070352140103184    
201704260704140016007940   
20170426070414001601254    
201704260704361353000410   
20170426070436135300142    
20170426070436135300761    
20170426070436135306012    
201704260705000031008810   
20170426070500003101111    
20170426070515003503195    
201704260710482002005810   
20170426071048200200941    
20170426071048200201065    
20170426071048200201151    
20170426071048200202181    
20170426071121002500115    
20170426071121002501111    
20170426071121002501141    
20170426071121002501381    
201704260711460809000210   
20170426071146080900141    
20170426071146080900351    
201704260712091423031710   
20170426071230002400045    
20170426071230002401111    
20170426071230002406015    
20170426071244141303155    
20170426071310021500045    
20170426071310021501111    
20170426071351050300585    
20170426071351050301111    
20170426071351050306015    
201704260715030080000450   
20170426071503008000711    
20170426071503008001112    
20170426071751000500115    
20170426071751000500131    
20170426071751000500141    
20170426071751000501111    
