201712151301390072001012   
20171215130139007200037    
20171215130139007200045    
20171215130139007200211    
20171215130139007200401    
20171215130649023000031    
20171215130649023000041    
20171215130649023000102    
20171215130649023005122    
20171215130649023080014    
20171215130649023000071    
20171215130649023005021    
20171215130649023005141    
20171215130649023005172    
20171215130649023002041    
201712151323190282001015   
20171215132319028200047    
20171215132319028200038    
20171215132319028200571    
20171215132319028200076    
20171215132319028200063    
20171215132319028200753    
20171215132319028200401    
201712151323190282405210   
201712151323190282405315   
20171215132319028205022    
20171215132319028205142    
20171215132319028240392    
20171215132319028200731    
20171215132319028200211    
20171215132319028200201    
20171215132319028200221    
20171215132556028200212    
20171215132900022900106    
20171215132900022900033    
20171215132900022900042    
20171215132900022900571    
20171215132900022900063    
20171215132900022900073    
20171215132900022900591    
20171215132900022905023    
20171215132900022905032    
20171215132900022905043    
20171215132900022905143    
20171215132900022905154    
20171215133351009500104    
20171215133351009500032    
20171215133351009500042    
20171215133351009500072    
20171215133351009500061    
20171215134127006200105    
20171215134127006200034    
20171215134127006200041    
20171215134455003200037    
20171215134455003200044    
201712151344550032001012   
20171215134455003200073    
20171215134455003200062    
20171215134455003200221    
20171215134455003205023    
20171215134455003205032    
20171215134455003205152    
20171215134455003205172    
20171215134455003200752    
20171215134455003240112    
20171215135427028500031    
20171215135427028500041    
20171215135427028500081    
20171215135427028500103    
20171215135427028500221    
20171215135427028500571    
20171215135427028500721    
20171215135427028500731    
20171215135427028500771    
20171215135427028505021    
20171215135427028505043    
20171215135427028505122    
20171215135427028505143    
20171215135427028505221    
20171215135427028540021    
20171215135427028540171    
20171215135427028540392    
20171215135427028540535    
20171215135427028580021    
20171215135427028580041    
20171215135752020700106    
20171215135752020700033    
20171215135752020700043    
20171215135752020700571    
20171215135752020700073    
20171215135752020700212    
20171215135752020702041    
20171215135752020700301    
20171215135752020700281    
20171215135752020740525    
20171215135752020740535    
20171215135752020740114    
20171215135752020705021    
20171215135752020705031    
20171215135752020705041    
20171215135752020705142    
20171215135752020780014    
20171215135752020780022    
20171215135752020705123    
201712151359070232001010   
20171215135907023200036    
20171215135907023200043    
20171215135907023200572    
20171215135907023200062    
20171215135907023200074    
20171215135907023200211    
20171215135907023200731    
20171215135907023202041    
20171215135907023240201    
20171215135907023200772    
20171215135907023200401    
20171215135907023205203    
201712151359070232800112   
20171215135907023205033    
20171215135907023205042    
20171215135907023205125    
201712151359070232051510   
20171215135907023205166    
20171215135907023205176    
20171215140120025500102    
20171215140120025500031    
20171215140120025500041    
20171215140120025500071    
20171215140120025500211    
20171215140120025500571    
20171215140120025580013    
20171215140120025505041    
20171215140148002700032    
20171215140148002700042    
20171215140148002700104    
20171215140148002705172    
20171215140148002705152    
20171215140314025800032    
20171215140314025800042    
20171215140314025800202    
20171215140314025800222    
20171215140314025800231    
20171215140314025800104    
20171215140314025800081    
20171215140314025800281    
20171215140314025805075    
20171215140314025840115    
20171215140314025840527    
20171215140314025800062    
20171215140314025800073    
20171215140314025840391    
20171215140314025802042    
201712151403250079001012   
20171215140325007900035    
20171215140325007900045    
20171215140325007900571    
20171215140325007900081    
20171215140325007900062    
20171215140325007900073    
20171215140325007900221    
20171215140325007900301    
20171215140325007905023    
20171215140325007905032    
20171215140325007905152    
20171215140325007940525    
20171215141509028700033    
20171215141509028700043    
20171215141509028700211    
20171215141509028700221    
20171215141509028700571    
20171215141509028700581    
20171215141509028700106    
20171215141509028700771    
20171215141509028700281    
20171215141509028705021    
20171215141509028705033    
20171215141509028705142    
20171215141509028740525    
20171215141509028740535    
20171215141509028780012    
20171215141509028780021    
20171215141509028700062    
20171215141509028700071    
20171215141509028702041    
20171215141747021300202    
20171215141747021300211    
20171215141747021300221    
20171215141747021300631    
20171215141747021300721    
20171215141747021300751    
20171215141747021300301    
20171215141747021300081    
20171215141747021305022    
20171215141747021305032    
20171215141747021305044    
201712151417470213050710   
20171215141747021305154    
20171215141747021340111    
20171215141747021340141    
20171215141747021340121    
20171215141747021340171    
20171215141747021305201    
20171215141747021340211    
20171215141747021340524    
20171215141747021340533    
20171215141747021300062    
201712151417470213000712   
20171215141747021340391    
201712151417470213990112   
201712151417470213990212   
20171215141747021302042    
20171215142525004800731    
20171215142525004800104    
20171215142525004800033    
20171215142525004800041    
20171215142525004805043    
20171215142525004805153    
20171215142525004805021    
20171215142525004800063    
20171215142525004800073    
20171215142558008700033    
20171215142558008700042    
20171215142558008700201    
20171215142558008700211    
20171215142558008700571    
20171215142558008700751    
20171215142558008700105    
20171215142558008705031    
20171215142558008705122    
20171215142558008705154    
20171215142558008705161    
20171215142558008740111    
20171215142558008740525    
20171215142558008740535    
20171215142558008700061    
20171215142846028900034    
20171215142846028900042    
20171215142846028900062    
20171215142846028900073    
20171215142846028900106    
20171215142846028900571    
20171215142846028900731    
20171215142846028900771    
20171215142846028905022    
20171215142846028905042    
20171215142846028940211    
20171215142846028980014    
20171215142855011405043    
20171215142855011405033    
20171215142855011400062    
20171215142855011400231    
20171215142855011405221    
20171215142855011400031    
20171215142855011400041    
20171215142855011400102    
20171215142855011400072    
20171215143123019500104    
20171215143123019500032    
20171215143123019500042    
20171215143123019500571    
20171215143123019500073    
20171215143123019500721    
20171215143123019500771    
201712151431230195405210   
201712151431230195405320   
20171215143123019580018    
20171215143123019580021    
20171215143123019505032    
20171215143123019505041    
20171215143123019505152    
20171215143237023400031    
20171215143237023400041    
20171215143237023400102    
20171215143237023405021    
20171215143237023405155    
20171215143831027700105    
20171215143831027700033    
20171215143831027700042    
20171215143831027700571    
20171215143831027700081    
20171215143831027700062    
20171215143831027700073    
20171215143831027700201    
20171215143831027700211    
20171215143831027700221    
20171215143831027702041    
20171215143831027700771    
20171215143831027740171    
201712151438310277405210   
201712151438310277405310   
20171215143831027740213    
201712151438310277405520   
20171215143831027740114    
20171215143831027705022    
20171215143831027705032    
20171215143831027705141    
20171215143831027705202    
20171215143831027705122    
20171215143831027705156    
20171215143831027705166    
20171215143847014400034    
20171215143847014400044    
20171215143847014400202    
20171215143847014400211    
20171215143847014400571    
201712151438470144001010   
20171215143847014405021    
20171215143847014405032    
20171215143847014405043    
20171215143847014440211    
20171215143847014400062    
20171215143847014400073    
20171215143847014402041    
20171215144042008900035    
20171215144042008900044    
201712151440420089001010   
20171215144042008900061    
20171215144042008900073    
20171215144042008900441    
20171215144042008900212    
20171215144042008905022    
20171215144042008905044    
20171215144042008905034    
20171215144042008905156    
20171215144042008905174    
20171215144042008980031    
20171215144042008905221    
20171215144301022700104    
20171215144301022700032    
20171215144301022700042    
20171215144301022700211    
20171215144450006700031    
20171215144450006700041    
20171215144450006700102    
20171215144450006705171    
20171215144450006705152    
20171215144450006700771    
20171215144450006740525    
201712151444500067405310   
20171215144450006780012    
201712151451370063001016   
201712151451370063000310   
20171215145137006300046    
20171215145137006300571    
20171215145137006300064    
20171215145137006300078    
20171215145137006380093    
20171215145137006380103    
20171215145137006300201    
20171215145137006300211    
20171215145137006300221    
20171215145137006300301    
20171215145137006300281    
20171215145137006300751    
20171215145137006302041    
20171215145137006300451    
20171215145137006300581    
20171215145137006340525    
201712151451370063405310   
201712151451370063800112   
20171215145137006380024    
20171215145137006380052    
20171215145137006305021    
20171215145137006305033    
20171215145137006305042    
201712151451370063051210   
20171215145137006305143    
20171215145137006305154    
20171215145137006305164    
20171215145137006340112    
20171215145137006340391    
201712151451510248001011   
20171215145151024800036    
20171215145151024800044    
20171215145151024800571    
20171215145151024800083    
20171215145151024800065    
20171215145151024800073    
20171215145151024800201    
20171215145151024800401    
20171215145151024805041    
20171215145151024805221    
20171215145151024805146    
201712151451510248051525   
20171215145151024805162    
20171215145151024840171    
20171215145610024100103    
20171215145610024100032    
20171215145610024100041    
20171215145610024100201    
20171215145610024180014    
20171215145610024180024    
20171215145610024105021    
20171215145610024105221    
20171215145610024105122    
20171215145610024105202    
20171215145610024100771    
20171215145610024140112    
20171215145610024100211    
20171215150111020000035    
20171215150111020000042    
20171215150111020000108    
20171215150111020000061    
20171215150111020000074    
20171215150111020000201    
20171215150111020000211    
20171215150111020000721    
20171215150111020002041    
20171215150111020000401    
20171215150127027400106    
20171215150127027400033    
20171215150127027400043    
20171215150127027400081    
20171215150127027400062    
201712151501270274000712   
20171215150127027402042    
20171215150127027400771    
20171215150127027440525    
20171215150127027440535    
20171215150127027440212    
20171215150127027405042    
20171215150127027405154    
20171215150128029200031    
20171215150128029200041    
20171215150128029200062    
20171215150128029200075    
20171215150128029200102    
20171215150128029200201    
20171215150128029200211    
20171215150128029200221    
20171215150128029200571    
20171215150128029200631    
20171215150128029200771    
20171215150128029202041    
20171215150128029205042    
20171215150128029205121    
20171215150128029205142    
20171215150128029205151    
20171215150128029205161    
20171215150128029240131    
20171215150128029240551    
20171215150128029280012    
20171215150130020100104    
20171215150130020100032    
20171215150130020100042    
201712151501300201405210   
20171215150130020180014    
20171215150130020105042    
20171215150130020140112    
20171215150130020105121    
20171215150216015900103    
20171215150216015900032    
20171215150216015900041    
20171215150216015905121    
20171215150227028600032    
20171215150227028600042    
20171215150227028600104    
20171215150227028600211    
20171215150227028605021    
20171215150227028680021    
20171215150521027900101    
20171215150521027900031    
20171215150521027900071    
20171215150521027900211    
20171215150521027900221    
20171215150521027902041    
20171215150521027900771    
20171215150521027905021    
20171215150521027905031    
20171215150521027905141    
20171215150521027905154    
20171215150521027905162    
20171215150521027940112    
20171215150647002002041    
20171215150647002000072    
20171215150647002080024    
20171215150647002000301    
20171215150647002000571    
20171215150647002000102    
20171215150647002000031    
20171215150647002000041    
20171215150707024600105    
20171215150707024600033    
20171215150707024600041    
20171215150707024600075    
20171215150707024600202    
20171215150707024602041    
20171215150707024605033    
20171215150707024605042    
20171215150707024605125    
20171215150707024605152    
20171215150707024605173    
20171215150707024680031    
201712151508480077001015   
20171215150848007700039    
20171215150848007700047    
20171215150848007700572    
201712151508480077000710   
20171215150848007700401    
20171215150848007700231    
20171215150848007700214    
20171215150848007780072    
20171215150848007740525    
20171215150848007705032    
20171215151009023900571    
20171215151009023900061    
20171215151009023900072    
201712151510090239990112   
20171215151009023999026    
20171215151009023900211    
20171215151009023900401    
20171215151009023900581    
20171215151009023980031    
20171215151009023980041    
20171215151009023905011    
20171215151009023905033    
20171215151009023905124    
20171215151034027600031    
20171215151034027600041    
20171215151034027600102    
20171215151034027640141    
20171215151047026600101    
20171215151047026600041    
20171215151047026600061    
20171215151047026600201    
20171215151047026600211    
20171215151047026602041    
20171215151047026640535    
20171215151047026605041    
20171215151047026605122    
20171215151047026605141    
20171215151047026605151    
20171215151047026605161    
20171215151047026605202    
20171215151202004100104    
20171215151202004100032    
20171215151202004100042    
20171215151202004100061    
20171215151202004100071    
20171215151202004105021    
20171215151202004105032    
20171215151202004105141    
20171215151330024700103    
20171215151330024700031    
20171215151330024700042    
20171215151330024700201    
20171215151330024700211    
20171215151330024702041    
20171215151330024780014    
20171215151330024705022    
20171215151330024705041    
20171215151330024705123    
20171215151330024705163    
20171215151330024700771    
201712151514240156001014   
20171215151424015600038    
20171215151424015600047    
20171215151424015600571    
20171215151424015600081    
20171215151424015600063    
20171215151424015600075    
20171215151424015600202    
20171215151424015600212    
20171215151424015600221    
20171215151424015602041    
20171215151424015600731    
20171215151424015600751    
20171215151424015600401    
20171215151424015640523    
20171215151424015640536    
20171215151424015640552    
20171215151424015605022    
20171215151424015605033    
20171215151424015605042    
20171215151424015605221    
20171215151424015605143    
20171215151424015605155    
20171215151424015605207    
20171215151557016900102    
20171215151557016900031    
20171215151557016900041    
20171215151557016900062    
20171215151557016900074    
20171215151557016900401    
20171215151557016900731    
20171215151557016940535    
20171215151936025100103    
20171215151936025100032    
20171215151936025100041    
20171215151936025100064    
20171215151936025100073    
20171215151936025100201    
20171215151936025140392    
20171215151936025140171    
20171215151936025140131    
20171215151936025105021    
20171215151936025180014    
20171215151936025180022    
20171215151936025105201    
20171215151936025105122    
20171215151936025105152    
20171215151936025105165    
20171215151936025100081    
20171215152022025100401    
20171215152227022300211    
20171215152227022300752    
20171215152227022399016    
20171215152227022300073    
20171215152227022305202    
20171215152227022380022    
20171215152227022380014    
20171215152227022305032    
20171215152227022305022    
20171215152227022340391    
20171215152227022300201    
20171215152227022300281    
20171215152227022305141    
20171215152227022305152    
20171215152227022305174    
20171215152227022305041    
20171215152227022340113    
20171215152227022300063    
20171215152227022300081    
201712151522270223405210   
20171215152308015600751    
20171215152308015600491    
20171215152430005700032    
20171215152430005700042    
20171215152430005700104    
20171215152430005705121    
20171215152430005780011    
20171215152430005700721    
20171215152430005700751    
20171215152430005700061    
20171215152430005700072    
20171215152430005740531    
20171215152430005705041    
20171215152543027100108    
20171215152543027100034    
20171215152543027100044    
20171215152543027100571    
20171215152543027100062    
20171215152543027100071    
20171215152543027100201    
20171215152543027100281    
20171215152543027180014    
20171215152543027105034    
20171215152543027105163    
20171215152543027100771    
20171215152543027140171    
201712151528470198000316   
201712151528470198000414   
201712151528470198001031   
20171215152849029300033    
20171215152849029300042    
20171215152849029300073    
20171215152849029300105    
20171215152849029300211    
20171215152849029300401    
20171215152849029300571    
20171215152849029300721    
20171215152849029300731    
20171215152849029305041    
20171215152849029305202    
20171215152849029305221    
20171215152849029340131    
20171215152849029380013    
20171215152849029380021    
20171215153124022100104    
20171215153124022100033    
20171215153124022100041    
20171215153124022100281    
20171215153124022100221    
20171215153124022100062    
20171215153124022100071    
20171215153124022100571    
20171215153258013100032    
20171215153258013100041    
20171215153258013100104    
20171215153258013100301    
20171215153258013100451    
20171215153258013105021    
20171215153258013105154    
20171215153258013180024    
20171215153258013180032    
20171215153511018900032    
20171215153511018900041    
20171215153511018900211    
20171215153511018900102    
20171215153511018905122    
20171215153511018905152    
20171215153511018905162    
20171215153511018902041    
20171215153724009800063    
20171215153724009800075    
20171215153724009800202    
20171215153724009800213    
20171215153724009800571    
20171215153724009800751    
20171215153724009805022    
20171215153724009805035    
20171215153724009805123    
20171215153724009840113    
20171215153724009840171    
20171215153724009840391    
20171215153724009840521    
20171215153724009840533    
20171215153724009840553    
20171215153724009880014    
20171215153724009880023    
20171215153724009880102    
201712151537240098990124   
201712151537240098990224   
20171215154000006600039    
20171215154000006600048    
201712151540000066001017   
20171215154113028300031    
20171215154113028300041    
20171215154113028300221    
20171215154113028300571    
20171215154113028300102    
20171215154113028300081    
20171215154113028300281    
20171215154113028305031    
20171215154113028305041    
20171215154113028305151    
20171215154113028305172    
20171215154113028305211    
20171215154113028300061    
20171215154113028300071    
20171215154113028302041    
20171215154248016100571    
20171215154248016100063    
20171215154327028800031    
20171215154327028800061    
20171215154327028800081    
20171215154327028800101    
20171215154327028805031    
20171215154327028805153    
20171215154327028805161    
20171215154327028840523    
20171215154327028840533    
20171215154327028880012    
20171215154327028880021    
20171215154532013000108    
20171215154532013000035    
20171215154532013000043    
20171215154532013000202    
20171215154532013000213    
20171215154532013000064    
20171215154532013000231    
20171215154532013005022    
20171215154532013000073    
201712151546240011001018   
20171215154624001100039    
20171215154624001100049    
20171215154624001100075    
20171215154624001100301    
20171215154624001100631    
20171215154624001102041    
20171215154624001105045    
20171215154624001105152    
20171215154624001100771    
20171215154624001140535    
20171215154624001100571    
20171215154742012580024    
20171215154742012505021    
20171215154742012505121    
20171215154819026800104    
20171215154819026800032    
20171215154819026800042    
20171215154819026800071    
20171215155008023700103    
20171215155008023700032    
20171215155008023700041    
20171215155008023700081    
20171215155008023700075    
20171215155008023780102    
20171215155008023700281    
20171215155008023740391    
20171215155008023740171    
20171215155008023705021    
20171215155008023705031    
20171215155008023705041    
20171215155008023780014    
20171215155008023780024    
20171215155008023705204    
20171215155008023705124    
20171215155008023705164    
20171215155008023705151    
20171215155008023740532    
20171215155141022400107    
20171215155141022400034    
20171215155141022400043    
20171215155141022405032    
20171215155141022405152    
20171215155141022400062    
20171215155141022400073    
20171215155141022440391    
201712151551410224405210   
20171215155207803300033    
20171215155207803300042    
20171215155207803300211    
20171215155207803300571    
20171215155207803300631    
20171215155207803300105    
20171215155207803300282    
20171215155207803305021    
20171215155207803305141    
20171215155207803305152    
201712151552078033405210   
20171215155207803340537    
20171215155207803380014    
20171215155207803380021    
20171215155207803300074    
20171215155207803340391    
20171215155207803302041    
20171215155209008200035    
20171215155209008200044    
20171215155209008200301    
20171215155209008200106    
20171215155209008205032    
201712151552090082050410   
20171215155209008240211    
20171215155209008200062    
20171215155209008200072    
20171215155209020005022    
20171215155209020005032    
20171215155209020005042    
20171215155209020005123    
20171215155209020005142    
20171215155209020005152    
20171215155209020005162    
20171215155234027800101    
20171215155234027800041    
20171215155234027802041    
20171215155234027805162    
20171215155249003300109    
20171215155249003300035    
20171215155249003300044    
20171215155249003300081    
20171215155249003300063    
20171215155249003300072    
20171215155249003302041    
20171215155249003340391    
201712151552490033405225   
20171215155249003305021    
20171215155249003305033    
20171215155249003305143    
20171215155553025740121    
20171215155553025780031    
20171215155553025740111    
20171215155553025705161    
20171215155553025780012    
20171215155553025700031    
20171215155553025700041    
20171215155553025700101    
20171215155553025700071    
20171215155633026900103    
20171215155633026900033    
20171215155633026900042    
20171215155633026900571    
20171215155633026900062    
20171215155633026900073    
20171215155633026900201    
20171215155633026900212    
20171215155633026900221    
20171215155633026902041    
20171215155633026940523    
20171215155633026940533    
20171215155633026980014    
20171215155633026980022    
20171215155633026905021    
20171215155633026905041    
20171215155633026905075    
20171215155633026905131    
20171215155633026940112    
