20170714154510100520011    
20170714154510100520023    
20170714154510100520041    
20170714154510100520055    
20170714154510100520065    
20170714170506203410011    
20170714170506203410022    
20170714170506203410031    
20170714170506203410041    
20170714170506203410135    
20170714170506203410185    
20170714170506203410202    
20170714170506203410223    
20170714170506203420001    
20170714170506203420011    
20170714170506203420025    
20170714170506203420055    
20170714170506203420065    
20170714170506203420075    
20170714170506203420103    
20170714170506203431031    
20170714170506203440031    
20170714170506203440053    
20170714170506203440152    
20170714170506203441033    
20170714170506203441041    
20170714170506203477801    
20170714170506203478121    
20170714184035203810011    
20170714184035203810022    
20170714184035203810042    
20170714184035203810186    
20170714184035203810201    
20170714184035203810221    
20170714184035203840013    
20170714184035203840191    
20170714184035203841033    
20170714184035203877771    
20170714184035203877811    
20170714184843204310011    
20170714184843204310021    
201707141848432043100340   
20170714184843204310041    
20170714184843204310188    
20170714184843204310201    
20170714184843204310224    
20170714184843204310261    
20170714184843204320061    
201707141848432043310310   
20170714184843204340051    
20170714184843204340093    
20170714184843204341032    
20170714184843204341041    
20170714200214203820023    
20170714201929204377791    
20170714211340103210011    
20170714211340103210022    
201707142113401032100330   
20170714211340103210041    
20170714211340103210061    
20170714211340103210136    
20170714211340103210141    
20170714211340103210202    
20170714211340103210224    
20170714211340103220001    
201707142113401032400116   
20170714211340103240023    
20170714211340103240031    
20170714211340103240051    
20170714211340103240151    
20170714211340103241038    
20170714212133103310135    
20170714212133103320011    
20170714212133103320031    
20170714212133103320061    
20170714212133103320072    
20170714212133103340052    
20170714212133103340151    
20170714212133103320001    
20170714212133103310201    
20170714212133103310184    
20170714212133103310223    
20170714212133103310262    
201707142124422046100320   
20170714212442204610132    
20170714212442204610201    
20170714212442204620021    
20170714212442204640012    
20170714212442204641032    
201707142127052014100320   
20170714212705201410201    
20170714212705201410222    
20170714212705201410262    
20170714212705201420011    
20170714212705201420052    
20170714212705201420062    
20170714212705201420072    
201707142127052014310320   
20170714212705201440012    
20170714212705201440021    
20170714212705201440191    
20170714212705201441032    
20170714222038101310011    
20170714222038101310022    
20170714222038101310032    
20170714222038101310042    
20170714222038101310061    
20170714222038101310091    
20170714222038101310137    
20170714222038101310142    
20170714222038101310185    
20170714222038101310202    
20170714222038101310223    
20170714222038101310262    
20170714222038101320001    
20170714222038101320015    
20170714222038101320021    
20170714222038101320051    
20170714222038101320063    
20170714222038101320072    
20170714222038101331034    
20170714222038101340055    
20170714222038101340152    
20170714222038101341033    
20170714222038101341041    
