20170909003859704150014    
20170909003859704150041    
20170909003859704150051    
20170909003859704150133    
20170909003859704150141    
20170909003859704150071    
201709090238431072300110   
20170909023843107231131    
20170909023843107230031    
20170909023843107231641    
20170909023843107230451    
201709090242081030316010   
201709090242081030316220   
20170909024208103030031    
20170909024208103050773    
20170909024208103030401    
20170909024208103031032    
20170909024208103031152    
