201704301747304212110225   
201704301747304212160315   
20170430222010413911025    
20170430222010413916022    
201704302220104139160310   
20170430222010413916042    
201704302340544191110220   
20170430234054419116023    
201704302340544191160320   
20170430234054419116043    
20170430234054419161515    
20170430234054419162345    
201705010003274117110230   
20170501000327411713025    
20170501000327411715013    
20170501000327411716025    
201705010003274117160330   
20170501000327411716045    
20170501000327411731045    
20170501000327411745018    
20170501000327411745043    
20170501000327411761393    
201705010522554163110210   
20170501052255416316035    
