201703292151560186100120   
201703292155211944100140   
20170329215521194410101    
20170329215521194410111    
20170329215521194410131    
20170329215521194415992    
201703292237330261100140   
20170329223733026110132    
20170329223733026110603    
201703292256430207100140   
20170329225643020710133    
201703292326561394100120   
201703300002402054100140   
20170330000240205410131    
201703300002402054102913   
20170330000240205410571    
20170330000240205470012    
20170330000240205470022    
201703300011320245100140   
20170330001132024510052    
20170330001132024510132    
20170330001132024510221    
20170330001132024510631    
201703300012331494100140   
20170330001233149410071    
20170330001233149410291    
20170330001233149410571    
20170330001233149410581    
201703300020070884100160   
20170330002007088410061    
20170330002007088410133    
20170330002007088415991    
201703300020070884102910   
20170330002007088410141    
20170330002007088410121    
20170330002007088410282    
20170330002007088410605    
201703300026460156100120   
20170330002646015610111    
20170330002646015610133    
201703300036021914100120   
20170330003602191410301    
20170330003602191410312    
201703300057440240100140   
20170330005744024010132    
20170330005744024010572    
201703300102531734100120   
20170330010253173410535    
201703300103440704100160   
20170330010344070410132    
20170330010344070410401    
201703300107260594100180   
20170330010726059415991    
20170330010726059410071    
201703300114141724100120   
20170330011414172410292    
20170330011414172413392    
20170330011414172413493    
201703300117080244100120   
20170330011708024410071    
20170330011708024410171    
201703300132120223100140   
20170330013212022310101    
201703300144070914100160   
20170330014407091410221    
201703300146531364100140   
20170330014653136410061    
20170330014653136413392    
20170330014653136415991    
201703300156470211100120   
20170330015647021110131    
201703300201071554100160   
20170330020107155410132    
20170330020107155410261    
20170330020107155410298    
201703300204530249100120   
20170330020453024910101    
20170330020453024910131    
20170330020453024910222    
20170330020453024910641    
201703300210490190100160   
20170330021049019010101    
20170330021049019010133    
20170330021049019010141    
20170330021049019010401    
20170330021049019010433    
20170330021049019070002    
20170330021049019070012    
20170330021049019070024    
201703300224351714100160   
201703300232001354100120   
20170330023200135410295    
20170330023200135410302    
20170330023200135410312    
20170330023200135413395    
20170330023200135410573    
201703300327592064100160   
20170330032759206410132    
20170330032759206410295    
20170330032759206415991    
201703300358240584100160   
20170330035824058410071    
20170330035824058410101    
20170330035824058410132    
20170330035824058410181    
20170330035824058410221    
20170330035824058415991    
20170330035824058410631    
201703300421011854100140   
20170330042101185410061    
20170330042101185410131    
201703300422200201100140   
20170330042220020110061    
20170330042220020110221    
20170330042220020115991    
