20170609170733203410011    
20170609170733203410022    
20170609170733203410031    
20170609170733203410041    
20170609170733203410133    
20170609170733203410185    
20170609170733203410203    
20170609170733203410223    
20170609170733203420001    
20170609170733203420011    
20170609170733203420021    
20170609170733203420041    
20170609170733203420052    
20170609170733203420063    
20170609170733203420083    
20170609170733203430071    
20170609170733203431031    
20170609170733203440052    
20170609170733203440191    
20170609170733203441033    
20170609170733203441041    
20170609170733203441051    
20170609170733203441061    
20170609170733203477791    
20170609170733203478121    
20170609175939204310022    
201706091759392043100320   
20170609175939204310041    
20170609175939204310185    
20170609175939204310223    
20170609175939204310261    
20170609175939204340191    
20170609175939204341032    
20170609175939204341041    
20170609204907203810021    
201706092049072038100325   
20170609204907203810042    
20170609204907203810187    
20170609204907203810202    
20170609204907203810223    
20170609204907203810262    
20170609204907203820001    
20170609204907203820062    
20170609204907203840014    
20170609204907203840093    
20170609204907203841034    
20170609204907203841041    
20170609204907203841071    
20170609204907203877791    
20170609210704103210011    
20170609210704103210022    
201706092107041032100325   
20170609210704103210041    
20170609210704103210061    
20170609210704103210081    
20170609210704103210135    
20170609210704103210141    
20170609210704103210161    
20170609210704103210203    
20170609210704103210225    
20170609210704103220001    
201706092107041032400116   
20170609210704103240026    
20170609210704103240031    
20170609210704103240051    
20170609210704103240071    
20170609210704103241039    
20170609214043201410021    
201706092140432014100320   
20170609214043201410041    
20170609214043201410183    
20170609214043201410202    
20170609214043201410223    
20170609214043201410262    
20170609214043201420021    
20170609214043201420073    
20170609214043201430071    
20170609214043201440013    
20170609214043201440021    
20170609214043201440031    
20170609214043201441035    
20170609214043201450013    
201706092144222046100320   
20170609214422204610132    
20170609214422204610203    
20170609214422204610222    
20170609214422204610262    
20170609214422204620072    
20170609214422204640012    
20170609214422204640022    
20170609214422204640051    
20170609214422204641033    
20170609214422204641041    
20170609215450103310136    
20170609215450103310184    
20170609215450103310223    
20170609215450103310262    
20170609215450103320051    
20170609215450103320061    
20170609215450103320072    
20170609215450103320102    
20170609215450103330061    
20170609215450103330071    
20170609215450103340053    
20170609215450103340151    
20170609215450103340165    
20170609215450103341051    
20170609215450103341061    
20170609215450103341071    
20170609223059101310011    
20170609223059101310022    
201706092230591013100350   
20170609223059101310042    
20170609223059101310061    
20170609223059101310081    
201706092230591013101310   
20170609223059101310143    
20170609223059101310188    
20170609223059101310191    
20170609223059101310203    
20170609223059101310225    
20170609223059101310263    
20170609223059101320062    
20170609223059101320072    
20170609223059101340055    
20170609223059101340151    
20170609223059101341033    
20170609223059101341041    
20170609223059101377791    
20170609223828101320015    
