201704150001161223001120   
20170415000116122300042    
20170415000116122300073    
20170415000116122306017    
20170415000116122301064    
20170415000116122300132    
20170415000116122300141    
20170415000116122300355    
20170415000116122301111    
20170415000116122302181    
20170415002348005700111    
20170415002348005700132    
201704150023480057005817   
20170415002348005701111    
20170415002348005701191    
20170415002348005701311    
20170415002348005706013    
201704150027360695001130   
20170415002736069500131    
20170415002736069500141    
20170415002736069500583    
20170415002736069501063    
20170415002736069502182    
201704150027360695060115   
201704150116460744000210   
201704150134320051000430   
20170415013432005100921    
20170415013432005101111    
20170415013432005102183    
201704150134320051060120   
201704150134320051007540   
20170415015045135800355    
20170415015045135800761    
20170415015045135803175    
20170415020404063000045    
20170415020404063000761    
20170415020404063001111    
20170415020404063000621    
20170415020404063000101    
201704150209030400005840   
20170415020903040000712    
20170415020903040000981    
201704150209030400010610   
20170415020903040001114    
20170415020903040001141    
20170415021426140806013    
201704150214261408005810   
201704150703240080000490   
20170415070324008000712    
20170415070324008001118    
20170415070650050300585    
20170415070650050301065    
20170415070736140100774    
2017041507073614010079200  
201704150707361401008020   
20170415070736140103184    
20170415070819001600185    
20170415070819001600774    
201704150708190016007970   
201704150708190016008015   
20170415070819001601253    
20170415070819001603184    
201704150709270024000420   
20170415070927002401112    
20170415070927002406015    
20170415070927002406221    
20170415070927002406241    
20170415071017200100115    
20170415071017200101095    
20170415071017200101112    
20170415071017200102181    
20170415071017200106015    
20170415071056200200143    
201704150710562002005830   
20170415071056200200712    
20170415071056200200741    
20170415071056200201067    
20170415071056200201111    
20170415071056200202181    
