20170516113516161640001    
20170516113516161660001    
20170516113833500960322    
20170516113833500960392    
20170516124659240560001    
20170516124659240560381    
20170516125503760249971    
20170516125503760250031    
20170516125503760250101    
20170516125503760259951    
20170516125503760260461    
20170516134420150240021    
20170516134420150250101    
20170516134420150259981    
20170516134420150260101    
20170516134420150260321    
20170516134420150260331    
20170516134420150260361    
20170516134420150260391    
20170516134420150260463    
20170516142631240550101    
