20171114101149814810012    
20171114101149814810056    
20171114101149814810301    
20171114101149814810371    
20171114101149814810391    
20171114101149814810521    
20171114101149814810681    
20171114101149814810741    
20171114101149814816159    
20171114101149814820031    
20171114101149814820068    
20171114101149814820072    
20171114101149814820102    
20171114101149814850021    
20171114111117814820081    
20171114123406811710013    
20171114123406811710056    
20171114123406811710121    
20171114123406811710311    
20171114123406811710523    
20171114123406811710621    
20171114123406811710641    
20171114123406811716157    
20171114123406811720066    
20171114123406811720071    
20171114123406811720102    
20171114123406811720111    
20171114123406811720122    
20171114142056815510012    
20171114142056815510121    
201711141420568155200610   
20171114142056815520072    
201711141420568155100510   
20171114142056815510301    
20171114142056815510392    
201711141420568155161512   
20171114142056815510542    
20171114142056815510632    
20171114142056815510681    
20171114142056815520106    
20171114142056815520112    
20171114142056815520122    
20171114143203815210013    
20171114143203815210021    
20171114143203815210031    
20171114143203815220032    
20171114143203815220066    
20171114143203815220072    
20171114143203815220081    
20171114143203815210054    
20171114143203815210301    
20171114143203815210521    
20171114143203815216158    
20171114143203815220103    
20171114143203815220111    
20171114145646810910012    
20171114145646810910056    
20171114145646810916155    
20171114145646810920064    
20171114145646810920071    
20171114145646810920081    
20171114145646810920102    
20171114145921810710013    
201711141459218107100515   
20171114145921810710263    
20171114145921810710391    
20171114145921810716122    
201711141459218107161525   
20171114145921810720033    
201711141459218107200617   
20171114145921810720073    
20171114145921810720081    
20171114145921810720108    
20171114145921810720111    
20171114145921810750092    
20171114145921810750101    
20171114153324813010016    
201711141533248130100517   
20171114153324813010261    
20171114153324813010371    
20171114153324813010522    
20171114153324813016121    
201711141533248130161520   
20171114153324813020033    
201711141533248130200617   
20171114153324813020072    
20171114153324813020107    
20171114153324813020111    
20171114153324813020123    
20171114153324813040071    
201711141538298002200620   
20171114153829800220076    
201711141538298002201012   
20171114153829800220034    
20171114153829800220082    
20171114153829800230041    
20171114153829800220126    
201711141538298002161534   
20171114153829800216121    
20171114154010810310013    
20171114154010810310261    
20171114154010810320031    
201711141540108103200610   
20171114154010810320071    
20171114154010810350061    
201711141540108103100510   
20171114154010810316122    
201711141540108103161520   
20171114154010810320103    
20171114154210816110013    
20171114154210816120067    
20171114154210816120072    
20171114154210816110054    
20171114154210816110301    
20171114154210816110371    
20171114154210816116156    
20171114154210816110541    
20171114154210816120102    
20171114154210816120121    
20171114155446813410012    
20171114155446813410053    
20171114155446813416121    
20171114155446813416154    
20171114155446813420064    
20171114155446813420102    
20171114160900812210013    
20171114160900812210263    
20171114160900812220034    
201711141609008122200615   
20171114160900812220072    
20171114160900812230023    
20171114160900812230011    
201711141609008122100515   
20171114160900812210312    
20171114160900812210522    
201711141609008122161520   
20171114160900812210643    
20171114160900812220104    
20171114160900812220114    
20171114161032806310013    
20171114161032806310055    
20171114161032806310311    
20171114161032806310541    
20171114161032806310744    
20171114161032806316121    
201711141610328063161510   
20171114161032806320066    
20171114161032806320072    
20171114161032806320081    
20171114161032806320103    
20171114161032806320111    
20171114162030811620032    
201711141620308116200612   
20171114162030811650021    
20171114162030811640071    
20171114162030811610057    
20171114162030811610551    
20171114162030811620103    
20171114162925812250092    
20171114163345811910059    
20171114163345811910261    
20171114163345811910311    
20171114163345811910371    
20171114163345811910391    
20171114163345811910521    
20171114163345811910541    
201711141633458119161513   
20171114163345811920033    
201711141633458119200610   
20171114163345811920073    
20171114163345811920104    
20171114163345811920111    
20171114163345811920121    
20171114163345811950021    
20171114164145805510017    
201711141641458055100512   
20171114164145805510071    
20171114164145805510261    
20171114164145805510371    
20171114164145805510391    
20171114164145805510521    
20171114164145805510541    
20171114164145805516121    
201711141641458055161514   
20171114164145805520032    
201711141641458055200614   
20171114164145805520073    
20171114164145805520105    
20171114164145805520122    
20171114164145805550011    
20171114164145805550021    
20171114165245807810011    
20171114165245807820066    
20171114165245807820071    
20171114165245807810055    
20171114165245807810301    
20171114165245807810521    
20171114165245807816158    
20171114165245807810641    
20171114165245807820102    
20171114165245807820121    
20171114171000801810012    
20171114171000801816121    
201711141710008018161515   
20171114171000801820031    
20171114171000801820041    
201711141710008018200612   
20171114171000801820081    
20171114171000801820106    
20171114172055810810011    
201711141720558108100512   
20171114172055810810071    
20171114172055810810262    
20171114172055810810302    
20171114172055810810311    
20171114172055810810401    
20171114172055810810521    
20171114172055810810542    
20171114172055810810634    
20171114172055810810643    
20171114172055810810682    
20171114172055810816121    
201711141720558108161520   
20171114172055810820032    
201711141720558108200612   
20171114172055810820072    
20171114172055810820105    
20171114172055810820111    
20171114172055810830051    
20171114172055810850011    
20171114172055810850021    
20171114172055810850091    
