201708172307137002500115   
20170817230713700250041    
20170817230713700250051    
20170817230713700250071    
20170817230713700250136    
20170817230713700250183    
20170817230713700250253    
20170817230713700250222    
20170817230713700250342    
20170817230713700250411    
20170817230713700250771    
20170817230713700250811    
20170817230713700251051    
201708180006297053500115   
20170818000629705350042    
20170818000629705350052    
20170818000629705350071    
20170818000629705350133    
20170818000629705350182    
20170818000629705350192    
20170818000629705350221    
20170818000629705350291    
20170818000652703251181    
20170818000652703250221    
20170818000652703250111    
20170818000652703251061    
20170818000652703250172    
20170818000652703250193    
20170818000652703251282    
20170818000652703250043    
20170818000652703250051    
20170818000652703251052    
201708180006527032500135   
20170818000652703250072    
20170818004032103130015    
201708180100287068500110   
20170818010028706851054    
20170818010028706850042    
20170818010028706850071    
20170818010028706850221    
20170818010028706850133    
20170818010028706851062    
201708180139597009500115   
20170818013959700950041    
20170818013959700950051    
20170818013959700950061    
20170818013959700950071    
20170818013959700950091    
201708180139597009501321   
20170818013959700950141    
20170818013959700950183    
20170818013959700950221    
20170818013959700950231    
20170818013959700950252    
20170818013959700950291    
20170818013959700950391    
20170818013959700950411    
20170818013959700950601    
20170818013959700950863    
20170818013959700950911    
20170818013959700950951    
20170818013959700951054    
201708180159311030316010   
201708180159311030316210   
20170818015931103031375    
20170818015931103030251    
20170818015931103050772    
20170818015931103030742    
20170818015931103031152    
20170818015931103031033    
20170818015931103030401    
