201701312312160088110110   
20170131231216008815044    
20170131231216008817281    
20170131231216008821061    
201701312320430348110210   
201701312320430348110310   
20170131232043034811065    
201702010006040231110210   
20170201000604023111075    
201702010009300123110110   
20170201000930012313011    
20170201000930012311261    
201702010010300001110110   
20170201001030000119221    
20170201001030000119231    
20170201001030000117031    
20170201001030000117351    
20170201001030000117432    
20170201001030000113091    
201702010010300001121310   
201702010015340345110210   
20170201001534034511052    
20170201001534034517291    
20170201001534034517031    
201702010033490011110110   
20170201003349001117031    
20170201003349001112121    
201702010038010343110210   
20170201003801034311056    
20170201003801034315071    
20170201003801034316031    
20170201003801034317351    
20170201003801034317421    
20170201003801034317521    
20170201003801034318211    
20170201003801034319201    
20170201003801034322041    
20170201004404004111054    
201702010051280156110215   
20170201005128015621061    
20170201005128015621081    
201702010102210299110310   
20170201010221029913085    
20170201010221029915013    
20170201010221029919031    
20170201010221029919221    
201702010103020197110210   
20170201010302019711051    
20170201010302019711061    
20170201010302019712141    
201702010114170010110210   
20170201011417001011063    
20170201011417001015043    
20170201011417001017471    
201702010139460237110320   
201702010140510284110220   
20170201014051028411053    
20170201014051028411063    
20170201014051028417471    
201702010155120115110310   
201702010202420210110220   
20170201020242021013012    
20170201020242021017041    
20170201020242021018071    
20170201020242021015045    
20170201020242021019221    
20170201020242021019231    
20170201020242021017351    
20170201020242021015135    
20170201020242021012133    
20170201020242021012143    
201702010209140071110210   
20170201020914007111055    
20170201020914007113011    
201702010223330320110210   
201702010239560150110110   
20170201023956015011064    
201702010303470327110210   
20170201030347032711054    
20170201030347032715042    
20170201031136027911053    
20170201031136027918011    
201702010319460247110210   
20170201031946024711052    
20170201031946024713011    
20170201031946024711035    
201702010320000073110220   
20170201032000007313011    
201702010328390185110210   
20170201032839018511052    
20170201032839018517351    
20170201032839018511081    
201702010334570076110210   
20170201033457007611051    
201702010337430181110210   
201702010337430181110310   
20170201033743018115013    
20170201033743018112133    
