20170926162118202211012    
20170926162118202211022    
20170926162144202211061    
20170926162144202212031    
20170926181628302411012    
20170926181628302411021    
20170926181835200111014    
20170926181835200111061    
20170926181835200111131    
20170926181835200112031    
20170926181835200113111    
20170926181835200113121    
20170926182052302211021    
201709261820523022111110   
20170926182052302211012    
20170926182052302212031    
20170926184936302011012    
20170926184936302011021    
20170926184936302011131    
20170926185612200411011    
20170926193710201011021    
20170926193710201011051    
20170926193710201011012    
20170926202631200311021    
20170926202631200311012    
20170926202631200313121    
20170926203437200511021    
20170926203437200511011    
