20170920194844109010345    
20170920194844109010422    
20170920194844109010651    
20170920194844109010861    
20170920194844109015041    
20170920194844109015421    
20170920194844109030034    
20170920194844109030701    
20170920221205102610175    
20170920221205102610351    
20170920221205102610662    
20170920221205102610861    
20170920221205102620113    
20170920221205102630115    
20170920224339110510343    
20170920224339110510421    
20170920224339110510431    
20170920224339110520082    
20170920224339110520101    
20170920224339110525141    
20170920224339110530331    
20170920224339110530381    
20170920224352105710122    
20170920224352105710214    
20170920224352105710224    
20170920224352105710253    
20170920224352105710321    
20170920224352105710341    
20170920224352105710361    
20170920224352105710371    
20170920224352105710421    
20170920224352105710625    
20170920224352105710861    
20170920224352105710871    
20170920224352105710991    
20170920224352105715041    
20170920224352105715261    
20170920224352105720011    
20170920224352105720111    
20170920224352105720402    
20170920224352105725081    
20170920224352105725091    
20170920224352105725112    
20170920224352105730013    
20170920224352105730033    
20170920224352105730043    
20170920224352105730351    
20170920224352105730461    
20170920224352105730891    
20170920231454103510023    
20170920231454103510173    
20170920231454103510255    
20170920231454103510271    
20170920231454103510305    
20170920231454103510343    
20170920231454103510623    
20170920231454103510651    
20170920231454103510661    
20170920231454103510681    
20170920231454103520403    
20170920231454103530081    
20170920231454103530111    
20170920231454103530361    
20170920231454103530451    
20170920231454103530921    
20170920232603107810253    
20170920232603107810322    
20170920232603107810345    
20170920232603107810625    
20170920232603107810633    
20170920232603107815041    
20170920232603107815161    
20170920232603107815191    
20170920232603107815351    
20170920232603107815401    
20170920232603107825141    
20170920232603107830202    
20170920232603107830521    
20170920232603107830531    
20170920232745101110022    
20170920232745101110121    
20170920232745101110172    
20170920232745101110271    
20170920232745101110307    
20170920232745101110623    
20170920232745101110652    
20170920232745101110663    
20170920232745101110681    
20170920232745101120202    
20170920232745101120405    
20170920232745101125095    
20170920232745101130015    
20170920232745101130033    
20170920232745101130055    
20170920232745101130061    
20170920232745101130461    
20170920232745101130891    
20170920234338108910211    
20170920234338108910342    
20170920234338108910431    
20170920234338108915111    
20170920234338108920311    
20170920234338108915331    
20170920234338108910861    
20170920234338108930381    
20170920234820100110171    
20170920234820100110421    
20170920234820100110861    
20170920234820100110953    
20170920234820100130081    
20170920234820100130205    
20170920234820100130922    
20170920234947106410255    
20170920234947106410633    
20170920234947106410682    
20170920234947106410861    
20170920234947106410953    
20170920234947106410971    
20170920234947106415071    
20170920234947106415132    
20170920234947106415161    
20170920234947106415181    
20170920234947106415331    
20170920234947106415422    
20170920234947106430017    
20170920234947106430351    
20170920234947106430461    
20170920234947106430891    
20170920235811102610345    
20170920235811102620021    
20170921001015104810071    
20170921001015104810213    
20170921001015104810222    
20170921001015104810272    
20170921001015104810345    
20170921001015104810491    
201709210010151048106210   
20170921001015104810652    
20170921001015104810683    
20170921001015104810794    
20170921001015104810841    
20170921001015104810862    
20170921001015104810872    
20170921001015104810973    
20170921001015104815111    
20170921001015104815172    
20170921001015104815251    
20170921001015104815261    
20170921001015104815291    
20170921001015104815351    
20170921001015104815371    
20170921001015104815421    
20170921001015104820011    
20170921001015104820021    
20170921001015104820111    
20170921001015104820161    
20170921001015104820271    
20170921001015104820311    
20170921001015104820321    
20170921001015104820415    
20170921001015104825011    
201709210010151048300120   
20170921001015104830035    
20170921001015104830113    
20170921001015104830195    
20170921001015104830252    
20170921001015104830272    
20170921001015104830382    
20170921001015104830692    
20170921001559108810682    
20170921001559108810861    
20170921001559108825161    
20170921001559108830032    
20170921001559108830701    
20170921004204108510212    
20170921004204108510221    
20170921004204108510345    
20170921004204108510622    
20170921004204108510681    
20170921004204108515041    
20170921004204108515401    
20170921004204108520052    
20170921004204108520331    
20170921004204108530015    
20170921004204108530032    
20170921004204108530042    
20170921004204108530052    
20170921004204108530193    
20170921004204108530271    
20170921013606101610141    
20170921013606101610321    
20170921013606101610651    
20170921013606101615061    
20170921013606101615401    
20170921013606101620203    
201709210143581081102530   
20170921014358108110272    
20170921014358108110323    
20170921014358108110342    
20170921014358108110421    
20170921014358108115112    
20170921014358108115174    
20170921014358108120022    
20170921014358108120054    
20170921014358108120161    
20170921014358108120271    
20170921014358108110471    
20170921014358108115251    
20170921014358108110624    
20170921014358108115291    
20170921014358108110652    
20170921014358108110684    
20170921014358108115401    
20170921014358108110126    
20170921014358108110306    
20170921014358108110861    
20170921014358108110871    
20170921014358108130034    
20170921014358108130042    
20170921014358108130082    
20170921014358108130111    
20170921014358108130121    
20170921014358108130191    
20170921014358108130251    
20170921014358108130361    
20170921014358108130382    
20170921014358108130701    
20170921014358108130351    
20170921014947110410071    
20170921014947110410651    
20170921014947110410661    
20170921014947110410681    
20170921014947110420021    
20170921014947110430014    
20170921014947110430111    
201709210156181076102510   
20170921015618107610305    
20170921015618107610362    
20170921015618107620151    
20170921021219106310343    
20170921021219106310681    
20170921021219106320191    
20170921021219106320311    
20170921021219106330015    
20170921021219106330033    
20170921021219106330061    
20170921031151110310253    
20170921031151110310271    
20170921031151110310421    
20170921031151110310624    
20170921031151110310652    
20170921031151110310683    
20170921031151110310862    
20170921031151110310955    
20170921031151110310981    
20170921031151110310991    
20170921031151110315251    
20170921031151110315331    
20170921031151110315351    
20170921031151110320093    
20170921031151110320111    
20170921031151110325082    
20170921031151110325093    
20170921031151110325261    
20170921031151110330017    
20170921031151110330192    
20170921031151110330202    
20170921031151110330271    
20170921031151110330331    
20170921031151110330384    
20170921031151110330491    
20170921031151110330691    
20170921031151110330701    
20170921031151110330891    
20170921031151110330961    
