20170105075152101710015    
201701050751521017100215   
20170105075152101711012    
20170105075152101711025    
20170105075152101711045    
20170105075152101711083    
201701050751521017120110   
201701050751521017130110   
20170105075152101713022    
20170105075152101715061    
20170105075152101717012    
20170105075152101718013    
20170105093707101810013    
20170105093707101810027    
20170105093707101811012    
201701050937071018120110   
201701050937071018130110   
20170105093707101815061    
20170105093707101820051    
20170105093931102410014    
201701050939311024100215   
20170105093931102410041    
20170105093931102411028    
20170105093931102411033    
20170105093931102411042    
201701050939311024120210   
20170105093931102412031    
20170105093931102413016    
20170105093931102413021    
20170105093931102415012    
20170105093931102415022    
20170105093931102415031    
20170105093931102416012    
20170105093931102416021    
20170105093931102417011    
20170105093931102420022    
20170105104002102010017    
201701051040021020100223   
20170105104002102010041    
201701051040021020120110   
201701051040021020130115   
20170105104002102013021    
20170105104002102015032    
20170105104002102017012    
20170105104002102018013    
20170105115209102210013    
201701051152091022100212   
20170105115209102210041    
20170105115209102210091    
20170105115209102211026    
20170105115209102211044    
20170105115209102211051    
20170105115209102211071    
20170105115209102211092    
20170105115209102212011    
201701051152091022120212   
20170105115209102213018    
20170105115209102213021    
20170105115209102214011    
20170105115209102215022    
20170105115209102215041    
20170105115209102217011    
20170105115209102218013    
20170105115209102220021    
20170105115209102220051    
20170105115445100310012    
20170105115445100310023    
20170105115445100311025    
20170105115445100311061    
20170105115445100311081    
20170105115445100312026    
20170105115447101610015    
201701051154471016100215   
20170105115447101611025    
20170105115447101611045    
20170105115447101611082    
20170105115447101612031    
201701051154471016130110   
20170105115447101614011    
20170105115447101617011    
20170105115447101630025    
20170105123323101910013    
201701051233231019100220   
20170105123323101910042    
20170105123323101911011    
20170105123323101911027    
20170105123323101911043    
20170105123323101911061    
20170105123323101911082    
201701051233231019120210   
20170105123323101912031    
201701051233231019130110   
20170105130425101410011    
201701051304251014100210   
20170105130425101411011    
20170105130425101411024    
20170105130425101411042    
20170105130425101411081    
201701051304251014120210   
20170105130425101412032    
20170105130425101413016    
20170105130425101413021    
20170105130425101411092    
