201703292114531143100010   
20170329211453114313091    
20170329211453114314004    
20170329211453114314021    
20170329211453114314031    
20170329211453114314061    
20170329211453114315141    
20170329211453114354262    
20170329212004300113151    
20170329212004300113161    
20170329212004300114152    
20170329212004300116021    
20170329212004300116065    
20170329212004300130006    
20170329212004300133035    
201703292120043001330420   
201703292120043001501220   
20170329212004300152283    
20170329212004300153232    
20170329212004300153242    
201703292120043001541640   
201703292120043001542140   
201703292120043001542224   
20170329212004300154235    
201703292120043001542424   
20170329212004300154311    
201703292123067000120310   
201703292123067000121210   
201703292123067000130510   
201703292123067000133012   
20170329212306700015301    
20170329212306700016028    
20170329212306700030031    
20170329212306700030052    
20170329212306700050014    
20170329212306700051001    
20170329212306700051011    
20170329212306700051021    
20170329212306700051032    
20170329212306700051055    
201703292123067000521112   
20170329212306700052281    
20170329212306700054091    
20170329212306700054291    
20170329214507100130003    
20170329214507100180021    
20170329214507100180251    
20170329214507100180272    
20170329221336114513042    
20170329221336114513051    
20170329221336114513081    
20170329221336114513091    
20170329221336114514025    
20170329221336114514102    
20170329221336114554265    
20170330081607300150108    
201703300924261155100010   
201703300933221069100020   
20170330093322106913041    
201703300957311043100010   
20170330095731104313021    
201703301008041165100010   
20170330100804116512073    
20170330100804116512084    
20170330100804116512123    
20170330100804116513021    
20170330100804116514003    
201703301012501063100020   
20170330101250106314003    
20170330101250106316011    
20170330101250106316022    
20170330110309113613022    
201703301110191005100010   
20170330112732115613054    
20170330112732115613094    
201703301129421047100010   
201703301136051027100010   
201703301147274004100010   
20170330114727400412072    
20170330114727400412122    
20170330114727400413071    
20170330114727400414011    
20170330114727400414032    
20170330114727400415051    
20170330114727400416021    
201703301201321053100010   
20170330125226100212073    
20170330125226100214023    
20170330125226100215142    
201703301302371034100010   
201703301318101147100110   
20170330131858112012061    
20170330131858112013021    
20170330131858112013081    
20170330131858112014023    
20170330131858112014032    
20170330131858112015053    
201703301332171071100010   
20170330133217107113021    
20170330133217107113081    
20170330133217107116022    
201703301336543001152310   
201703301338551039100010   
201703301344321130100010   
20170330134432113012088    
20170330134432113012128    
20170330134432113013021    
20170330134432113013081    
20170330134432113014021    
20170330134432113014031    
20170330134432113014041    
201703301344321130150520   
20170330134640112512125    
20170330134640112513073    
20170330134640112513091    
20170330134640112514023    
20170330134640112515055    
20170330134812112513041    
20170330135759700213051    
20170330135759700251051    
20170330135813111313021    
20170330135813111313031    
20170330135813111314025    
