20171023030119760250101    
20171023030119760259951    
20171023030119760260091    
20171023030119760260351    
20171023030119760260391    
20171023030119760260451    
20171023030119760260461    
20171023065608141560002    
20171023065608141560091    
20171023065608141560411    
20171023072949630240021    
20171023072949630250101    
20171023072949630260001    
20171023072949630260011    
20171023072949630260331    
20171023072949630260393    
20171023084911510640021    
20171023084911510660321    
20171023084911510660391    
20171023095150551060001    
20171023095150551060321    
20171023095150551060461    
20171023095150551060601    
20171023095150551060081    
20171023095150551050101    
20171023095150551060391    
20171023102650021560091    
20171023102650021560191    
20171023102650021560391    
20171023102827021540001    
20171023102827021550251    
20171023102827021550291    
20171023102857510340001    
20171023102909132240001    
20171023102909132260001    
20171023102909132260011    
20171023102909132250291    
20171023102909132250101    
20171023102909132260051    
20171023102953150440001    
20171023102953150440011    
20171023103034510640001    
20171023103345510340021    
20171023103345510360042    
20171023103345510360396    
20171023103501141759951    
20171023103501141760091    
20171023103501141760392    
20171023103924150458031    
20171023103924150460091    
20171023104431012550101    
20171023104431012560321    
20171023104431012560392    
20171023104549760260111    
20171023104633770160332    
20171023104633770150101    
20171023111150811160001    
20171023111150811160091    
20171023111150811160321    
20171023111150811160381    
20171023111150811160451    
20171023111150811160461    
20171023111341141650132    
20171023111341141660001    
20171023111341141660346    
20171023111530830359991    
20171023111530830360321    
20171023111530830360391    
20171023111610830340001    
20171023111643780240001    
20171023111643780250102    
20171023111714770140001    
20171023111714770140011    
