20170101200208102011011    
20170101200208102011021    
20170102161638201211012    
20170102161638201211021    
20170102171827200111012    
20170102171827200111024    
20170102171827200111031    
20170102171827200111061    
20170102171827200112071    
20170102171827200113121    
20170102173401301111012    
20170102173401301111022    
20170102174723100211023    
20170102174723100211014    
20170102192025102611012    
20170102192025102611021    
20170102195555102011011    
20170102195555102011021    
20170102200301102411021    
20170102200301102411012    
20170102201045200411011    
20170102201045200411021    
20170102201604101911012    
20170102201604101911021    
20170102201604101911031    
20170102201604101912031    
20170102201604101911131    
20170102201644101211012    
20170102201644101211022    
201701022016441012111130   
20170102202843300111012    
20170102202843300111023    
20170102204659100311011    
20170102204659100311021    
20170102205458102511012    
20170102205458102511022    
20170102205458102512031    
20170102210539201011011    
