20170811035113300610125    
20170811035113300610211    
20170811035113300610221    
201708110351133006102510   
20170811035113300610276    
20170811035113300610325    
20170811035113300610421    
20170811035113300610651    
20170811035113300610681    
20170811035113300610841    
20170811035113300610861    
20170811035113300610955    
20170811035113300615041    
20170811035113300615071    
20170811035113300615251    
20170811035113300615261    
20170811035113300615331    
20170811035113300620011    
20170811035113300620021    
20170811035113300620112    
20170811035113300620161    
20170811035113300625121    
201708110351133006300140   
20170811035113300630035    
20170811035113300630045    
20170811035113300630061    
20170811035113300630082    
20170811035113300630271    
20170811035113300630331    
20170811035113300630351    
20170811035113300630381    
20170811035113300630452    
20170811035113300630571    
20170811035113300630671    
20170811035113300630702    
20170811035113300630892    
