20170124083759140806013    
201701240837591408005810   
201701250025300400005840   
20170125002530040000711    
20170125002530040000981    
20170125002530040001065    
20170125002530040001112    
201701250102160901006310   
20170125010216090100712    
20170125010216090101072    
20170125010216090101112    
201701250102160901031710   
201701250127050051000415   
20170125012705005101141    
20170125012705005102181    
20170125012705005106015    
201701250127050051007510   
201701250131561354001140   
20170125013156135401111    
20170125013156135402181    
20170125013705001800141    
20170125013705001800113    
201701250149180630000415   
20170125014918063001111    
20170125014918063000761    
20170125014918063001141    
20170125022751004000115    
20170125022751004001112    
20170125022751004006015    
201701250318230815000210   
201701250318230815060110   
201701250652180031008830   
20170125065218003101112    
20170125065339003500132    
20170125065339003500142    
20170125065339003500312    
20170125065339003503193    
201701250654060025001110   
20170125065406002501111    
20170125065406002503181    
201701250655091423031710   
201701250655311433003010   
20170125065531143300355    
201701250656130024000410   
20170125065613002400625    
20170125065613002406015    
20170125065642080900352    
20170125065642080901111    
20170125065642080903172    
20170125065720004101111    
201701250657200041031520   
20170125065720004106012    
201701250657490011003810   
20170125065838135000047    
20170125065838135000305    
201701250658381350010610   
20170125065838135001111    
201701250659561401007940   
20170125070017001600185    
201701250700170016007940   
20170125070033135306012    
201701250718180080000450   
20170125071818008000711    
20170125071818008001094    
20170125071818008001112    
201701250719482002005810   
20170125071948200200712    
20170125071948200201111    
20170125071948200202181    
