20170922200400528722185    
20170922200400528711612    
20170922200400528710741    
20170922200400528711621    
20170922200400528711991    
20170922200400528711141    
20170922200400528720741    
20170922200400528723014    
20170922200400528711631    
20170922200400528710327    
20170922200400528710431    
20170922200400528710311    
20170922200400528710821    
20170922200400528710353    
20170922200400528711426    
20170922200400528710496    
20170922200400528710511    
20170922200400528710333    
20170922200400528710343    
20170922202929395911181    
20170922202929395911301    
20170922202929395911334    
20170922202929395911413    
201709222029293959114210   
20170922202929395911612    
20170922202929395911641    
20170922202929395911651    
20170922202929395911833    
20170922202929395925092    
20170922202929395923004    
20170922202929395920701    
20170922202929395920741    
20170922202929395922361    
20170922202929395922971    
20170922202929395920231    
20170922202929395910022    
20170922202929395910061    
20170922202929395910091    
20170922202929395910161    
20170922202929395910272    
20170922202929395910281    
20170922202929395910291    
201709222029293959103210   
201709222029293959103310   
20170922202929395910392    
20170922202929395910423    
20170922202929395910471    
20170922202929395910492    
20170922202929395910741    
20170922202929395910821    
20170922202929395910901    
20170922202929395911122    
20170922202929395925073    
20170922202929395911141    
20170922202929395910551    
