201711120043100901006310   
20171112004310090100701    
20171112004310090100711    
20171112004310090101111    
201711120043100901031720   
20171112190526063001061    
201711121905260630000415   
20171112190526063001111    
20171112190526063001421    
201711122115320815000220   
201711122120431408005810   
20171112212043140800761    
20171112212043140800871    
20171112212043140800921    
201711122125511223001110   
20171112212551122306015    
20171112212551122301065    
20171112212551122300132    
20171112212551122300143    
20171112212551122300941    
20171112212551122300711    
201711122258200040001110   
20171112225820004000585    
20171112225820004001111    
20171112225820004006013    
201711130003230051000410   
201711130003230051060110   
20171113000323005101171    
201711130003230051007515   
201711130044280084001110   
20171113004428008400131    
20171113004428008401151    
20171113004428008401191    
20171113004428008402181    
20171113004542135400041    
201711130045421354001130   
20171113004542135401111    
20171113004542135406295    
201711130131580744000210   
20171113013158074400931    
20171113013158074401311    
20171113022715040000141    
201711130227150400005850   
20171113022715040000711    
20171113022715040000741    
20171113022715040000981    
201711130227150400010615   
20171113022715040001112    
20171113022715040001141    
20171113022715040001312    
20171113022715040002181    
20171113034233135000045    
201711130342331350010610   
201711130707380080000460   
20171113070800200200142    
201711130708002002005820   
20171113070800200201071    
20171113070800200201111    
20171113070826008800115    
20171113070826008800931    
20171113070838080900141    
20171113070901008702181    
201711130709010087031513   
201711130709320081005810   
20171113070932008101111    
20171113071000140100181    
201711130710001401007920   
201711130710001401008010   
20171113071022135300045    
20171113071022135306011    
20171113071051008501525    
20171113071051008501531    
20171113071051008501545    
201711130710510085015530   
201711130711110024000410   
20171113071111002401111    
20171113071111002406222    
20171113071111002406242    
