201701311529181308010120   
20170131152918130801131    
20170131152918130801142    
20170131152918130802071    
20170131152918130801161    
20170131152918130823121    
20170131152918130803081    
20170131152918130802117    
20170131152918130802231    
20170131152918130801331    
20170131152918130801357    
20170131152918130801391    
20170131152918130801442    
20170131152918130802523    
20170131152918130802651    
20170131152918130802672    
20170131152918130802771    
20170131152918130802825    
20170131164559132503072    
20170131164559132501401    
201701311933421325010110   
20170131193342132501141    
201701312222411314010110   
20170131222241131401352    
20170131222241131402112    
20170131222241131402161    
20170131222241131402202    
20170131222241131402521    
20170131222241131402731    
20170131222241131403071    
20170131222241131403172    
20170131222241131413111    
201702010024581324010150   
20170201002458132401071    
20170201002458132413031    
20170201002458132403072    
20170201002458132423131    
20170201002458132401192    
20170201002458132402116    
20170201002458132402167    
20170201002458132402341    
20170201002458132401485    
20170201002458132402532    
20170201002458132402771    
20170201003104129301015    
20170201003104129301161    
20170201003104129301353    
20170201003104129301442    
20170201003104129301483    
20170201003104129302115    
20170201003104129302581    
20170201003104129302843    
20170201003429131201015    
20170201003429131201071    
20170201003429131201081    
20170201003429131201211    
20170201003815132501015    
20170201003815132501473    
201702010105191266010130   
20170201010519126601142    
201702010105191266021110   
20170201010519126602205    
20170201010519126602771    
201702010158351010010130   
20170201015835101001141    
20170201015835101001161    
201702010158351010021110   
20170201015835101003011    
20170201015835101003082    
201702010208101207010130   
20170201020810120701051    
20170201020810120701071    
20170201020810120701132    
20170201020810120701161    
20170201020810120701192    
20170201020810120701201    
20170201020810120701211    
20170201020810120702072    
201702010208101207021130   
20170201020810120702522    
20170201020810120703071    
20170201020810120703081    
20170201020810120713081    
20170201020810120760981    
201702010238181316010110   
20170201023818131601051    
20170201023818131601141    
20170201023818131603071    
20170201023818131603081    
20170201023818131602115    
20170201023818131601443    
20170201023818131602771    
201702010245321287010130   
20170201024532128701041    
20170201024532128701132    
20170201024532128702072    
20170201024532128703013    
20170201024532128713081    
20170201024532128701192    
20170201024532128702162    
20170201024532128713113    
20170201024532128702281    
20170201024532128701485    
20170201024532128702822    
