20170118234626200310101    
20170118234626200310254    
20170118234626200310276    
20170118234626200310301    
20170118234626200310322    
20170118234626200310345    
20170118234626200310382    
20170118234626200310421    
20170118234626200310471    
20170118234626200310632    
20170118234626200310661    
20170118234626200310821    
20170118234626200315041    
20170118234626200315251    
20170118234626200315401    
20170118234626200315421    
20170118234626200320082    
20170118234626200320101    
20170118234626200320111    
201701182346262003202012   
20170118234626200320241    
20170118234626200320402    
20170118234626200325251    
20170118234626200325261    
20170118234626200325271    
201701182346262003300112   
20170118234626200330032    
20170118234626200330041    
20170118234626200330052    
20170118234626200330071    
20170118234626200330195    
20170118234626200330204    
20170118234626200330461    
20170118234626200330702    
20170118234626200330724    
201701182346262003403710   
20170118235843200325121    
20170118235929200325121    
20170119000019200325121    
20170119034354200210276    
20170119034354200210302    
20170119034354200210345    
20170119034354200210421    
201701190343542002106310   
20170119034354200215331    
201701190343542002300115   
20170119034354200230082    
