20170702210042111813051    
20170702210828600114046    
20170702210828600115124    
20170702210828600115164    
20170702210828600115172    
20170702210828600115221    
20170702210828600115316    
20170702210828600116061    
20170702210828600150123    
20170702210828600152253    
20170702210828600152282    
20170702210828600154222    
201707022108286001542518   
20170702210828600154291    
20170702210828600171608    
20170702211501300112111    
20170702211501300113162    
201707022115013001140420   
201707022115013001141211   
20170702211501300114131    
201707022115013001150310   
20170702211501300115185    
20170702211501300115234    
20170702211501300116064    
20170702211501300133038    
201707022115013001330415   
20170702211501300150106    
201707022115013001501220   
20170702211501300152083    
20170702211501300152131    
20170702211501300152284    
20170702211501300152303    
20170702211501300153033    
20170702211501300153091    
20170702211501300153193    
20170702211501300153233    
20170702211501300153243    
201707022115013001542220   
20170702211501300154235    
201707022115013001542418   
20170702211501300154291    
20170702211501300154351    
201707022115013001804310   
201707022116387000120010   
201707022116387000120310   
201707022116387000120412   
20170702211638700012181    
20170702211638700012191    
20170702211638700012201    
20170702211638700012211    
20170702211638700013011    
201707022116387000130520   
201707022116387000133012   
20170702211638700014062    
201707022116387000140810   
20170702211638700014102    
20170702211638700015173    
20170702211638700015302    
20170702211638700015311    
201707022116387000160210   
20170702211638700016051    
20170702211638700030031    
20170702211638700050012    
20170702211638700050031    
20170702211638700051001    
20170702211638700051011    
20170702211638700051021    
201707022116387000520010   
20170702211638700052282    
20170702211638700052301    
20170702213638500113072    
20170702213638500113081    
20170702213638500114041    
20170702213638500115132    
20170702213638500130051    
20170702213638500131002    
20170702213638500151053    
20170702214526101712072    
20170702214526101712085    
20170702214526101712123    
20170702214526101713071    
20170702214526101714032    
20170702221636116613072    
20170702221636116613081    
20170702221636116613091    
20170702221636116613301    
20170702221636116614022    
20170702221636116614032    
20170702221636116615055    
20170702221636116615085    
20170702221636116615095    
20170703065513100115032    
20170703065513100150103    
20170703065513100154291    
20170703065513100180232    
20170703065513100180241    
20170703065513100180252    
20170703065513100180431    
20170703065513100180446    
201707030828521165100010   
20170703082852116512073    
201707030828521165150510   
20170703083120300154331    
20170703090711113613021    
20170703093627700413055    
20170703093627700417031    
20170703093627700430032    
20170703093627700451021    
20170703095505113813081    
20170703095505113813317    
20170703095505113814021    
20170703095505113814031    
20170703095505113814091    
20170703095505113819041    
20170703095505113853033    
201707031001261155100010   
20170703100126115512125    
20170703100126115513041    
20170703100126115513052    
20170703100126115513091    
20170703100126115514001    
20170703100126115514025    
20170703100126115514032    
20170703100126115515055    
20170703100126115554265    
20170703100820400412072    
20170703100820400412095    
20170703100820400412122    
20170703100820400414011    
20170703100820400414033    
20170703100820400415051    
20170703100820400415062    
20170703100820400415071    
201707031042351063100020   
20170703105718117113052    
20170703105718117114027    
201707031059211039100020   
201707031059211039120920   
20170703105921103913051    
20170703105921103914025    
20170703105921103914042    
20170703110114115613054    
20170703110114115613093    
20170703110114115614025    
20170703110114115614191    
20170703110114115616032    
201707031118251027100010   
20170703112105103713001    
20170703112105103713011    
20170703112105103713023    
20170703112105103715071    
20170703112105103717011    
20170703112918926313051    
20170703112958976075511    
20170703113450103913021    
201707031150561064100010   
20170703120017100513041    
20170703120017100513081    
20170703120017100514002    
20170703120017100514011    
20170703120017100514022    
20170703120017100514031    
20170703130435112513051    
20170703131658700213011    
20170703131658700213053    
20170703131658700213306    
20170703131658700214082    
20170703131658700214102    
20170703131658700230031    
20170703131658700252002    
20170703131658700252061    
201707031316587002520710   
20170703132658700019121    
20170703133833113013051    
20170703133833113013081    
20170703133833113014022    
20170703133833113014031    
201707031338331130150510   
20170703133833113015131    
20170703134332117213083    
20170703134332117213091    
20170703134505107112043    
20170703134505107112075    
20170703134505107113051    
20170703135053111313031    
20170703135053111313081    
20170703135740103114005    
201707031357401031542620   
