20171115131512100510021    
20171115131512100510031    
20171115131512100510131    
20171115131512100510181    
20171115131512100510262    
20171115131512100520001    
20171115131512100520063    
20171115131512100540002    
20171115131512100540013    
20171115131512100540021    
20171115131512100540052    
20171115131512100541034    
20171115131512100541041    
20171115131512100550041    
20171115154248300610051    
20171115154248300610061    
20171115154248300610091    
20171115154248300620065    
20171115154248300630084    
20171115154248300640052    
20171115154248300610038    
20171115154248300610192    
20171115154248300610222    
20171115173440203410011    
20171115173440203410022    
20171115173440203410031    
20171115173440203410185    
20171115173440203410203    
20171115173440203431031    
20171115173440203440031    
20171115173440203440052    
20171115173440203441034    
20171115173440203441041    
20171115173440203441051    
20171115173440203477791    
20171115173440203477801    
20171115173440203478121    
20171115182056202910024    
20171115182056202910032    
20171115182056202910131    
20171115182056202910184    
20171115182056202910204    
20171115182056202910224    
20171115182056202910262    
20171115182056202920062    
20171115182056202920072    
20171115182056202930061    
20171115182056202931031    
20171115182056202940051    
20171115182056202940151    
20171115182056202941035    
20171115182056202960081    
20171115182056202961033    
20171115182056202961043    
20171115182428101520065    
20171115182428101541033    
20171115182428101510221    
201711151931042049100330   
20171115193104204910042    
20171115193104204910133    
20171115193104204910182    
20171115193104204910202    
20171115193104204910222    
20171115193104204910261    
20171115193104204940031    
20171115193104204940052    
20171115193104204940151    
20171115193104204941032    
20171115193104204941041    
20171115193122204610021    
201711151931222046100320   
20171115193122204610041    
20171115193122204610132    
20171115193122204610163    
20171115193122204610262    
20171115193122204620062    
20171115193122204620072    
20171115193122204640012    
20171115193122204640191    
20171115193122204641032    
20171115193122204641041    
20171115193122204641071    
20171115193452203810021    
20171115193452203810041    
20171115193452203810105    
20171115193452203810183    
20171115193452203810202    
20171115193452203810222    
20171115193452203820061    
20171115193452203820081    
20171115193452203830121    
20171115193452203840013    
20171115193452203840093    
20171115193452203841031    
20171115193452203841041    
20171115193452203877791    
201711152206411027100320   
20171115220641102710044    
20171115220641102710081    
20171115220641102710102    
20171115220641102710134    
20171115220641102710143    
20171115220641102710182    
20171115220641102710264    
20171115220641102720062    
20171115220641102741033    
20171115220641102777792    
20171115220959101310021    
20171115220959101310032    
20171115220959101310041    
20171115220959101310138    
20171115220959101310142    
20171115220959101310185    
20171115220959101310202    
20171115220959101310223    
20171115220959101310262    
20171115220959101320001    
20171115220959101340055    
20171115220959101340151    
20171115220959101341034    
20171115220959101341041    
20171115230500201410011    
20171115230500201410021    
201711152305002014100320   
20171115230500201410041    
20171115230500201410061    
20171115230500201410132    
20171115230500201410201    
20171115230500201410222    
201711152305002014310320   
20171115230500201440012    
20171115230500201440191    
20171115230500201441033    
20171115230500201450012    
