201708162337180695001110   
20170816233718069500132    
20170816233718069500143    
20170816233718069500421    
20170816233718069500584    
20170816233718069501111    
20170816233718069502181    
201708162337180695060110   
201708170039581223001115   
20170817003958122300045    
20170817003958122300073    
20170817003958122306014    
20170817003958122301064    
20170817003958122300132    
20170817003958122300143    
20170817003958122300352    
20170817003958122302181    
20170817003958122301192    
201708170121380051000410   
20170817012138005100921    
20170817012138005106015    
201708170121380051007510   
20170817014713063001062    
201708170147130630000410   
20170817021020135803175    
201708170216230744000210   
20170817021623074400931    
201708170301050400005840   
20170817030105040000711    
201708170301050400010615   
20170817030105040001112    
20170817030105040001151    
20170817030105040002181    
201708170329340815000230   
20170817032934081506015    
201708170710110080000460   
20170817071011008001112    
20170817071059200100115    
20170817071059200100585    
20170817071059200100931    
20170817071059200101111    
20170817071059200102181    
201708170711360024000410   
20170817071136002400761    
20170817071136002401111    
20170817071136002406221    
20170817071136002406241    
20170817071214200200142    
201708170712142002005810   
20170817071214200201063    
20170817071336140100774    
20170817071336140100805    
201708170713361401012420   
20170817071412001600822    
201708170714120016012460   
201708170714450081005810   
20170817071445008101065    
20170817071445008101111    
