201712122027200231110220   
20171212202720023113012    
20171212202720023113085    
20171212202720023115013    
201712122318330088110110   
20171212231833008813011    
20171212231833008819231    
20171212231833008819221    
20171212231833008815042    
20171212231833008815121    
201712122357010156110210   
20171212235701015613011    
20171212235701015611055    
20171212235701015611066    
20171212235701015617421    
20171212235701015617351    
201712130023160069110310   
20171213002316006911053    
20171213002316006911063    
20171213002316006913011    
20171213002316006921061    
20171213002316006922031    
20171213002316006913091    
201712130042520237110310   
20171213004252023711053    
201712130052450343110220   
20171213005245034311035    
20171213005245034311054    
20171213005245034313082    
20171213005245034315061    
20171213005245034317051    
20171213005245034317521    
20171213005245034319201    
201712130059070011110110   
201712130059070011121310   
20171213005907001117681    
201712130108460345110220   
20171213010846034511052    
201712130108460345110310   
20171213010846034517521    
20171213010846034518161    
20171213010846034518211    
201712130117470150110110   
20171213011747015011064    
20171213011747015011052    
201712130126440071110210   
20171213012644007111055    
201712130126440071110310   
201712130131080055110110   
20171213013108005517351    
20171213013108005517421    
20171213013108005517471    
20171213014106004111053    
201712130157150125110110   
20171213015715012511025    
20171213015715012511062    
20171213015715012519201    
20171213015715012519221    
20171213015715012511052    
20171213015715012515043    
20171213015715012515132    
20171213015857006911025    
201712130200420087110310   
20171213020042008711052    
201712130201110320110210   
20171213020111032013011    
20171213020111032017451    
201712130204050210110220   
20171213020405021011053    
20171213020405021011065    
20171213020405021011075    
20171213020405021013012    
20171213020405021017351    
20171213020405021015135    
20171213020405021015143    
201712130214420329110210   
20171213021442032911061    
20171213021442032916031    
20171213021442032913082    
20171213021442032915021    
201712130231180303110210   
20171213023118030311165    
20171213023118030318071    
201712130237520242110215   
20171213023752024211055    
20171213023752024213011    
20171213023752024214011    
20171213023752024217031    
201712130257340279110310   
20171213025734027911053    
20171213025734027911061    
20171213025734027912132    
20171213025734027913011    
20171213025734027918011    
20171213030803019011065    
201712130319190181110310   
20171213031919018111053    
20171213031919018117451    
20171213031919018117471    
20171213031919018117662    
20171213031919018113012    
201712130325200185110210   
20171213032520018511051    
20171213032520018511063    
20171213032520018517681    
