20170614181353106810253    
20170614181353106810271    
20170614181353106810325    
20170614181353106810343    
20170614181353106810632    
20170614181353106810651    
20170614181353106815211    
20170614181353106820203    
20170614181353106830013    
20170614181353106830053    
20170614181353106830381    
201706142232301026103010   
201706142232301026103210   
20170614223230102610471    
20170614223230102610662    
20170614223230102610861    
20170614223230102615061    
20170614223230102615291    
20170614223230102620011    
20170614223230102620021    
20170614223230102625211    
20170614223230102630035    
20170614223230102630081    
20170614223230102630921    
20170614225513105710071    
20170614225513105710122    
20170614225513105710172    
20170614225513105710255    
20170614225513105710271    
20170614225513105710304    
20170614225513105710381    
20170614225513105710421    
20170614225513105710471    
20170614225513105710622    
20170614225513105710661    
20170614225513105710681    
20170614225513105710821    
20170614225513105710861    
20170614225513105715061    
20170614225513105715131    
20170614225513105715161    
20170614225513105715261    
20170614225513105715421    
201706142255131057202012   
20170614225513105720402    
20170614225513105725091    
20170614225513105725141    
201706142255131057300110   
20170614225513105730032    
20170614225513105730042    
20170614225513105730191    
20170614225513105730201    
20170614225513105730251    
20170614225513105730391    
20170614225513105730691    
20170614225513105730702    
20170614225513105730891    
20170614225513105730961    
20170614230159103510101    
201706142301591035102510   
20170614230159103510271    
20170614230159103510303    
20170614230159103510342    
20170614230159103510421    
20170614230159103510623    
20170614230159103510661    
20170614230159103510794    
20170614230159103515161    
20170614230159103515291    
20170614230159103515351    
20170614230159103520051    
20170614230159103520161    
201706142301591035202012   
20170614230159103520403    
20170614230159103530071    
20170614230159103530251    
20170614230159103530381    
20170614230159103530521    
20170614230159103530531    
20170614231350104410173    
20170614231350104410305    
201706142313501044103415   
20170614231350104410421    
20170614231350104410432    
20170614231350104410635    
20170614231350104410652    
20170614231350104410682    
20170614231350104415111    
20170614231350104415181    
20170614231350104415372    
20170614231350104420311    
20170614231350104425011    
20170614231350104425041    
201706142313501044300510   
20170614231350104430893    
20170614231350104430965    
20170614232721107810322    
20170614232721107810633    
20170614232721107830013    
20170614232721107830381    
20170614234440110510024    
20170614234440110510141    
20170614234440110510271    
20170614234440110510632    
20170614234440110510651    
20170614234440110510681    
20170614234440110510791    
20170614234440110515071    
20170614234440110515371    
20170614234440110515401    
20170614234440110530011    
20170614234440110530033    
20170614234440110530081    
20170614234440110530193    
20170614234440110530382    
20170614234440110530451    
20170614234440110530691    
20170614234440110530891    
20170614234440110530921    
20170614234813101610141    
20170614234813101610302    
20170614234813101610321    
20170614234813101610632    
20170614234813101610861    
20170614234813101630014    
20170614234813101630031    
20170614234813101630041    
20170614234813101630171    
20170614234853106910141    
201706142348531069101710   
201706142348531069102520   
20170614234853106910271    
20170614234853106910345    
20170614234853106910625    
201706142348531069106315   
20170614234853106910682    
20170614234853106910863    
20170614234853106910861    
20170614234853106910921    
20170614234853106910981    
20170614234853106915042    
20170614234853106915071    
20170614234853106915401    
20170614234853106920083    
20170614234853106925041    
201706142348531069300115   
20170614234853106930035    
201706142348531069300510   
20170614234853106930121    
20170614234853106930272    
20170614234853106930382    
20170614234853106930691    
20170614234853106930701    
20170614234853106930731    
20170614235850104410372    
20170615000848101110491    
20170615000848101110651    
20170615000848101110681    
20170615000848101130461    
20170615000848101130891    
20170615000928100510271    
20170615000928100510382    
20170615000928100510421    
20170615000928100510957    
201706150009281005202012   
20170615001903109910123    
20170615001903109910254    
20170615001903109910303    
20170615001903109910343    
20170615001903109910581    
20170615001903109910622    
20170615001903109910633    
20170615001903109910681    
20170615001903109910793    
20170615001903109910861    
20170615001903109915071    
20170615001903109915351    
20170615001903109920011    
20170615001903109920021    
20170615001903109920051    
20170615001903109920331    
20170615001903109930034    
20170615001903109930052    
20170615001903109930382    
20170615001903109930451    
20170615001903109930691    
20170615001903109930892    
20170615001903109930901    
20170615001903109930921    
20170615001903109930961    
20170615004015109010272    
20170615004015109010325    
201706150040151090103410   
20170615004015109010361    
20170615004015109010371    
201706150040151090106210   
20170615004015109010681    
20170615004015109015371    
20170615004015109020161    
201706150040151090300110   
20170615004015109030033    
20170615004015109030045    
20170615004015109030081    
20170615004015109030252    
20170615004015109030271    
20170615004015109030892    
20170615004251108510211    
20170615004251108510221    
20170615004251108510271    
20170615004251108510372    
20170615004251108510821    
20170615004251108510861    
20170615004251108515161    
20170615004251108520101    
20170615004251108520192    
20170615004251108520401    
20170615004251108525181    
20170615004251108530112    
20170615004251108530921    
20170615004452109010381    
20170615004455108510991    
20170615004455108530015    
20170615005145108810303    
20170615005145108810632    
20170615005145108810681    
20170615005145108825011    
20170615005145108830033    
20170615005145108830891    
20170615005536108010325    
201706150055361080103410   
20170615005536108010861    
20170615005536108020401    
201706150055361080300110   
20170615005536108030061    
20170615005536108030382    
20170615005536108030691    
20170615005756100110171    
20170615005756100110253    
20170615005756100110323    
20170615005756100110633    
20170615005756100110871    
20170615005756100115071    
20170615005756100130053    
20170615010339104810211    
20170615010339104810221    
20170615010339104810272    
20170615010339104810307    
20170615010339104810471    
20170615010339104810681    
20170615010339104810862    
20170615010339104810872    
20170615010339104815331    
20170615010339104815421    
20170615010339104825141    
20170615010339104830203    
20170615010339104830691    
20170615010339104830701    
20170615010653107610173    
201706150106531076103010   
20170615010653107610345    
20170615010653107610652    
201706150106531076300110   
20170615010653107630032    
20170615010653107630042    
20170615010653107630121    
20170615013833100810211    
20170615013833100810221    
20170615013833100810345    
20170615013833100810431    
201706150138331008106212   
20170615013833100810955    
20170615013833100815402    
201706150138331008300110   
20170615023642109610101    
20170615023642109610383    
20170615023642109610581    
20170615023642109610681    
20170615023642109610792    
20170615023642109630381    
20170615023642109630532    
20170615034312108110141    
20170615034312108110257    
20170615034312108110382    
20170615034312108110421    
20170615034312108120011    
20170615034312108120022    
20170615034312108120052    
20170615034312108120101    
201706150343121081202024   
20170615034312108125051    
20170615034312108110471    
20170615034312108110623    
20170615034312108120402    
20170615034312108110651    
20170615034312108110682    
20170615034312108110123    
20170615034312108110172    
20170615034312108110302    
20170615034312108110862    
201706150343121081300110   
20170615034312108130032    
20170615034312108130052    
20170615034312108130061    
20170615034312108130112    
20170615034312108125251    
20170615034312108125261    
20170615034312108130692    
20170615034312108130701    
20170615034312108120192    
20170615034312108130351    
20170615034312108120441    
201706150351551103102510   
20170615035155110310271    
20170615035155110310343    
20170615035155110310681    
20170615035155110310841    
20170615035155110310861    
20170615035155110310971    
20170615035155110315041    
20170615035155110315161    
20170615035155110320052    
201706150351551103200910   
201706150351551103202012   
20170615035155110325251    
20170615035155110325261    
20170615035155110330016    
20170615035155110330121    
20170615035155110330381    
20170615035155110330691    
