201701162200330186100120   
20170116220033018610293    
20170116220033018613393    
201701162202160170100140   
20170116220216017010133    
20170116220216017010121    
201701162326441944100160   
20170116232644194410171    
20170116232644194410291    
201701162326441944186950   
201701162345481394100120   
20170116234548139410101    
20170116234548139410401    
20170116234548139410132    
201701162356091734100140   
20170116235609173410101    
20170116235609173410461    
20170116235609173410631    
20170116235609173419695    
201701162356170245100160   
20170116235617024510133    
20170116235617024510181    
20170116235617024510221    
20170116235617024519992    
201701162359490245105220   
201701170046300216100120   
20170117004630021610061    
201701170114090244100120   
20170117011409024410131    
20170117011409024413395    
201701170147050156100120   
20170117014705015610061    
20170117014705015610111    
20170117014705015610131    
201701170150370190100180   
20170117015037019010061    
20170117015037019010134    
20170117015037019010141    
20170117015037019070002    
20170117015037019040022    
20170117015143171410132    
20170117015143171415991    
20170117015143171410303    
20170117015143171410313    
201701170151431714100140   
20170117015143171410181    
201701170152201324100160   
20170117015220132410111    
20170117015220132410134    
201701170152201324133910   
201701170156081724100140   
20170117015608172410132    
20170117015608172410141    
20170117015608172410301    
20170117015608172410311    
20170117015608172411111    
20170117015608172413491    
201701170216120136100120   
20170117021612013610141    
201701170224211364100120   
20170117022421136410061    
20170117022421136410111    
20170117022421136410292    
20170117022421136411101    
20170117022421136413392    
20170117022421136415991    
201701170241200914100180   
20170117024120091410062    
20170117024120091410245    
201701170250490594100180   
20170117025049059415991    
201701170309061104100140   
20170117030906110410052    
20170117030906110410061    
20170117030906110410133    
20170117030906110410141    
20170117030906110410181    
20170117030906110410222    
201701170323290584100120   
20170117032329058410071    
20170117032329058410131    
20170117032329058410221    
20170117032329058410631    
201701170358381854100120   
20170117035838185410101    
20170117035838185410131    
20170117035838185410503    
20170117035838185410571    
20170117035838185410581    
20170117035838185413395    
20170117035838185418295    
201701170458250201100160   
20170117045825020110132    
