20170424102412700430032    
20170424102412700451001    
201704241043301165100010   
20170424104330116512072    
20170424104330116512083    
20170424104330116512123    
20170424104330116513041    
20170424104330116515001    
201704241043301165150510   
20170424111002110012075    
20170424111002110014022    
20170424111002110014031    
201704241117101027100010   
20170424111906106313091    
20170424111952116613041    
20170424111952116613051    
20170424111952116614001    
20170424111952116614023    
20170424111952116614033    
20170424111952116614041    
201704241119521166140710   
20170424111952116615081    
201704241121491005100010   
20170424112149100513021    
20170424112149100513091    
201704241215241039100020   
20170424121524103913052    
20170424123305100212073    
20170424123305100213021    
20170424123305100214022    
201704241300091103100010   
20170424132247115912074    
20170424132247115915053    
201704241328271130100020   
20170424132827113012084    
20170424132827113012128    
20170424132827113013081    
20170424132827113014021    
20170424132827113014031    
20170424132827113014041    
20170424132827113014061    
20170424132827113054264    
20170424133000967013025    
20170424133000967030033    
20170424133910114713052    
201704241340371071100010   
20170424134037107112003    
20170424134037107112012    
20170424134037107112035    
20170424134037107112042    
20170424134037107112075    
20170424134037107113081    
20170424134037107114022    
20170424134037107114042    
20170424134049111313041    
20170424134221112514011    
20170424134221112514021    
20170424134221112514091    
20170424134221112516011    
201704241347081110100020   
20170424134708111013041    
20170424134708111013315    
201704241347081110150520   
20170424134708111016024    
20170424134821700213051    
20170424134821700217062    
20170424134821700250111    
20170424134821700253011    
20170424134821700254091    
201704241350411053100010   
20170424135553106410005    
