20170320110605104720011    
20170320110605104720081    
20170320110605104710038    
20170320110605104720241    
20170320110605104720251    
201703201152181052100210   
20170320115218105220031    
20170320115218105210012    
20170320120456102820021    
20170320120456102820031    
20170320120456102810101    
20170320120456102820081    
20170320120950105120231    
20170320120950105120031    
201703201209501051100310   
20170320120950105120242    
20170320120950105120252    
20170320123520101510012    
201703201235201015100210   
20170320123520101520011    
20170320123520101520031    
20170320123520101520101    
201703201235201015100314   
20170320123520101520252    
20170320124648103710162    
20170320124648103720031    
