20170313141925102410011    
20170313141925102410041    
20170313141925102411024    
20170313141925102411032    
20170313141925102411042    
20170313141925102411051    
20170313141925102411081    
20170313141925102412012    
20170313141925102412025    
20170313141925102413013    
20170313141925102413021    
20170313141925102415021    
20170313141925102415041    
20170313141925102418011    
20170313141925102420051    
20170313141925102420111    
20170313141925102430021    
20170313141925102411094    
