20170215004000400110861    
20170215004000400130271    
20170215004000400130641    
20170215015055400210342    
20170215015055400210351    
20170215015055400210381    
20170215015055400210681    
20170215015055400210861    
20170215015055400215331    
20170215015055400217031    
20170215015055400220011    
20170215015055400220021    
20170215015055400220052    
20170215015055400220261    
20170215015055400220461    
20170215015055400230053    
20170215015055400230112    
20170215015055400230381    
20170215015055400230611    
20170215015055400230641    
20170215015055400230891    
