20171030063942141540011    
20171030063942141540021    
20171030063942141540031    
20171030063942141560002    
20171030063942141560351    
20171030085342510650101    
20171030085342510660331    
20171030085342510660411    
20171030085342510660601    
20171030093341551040021    
20171030093341551059991    
20171030093341551060011    
20171030093341551060361    
20171030093341551060461    
20171030093341551050291    
20171030093341551060391    
20171030093341551060411    
20171030101209240140001    
20171030101209240140011    
20171030101209240160331    
20171030101209240160191    
20171030101209240160001    
20171030101209240140031    
20171030102719600340003    
20171030102719600340011    
20171030102719600360001    
20171030103323630240011    
20171030103323630260011    
20171030103323630260311    
20171030103323630260461    
20171030103437141459991    
20171030103437141460011    
20171030103437141460381    
20171030103437141460451    
20171030103528051940001    
20171030103528051940011    
20171030103648021550101    
20171030103648021560331    
20171030103648021560381    
20171030103757061240001    
20171030103757061240011    
20171030103931500640001    
20171030103931500659991    
20171030104046012540001    
20171030104046012560321    
20171030104046012560391    
20171030104154830359991    
20171030104154830360011    
20171030104154830360331    
20171030104306810960001    
20171030104306810960331    
