20170806210132900100081    
20170806210132900100171    
201708072001371101100915   
201708072001371101101010   
20170807200137110110113    
20170807200137110130021    
20170807200137110140022    
20170807200137110140041    
20170807200137110150015    
20170807200137110151001    
20170807200137110160083    
20170807200137110180021    
20170807200137110180101    
20170807200137110180142    
20170807220014310210095    
20170807220014310210105    
20170807220014310220062    
20170807220014310230021    
20170807220014310240021    
20170807220014310250061    
201708072200143102520210   
201708072200143102600110   
20170807220014310260031    
20170807220014310260121    
20170807220014310260131    
20170807220014310280031    
20170807220014310280103    
20170807220014310280141    
20170808012852120510096    
20170808012852120510106    
20170808012852120520032    
20170808012852120550012    
20170808012852120550061    
20170808012852120560141    
