20170727080831007900104    
20170727080831007900032    
20170727080831007900042    
20170727080831007900061    
20170727080831007900071    
20170727080831007905023    
20170727080831007905032    
20170727110813028700032    
20170727110813028700041    
20170727110813028700103    
20170727110813028700221    
20170727110813028700571    
20170727110813028700721    
20170727110813028700752    
20170727110813028702041    
201707271108130287050710   
20170727110813028705122    
20170727110813028705132    
20170727110813028740212    
20170727110813028740391    
201707271108130287405510   
20170727110813028780012    
20170727110813028780021    
20170727124440028600041    
20170727124440028600072    
20170727124440028600101    
20170727124440028600751    
20170727124440028602041    
20170727124440028605162    
20170727124440028680011    
20170727132340007200107    
20170727132340007200034    
20170727132340007200043    
20170727132853020100031    
20170727132853020100041    
20170727132853020100401    
20170727132853020100441    
20170727132853020140212    
20170727132853020105121    
20170727132853020100102    
20170727133114023700103    
20170727133114023700032    
20170727133114023700041    
20170727133114023700571    
20170727133114023700071    
20170727133114023700281    
20170727133114023700731    
20170727133114023740212    
20170727133114023740221    
201707271331140237405520   
20170727133114023780024    
20170727133114023780041    
20170727133114023705021    
20170727133114023705041    
20170727133114023705075    
20170727133114023705123    
20170727133114023705131    
20170727133114023705161    
20170727134023023200033    
20170727134023023200041    
20170727134023023200211    
20170727134023023200572    
20170727134023023200105    
20170727134023023205034    
20170727134023023205042    
20170727134023023205124    
20170727134023023205152    
20170727134023023205161    
20170727134023023205171    
20170727134023023205203    
20170727134023023240213    
201707271340230232800112   
20170727134023023280031    
20170727134023023200063    
20170727134023023200074    
20170727135606021300201    
20170727135606021300631    
20170727135606021300751    
20170727135606021305032    
20170727135606021305042    
20170727135606021305152    
20170727135606021340113    
20170727135606021305202    
20170727135606021300062    
20170727135606021340391    
20170727140955028500032    
20170727140955028500042    
20170727140955028500105    
20170727140955028500201    
20170727140955028500211    
20170727140955028500221    
20170727140955028500571    
20170727140955028502041    
20170727140955028505045    
20170727140955028505135    
20170727140955028505151    
20170727140955028540021    
20170727140955028540221    
20170727140955028540392    
20170727140955028540525    
201707271409550285405310   
201707271409550285405520   
20170727141028022300201    
20170727141028022302041    
20170727141028022340221    
20170727141028022305176    
20170727141028022340112    
20170727141028022300061    
20170727141028022340021    
20170727141028022340211    
201707271410280223405510   
20170727141028022305151    
20170727141028022300211    
20170727141142015600062    
20170727141142015600071    
20170727141142015600201    
20170727141142015600211    
20170727141142015600301    
20170727141142015600281    
20170727141142015640211    
20170727141142015605033    
20170727141142015605042    
20170727141142015605124    
20170727141142015605141    
20170727141142015605151    
20170727141142015605204    
20170727141227015600751    
20170727141310006700401    
20170727141310006705152    
20170727141310006780014    
20170727141310006780024    
20170727141310006705171    
20170727141607023205161    
20170727141607023205171    
20170727142052012500101    
20170727142052012500031    
20170727142052012500571    
20170727142052012500061    
20170727142052012540201    
20170727142052012540213    
20170727142052012580032    
20170727142052012505031    
20170727142052012505043    
201707271420520125050710   
20170727142052012505121    
20170727142052012505172    
20170727142052012540391    
20170727142057004800102    
20170727142057004800031    
20170727142057004800041    
20170727142057004800401    
20170727142057004800631    
20170727142057004840525    
20170727142057004805043    
20170727142057004840211    
20170727142057004805152    
20170727142057004805022    
20170727142057004805032    
20170727142057004800061    
20170727142057004800071    
20170727142349022305142    
20170727142523000300104    
20170727142523000300032    
20170727142523000300042    
20170727142523000300071    
20170727142523000305075    
20170727142523000305124    
20170727142523000305131    
20170727142533016900102    
20170727142533016900031    
20170727142533016900041    
20170727142533016940535    
201707271425330169405510   
20170727142533016905011    
201707271425330169050710   
20170727142731015900101    
20170727142731015900031    
20170727142731015900041    
20170727142731015905122    
20170727142835007600033    
20170727142835007600042    
20170727142835007600105    
20170727142835007605041    
20170727142835007640212    
20170727142835007640525    
20170727142835007600061    
20170727142835007600071    
20170727142835007600201    
20170727143350025500101    
20170727143350025500031    
20170727143350025500211    
20170727143350025540211    
201707271433500255405520   
20170727143350025580012    
20170727143350025505132    
20170727143350025500071    
20170727143350025500061    
20170727143455026100031    
20170727143455026100041    
20170727143455026100103    
20170727143455026100063    
20170727143455026100072    
20170727143455026105021    
20170727143455026100211    
20170727143455026105163    
20170727143455026180013    
20170727143455026105042    
20170727143455026105075    
20170727143455026105131    
20170727143455026105011    
20170727143528028200105    
20170727143528028200033    
20170727143528028200042    
20170727143907027700104    
20170727143907027700032    
20170727143907027700042    
20170727143907027700571    
20170727143907027700061    
20170727143907027700072    
20170727143907027700211    
20170727143907027700221    
20170727143907027700301    
20170727143907027740535    
20170727143907027740212    
201707271439070277405520   
20170727143907027705021    
20170727143907027705121    
20170727143907027705163    
20170727143907027740171    
20170727144326027600031    
20170727144326027600041    
20170727144326027600211    
20170727144326027600102    
20170727144326027605021    
20170727144326027640212    
20170727144326027600061    
20170727144326027640391    
20170727144347005700032    
20170727144347005700042    
20170727144347005700104    
20170727144347005705121    
20170727144347005780011    
20170727144347005700072    
20170727144421008700032    
20170727144421008700201    
20170727144421008700211    
20170727144421008700571    
20170727144421008700102    
20170727144421008705021    
20170727144421008705032    
20170727144421008705041    
20170727144421008705075    
20170727144421008705131    
20170727144421008705162    
20170727144421008740211    
20170727144421008740522    
20170727144421008740535    
201707271444210087405510   
20170727144421008700061    
20170727144421008702041    
20170727144437022900102    
20170727144437022900031    
20170727144437022900041    
20170727144437022900071    
20170727144437022900221    
20170727144437022900721    
20170727144437022940211    
20170727144437022905022    
20170727144437022905032    
20170727144437022905042    
201707271444370229050710   
20170727144437022905132    
20170727144437022905142    
20170727144518006300034    
20170727144518006300041    
20170727144518006300105    
20170727144518006300064    
20170727144518006380103    
20170727144518006300201    
20170727144518006300211    
20170727144518006300231    
20170727144518006300751    
20170727144518006300581    
20170727144518006340201    
20170727144518006340221    
20170727144518006380014    
20170727144518006380024    
20170727144518006380051    
20170727144518006305022    
20170727144518006305042    
20170727144518006305125    
20170727144518006305166    
20170727144518006340391    
20170727144942015785008    
20170727144942015700031    
20170727144942015700041    
20170727144942015700061    
20170727144942015702031    
20170727144942015700201    
20170727144942015700212    
20170727144942015702041    
20170727144942015700631    
20170727144942015700581    
20170727144942015740533    
20170727144942015740212    
20170727144942015780018    
20170727144942015780032    
20170727144942015780041    
20170727144942015705011    
20170727144942015705021    
20170727144942015705031    
20170727144942015705041    
20170727144942015705081    
20170727144942015705134    
20170727144942015705141    
20170727144942015705162    
20170727144942015740021    
201707271452040248001014   
20170727145204024800036    
20170727145204024800045    
20170727145204024800571    
20170727145204024800081    
20170727145204024800064    
20170727145204024800072    
20170727145204024802041    
20170727145204024800281    
20170727145204024800401    
20170727145204024805041    
201707271452040248050710   
20170727145204024805081    
20170727145204024805132    
20170727145204024805144    
201707271452040248051515   
20170727145204024805164    
20170727145204024840171    
20170727145508003200032    
20170727145508003200042    
20170727145508003200104    
20170727145508003200072    
20170727145508003200753    
20170727145508003240213    
201707271455080032050710   
20170727145508003240112    
20170727145508003205172    
20170727145616024600104    
20170727145616024600032    
20170727145616024600041    
20170727145616024600061    
20170727145616024600072    
20170727145616024600201    
20170727145616024605021    
20170727145616024605032    
20170727145616024605123    
20170727145616024605171    
20170727145616024680031    
20170727145956010700571    
20170727145956010700073    
20170727145956010700212    
20170727145956010700033    
20170727145956010700043    
20170727145956010700106    
20170727150213025100103    
20170727150213025100032    
20170727150213025100041    
20170727150213025140532    
20170727150213025140212    
201707271502130251405510   
20170727150213025180031    
20170727150213025105121    
20170727150213025105162    
20170727150213025140171    
20170727150213025105201    
20170727150306019300104    
20170727150306019300032    
20170727150306019300042    
20170727150306019300081    
20170727150306019300061    
20170727150306019300071    
20170727150306019300211    
20170727150306019300221    
20170727150306019302041    
20170727150306019302031    
20170727150306019300451    
20170727150306019300581    
20170727150306019340211    
201707271503060193405510   
20170727150306019380015    
20170727150306019380021    
20170727150306019380031    
20170727150306019305023    
20170727150306019305032    
20170727150306019305042    
201707271503060193050710   
20170727150306019305132    
20170727150306019305151    
20170727150306019305162    
20170727150306019340021    
20170727150306019340391    
20170727150447023740533    
20170727150447023780031    
20170727150447023740021    
20170727150506027400103    
20170727150506027400032    
20170727150506027400041    
201707271505060274405210   
20170727150506027440215    
201707271505060274405520   
20170727150506027480014    
20170727150506027405045    
20170727150506027405142    
20170727150506027405152    
201707271508550087405510   
20170727150925020700064    
20170727150925020700073    
20170727150925020700211    
20170727150925020702041    
20170727150925020700281    
20170727150925020740535    
20170727150925020740212    
201707271509250207405520   
20170727150925020740115    
20170727150925020705021    
20170727150925020705032    
20170727150925020705042    
201707271509250207050730   
20170727150925020705136    
20170727150925020780014    
20170727150925020780021    
20170727150957014400034    
20170727150957014400043    
20170727150957014400211    
20170727150957014400571    
20170727150957014400108    
20170727150957014405021    
20170727150957014405162    
20170727150957014400062    
20170727150957014400071    
20170727150957014402031    
20170727151007013100101    
20170727151007013100031    
20170727151007013100081    
20170727151007013100061    
20170727151007013100202    
20170727151007013100211    
20170727151007013100281    
20170727151007013140535    
20170727151007013140212    
201707271510070131405560   
20170727151007013180014    
20170727151007013180024    
20170727151007013180031    
20170727151007013180041    
20170727151007013105022    
20170727151007013105031    
20170727151007013105042    
201707271510070131050710   
20170727151007013105081    
20170727151007013105132    
20170727151007013105141    
20170727151007013105152    
20170727151007013105163    
20170727151007013140111    
20170727151007013140392    
20170727151015009500107    
20170727151015009500034    
20170727151015009500043    
20170727151015009500071    
20170727151105014405041    
20170727151654026600101    
20170727151654026600041    
20170727151654026600061    
20170727151654026600071    
20170727151654026600201    
20170727151654026600211    
20170727151654026640211    
20170727151654026640555    
20170727151654026605021    
20170727151654026605031    
20170727151654026605041    
20170727151654026605075    
20170727151654026605122    
20170727151654026605131    
20170727151654026605161    
20170727151654026605202    
20170727151706007700036    
20170727151706007700042    
20170727151706007700109    
20170727151706007700073    
20170727151706007700571    
20170727151706007740525    
20170727151706007700062    
20170727151706007700203    
20170727151706007700211    
20170727151738005740552    
20170727151805022700101    
20170727151805022700031    
20170727151805022700211    
20170727151805022700221    
20170727151805022702041    
20170727151805022705031    
20170727151805022705043    
20170727151805022705075    
20170727151805022705132    
20170727151805022705151    
20170727151805022705172    
20170727151805022740523    
20170727151805022740533    
20170727151805022740212    
201707271518050227405520   
20170727151805022780041    
20170727151805022740391    
20170727151828027900101    
20170727151828027900031    
20170727151828027900061    
20170727151828027900201    
20170727151828027900211    
20170727151828027900281    
20170727151828027900591    
20170727151828027902041    
20170727151828027940525    
20170727151828027940538    
20170727151828027940211    
20170727151828027980014    
20170727151828027905021    
20170727151828027905143    
20170727151828027905151    
20170727151828027905162    
20170727151828027940111    
20170727152035004100101    
20170727152035004100031    
20170727152035004100571    
20170727152035004100061    
20170727152035004100211    
20170727152035004100281    
20170727152035004105021    
20170727152035004105161    
20170727152058028100104    
20170727152058028100032    
20170727152058028100041    
20170727152058028105124    
20170727152058028105202    
20170727152058028180014    
201707271520580281405210   
20170727152058028105163    
20170727152058028100221    
20170727152141008900032    
20170727152141008900041    
20170727152141008900103    
20170727152141008900072    
20170727152141008900731    
20170727152141008900211    
20170727152141008905021    
20170727152141008905032    
20170727152141008905043    
20170727152141008905152    
20170727152141008905177    
20170727152149028100072    
20170727152327027900041    
20170727152357001100106    
20170727152357001100033    
20170727152357001100043    
20170727152357001100072    
20170727152357001102041    
20170727152357001100401    
20170727152357001100451    
20170727152357001105042    
20170727152357001105151    
20170727152357001140212    
201707271523570011405510   
20170727152414006200102    
20170727152414006200031    
20170727152414006200041    
20170727152414006205024    
20170727152627023000031    
20170727152627023000041    
20170727152627023000103    
20170727152627023005122    
20170727152627023080014    
20170727152627023040221    
20170727152627023000071    
20170727152627023000441    
20170727152627023000401    
20170727152627023000061    
20170727152627023040212    
201707271526270230405520   
20170727152627023005132    
201707271526270230050710   
20170727152627023005151    
20170727152627023005173    
20170727152627023000202    
20170727152627023000581    
20170727152628010800105    
20170727152628010800033    
20170727152628010800041    
20170727152628010800081    
20170727152628010805121    
20170727152628010805201    
20170727152628010840172    
20170727152656024700102    
20170727152656024700031    
20170727152656024700041    
20170727152656024700062    
20170727152656024700073    
20170727152656024700731    
20170727152656024740536    
20170727152656024740213    
20170727152656024740555    
20170727152656024780016    
20170727152656024705044    
201707271526560247050710   
20170727152656024705121    
20170727152656024705164    
20170727152656024705201    
20170727152803010800071    
20170727152918026900103    
20170727152918026900032    
20170727152918026900041    
20170727152918026900061    
20170727152918026900072    
20170727152918026900201    
20170727152918026900211    
20170727152918026900301    
20170727152918026902041    
20170727152918026900401    
20170727152918026940522    
20170727152918026940532    
20170727152918026940201    
201707271529180269405520   
20170727152918026980024    
20170727152918026905021    
20170727152918026905041    
201707271529180269050720   
20170727152918026905134    
20170727152918026905152    
20170727152918026940112    
20170727153111022100104    
20170727153111022100032    
20170727153111022100042    
20170727153111022102041    
20170727153111022100281    
20170727153111022140112    
20170727153318016100102    
20170727153318016100031    
20170727153318016100041    
20170727153318016100062    
20170727153318016100072    
20170727153318016100201    
20170727153318016100211    
20170727153318016100281    
20170727153318016102041    
20170727153318016105122    
20170727153318016105142    
20170727153318016105152    
20170727153318016105162    
20170727153318016105173    
20170727153620020000105    
20170727153620020000033    
20170727153620020000041    
20170727153620020000061    
20170727153620020000072    
20170727153620020000201    
20170727153620020002041    
20170727153620020000251    
20170727153620020000281    
20170727153620020000731    
20170727153620020000401    
20170727153620020000591    
201707271536200200405520   
20170727153620020005021    
20170727153620020005032    
20170727153620020005132    
20170727153620020005151    
20170727153620020005162    
20170727153620020000581    
20170727153706023900061    
20170727153706023900071    
201707271537060239990112   
20170727153706023999026    
20170727153706023900211    
20170727153706023900221    
20170727153706023900581    
20170727153706023900591    
20170727153706023905033    
20170727153706023905042    
20170727153706023905123    
20170727153706023940212    
201707271537060239405520   
20170727153706023980041    
20170727153757027200104    
20170727153757027200032    
20170727153757027200042    
20170727153757027200061    
20170727153757027200071    
20170727153757027202041    
20170727153757027200301    
20170727153757027240391    
20170727153757027240121    
20170727153757027240522    
20170727153757027240532    
20170727153757027240212    
201707271537570272405520   
20170727153757027205022    
20170727153757027205032    
20170727153757027205042    
201707271537570272050710   
20170727153757027205132    
20170727154203013000104    
20170727154203013000032    
20170727154203013000042    
20170727154203013000211    
20170727154203013000281    
20170727154203013005134    
201707271542030130050720   
20170727154203013000072    
20170727154252015600071    
201707271543420114405520   
20170727154342011400062    
20170727154342011440212    
20170727154342011400031    
20170727154342011400041    
20170727154342011400102    
20170727154342011400071    
20170727154444027105035    
20170727154444027105146    
20170727154455018900031    
20170727154455018900041    
20170727154455018900211    
20170727154455018900591    
20170727154455018900102    
20170727154455018905021    
20170727154455018905042    
201707271544550189050710   
20170727154455018905122    
20170727154455018905141    
20170727154455018905162    
20170727154455018905202    
20170727154455018940212    
20170727154455018940555    
20170727154455018980014    
20170727154455018980024    
20170727154455018980041    
20170727154455018900061    
20170727154455018900071    
20170727154455018902041    
20170727154703003300105    
20170727154703003300033    
20170727154703003300042    
20170727154703003300221    
20170727154703003302041    
20170727154703003300281    
20170727154703003300401    
20170727154703003305042    
20170727154703003305123    
20170727154722009305024    
2017072715472200934055100  
201707271547220093050412   
20170727154722009305152    
20170727154833026800103    
20170727154833026800032    
20170727154833026800041    
20170727154833026800073    
20170727155204025800032    
20170727155204025800042    
20170727155204025800201    
20170727155204025800221    
20170727155204025800104    
20170727155204025800081    
201707271552040258050710   
20170727155204025805203    
20170727155204025800073    
20170727155204025802041    
20170727155302009800032    
20170727155302009800042    
20170727155302009800071    
20170727155302009800104    
20170727155302009800201    
20170727155302009800211    
20170727155302009800401    
20170727155302009800591    
20170727155302009805075    
20170727155302009805122    
20170727155302009805131    
20170727155302009805153    
20170727155302009805163    
20170727155302009840112    
20170727155302009800571    
20170727155302009880012    
20170727155343011400571    
20170727155413013300104    
20170727155413013300032    
20170727155413013300041    
20170727155413013300073    
201707271554130133050725   
20170727155447028300101    
20170727155447028300031    
20170727155447028300041    
20170727155447028300062    
20170727155447028300071    
20170727155447028300201    
20170727155447028300221    
20170727155447028340201    
20170727155447028340211    
20170727155447028340558    
20170727155447028305022    
201707271554470283050710   
20170727155447028305121    
20170727155447028305131    
20170727155514022400104    
20170727155514022400032    
20170727155514022400042    
20170727155514022405032    
20170727155514022405142    
201707271555140224050710   
20170727155514022405132    
20170727155753027800101    
20170727155753027800031    
20170727155753027800072    
20170727155753027800211    
20170727155814006600034    
20170727155814006600043    
20170727155814006600731    
20170727155814006600106    
20170727155928027840112    
20170727155928027805021    
20170727160032003300101    
20170727160032003300031    
