201708252210581026103010   
20170825221058102610625    
20170825221058102610662    
20170825221058102615061    
20170825221058102615111    
20170825221058102615181    
20170825221058102615211    
20170825221058102615291    
201708252210581026300510   
20170825221058102630252    
20170825221058102630351    
20170825222243100310183    
20170825222243100310253    
20170825222243100310271    
20170825222243100310432    
20170825222243100310651    
20170825222243100320053    
20170825222243100330013    
20170825223105100310971    
20170825223105100320401    
20170825223105100330053    
20170825230217100510271    
20170825230217100510305    
20170825230217100510322    
20170825230217100510343    
20170825230217100510431    
20170825230217100510636    
20170825230217100510682    
20170825230217100510972    
20170825230217100511021    
20170825230217100515021    
20170825230217100520051    
201708252302171005202012   
20170825230217100525031    
20170825230217100530015    
20170825230217100530131    
20170825230217100530382    
20170825230217100530451    
20170825230217100530701    
20170825230217100530921    
20170825232057100530892    
20170826000213106410173    
20170826000213106410303    
20170826000213106410661    
20170826000213106410682    
20170826000213106410861    
20170826000213106410946    
20170826000213106410953    
20170826000213106415331    
20170826000213106415401    
20170826000213106420112    
20170826000213106430017    
20170826000213106430062    
20170826000213106430071    
20170826000213106430331    
20170826000213106430461    
20170826000213106430492    
20170826000213106430891    
20170826000213106430921    
20170826001513110110173    
20170826001513110110211    
20170826001513110110221    
20170826001513110110345    
20170826001513110110633    
20170826001513110110651    
20170826001513110110671    
20170826001513110110682    
20170826001513110110821    
20170826001513110110861    
20170826001513110110955    
20170826001513110111002    
20170826001513110115021    
20170826001513110115372    
20170826001513110120092    
201708260015131101202012   
20170826001513110130017    
20170826001513110130033    
20170826001513110130193    
20170826001513110130202    
20170826001513110130271    
20170826001513110130451    
20170826001513110130521    
20170826001513110130921    
20170826002104104610652    
20170826002104104610671    
20170826002104104610682    
20170826002104104615111    
20170826002104104615181    
20170826002104104615191    
20170826002104104620021    
20170826002104104620311    
201708260021041046300110   
20170826003926106610123    
20170826003926106610345    
20170826003926106615111    
20170826003926106615241    
20170826003926106620011    
20170826003926106620052    
20170826003926106620093    
20170826003926106625092    
20170826003926106630271    
20170826003926106630451    
20170826010154100110253    
20170826010154100110271    
20170826010154100110421    
20170826010154100110661    
20170826010154100120021    
20170826010154100130081    
20170826010154100130351    
20170826010154100130941    
20170826010934108810122    
20170826010934108810173    
20170826010934108810211    
20170826010934108810221    
20170826010934108810491    
20170826010934108810682    
20170826010934108810861    
20170826010934108810972    
20170826010934108820011    
20170826010934108820052    
20170826010934108820461    
20170826010934108825031    
20170826010934108825041    
20170826010934108825141    
20170826010934108830013    
20170826010934108830252    
20170826010934108830691    
20170826010934108830891    
20170826011153101610021    
20170826011153101615111    
20170826011153101620203    
20170826011153101625031    
20170826011153101630012    
20170826011153101630032    
20170826011153101630251    
20170826011153101630271    
20170826011153101630891    
20170826011153101630921    
20170826013306104810125    
20170826013306104810323    
20170826013306104810651    
20170826013306104810661    
20170826013306104810681    
20170826013306104810821    
20170826013306104810861    
20170826013306104810991    
20170826013306104815041    
20170826013306104820101    
20170826013306104820415    
20170826013306104830035    
20170826013306104830361    
20170826014403106310681    
20170826014403106330015    
20170826020900104110306    
201708260209001041106210   
20170826020900104110651    
20170826020900104110661    
20170826020900104110681    
20170826020900104115211    
20170826020900104115261    
20170826020900104115331    
20170826020900104115351    
20170826020900104115371    
20170826020900104115421    
20170826020900104125072    
20170826020900104130015    
20170826020900104130033    
20170826020900104130081    
20170826020900104130251    
20170826020900104130272    
20170826020900104130381    
20170826020902102710421    
20170826020902102710471    
20170826020902102710651    
20170826020902102710862    
20170826020902102720191    
20170826020902102730032    
20170826020902102730041    
20170826035010108110258    
20170826035010108110342    
20170826035010108110386    
20170826035010108110421    
20170826035010108115161    
20170826035010108120052    
20170826035010108120101    
20170826035010108125051    
20170826035010108110471    
20170826035010108110622    
20170826035010108110651    
20170826035010108110683    
20170826035010108110123    
20170826035010108110305    
20170826035010108110862    
20170826035010108110871    
20170826035010108130018    
20170826035010108130041    
20170826035010108130052    
20170826035010108130061    
20170826035010108130081    
20170826035010108130111    
20170826035010108130361    
20170826035010108130892    
