20171006121514102711021    
20171006121514102711013    
20171006133316200111018    
20171006133316200111024    
201710061333162001111120   
20171006133316200112071    
20171006133316200113121    
20171006141242101011013    
20171006141242101011022    
20171006155408100211026    
20171006155408100211051    
20171006155408100211019    
20171006170634101911012    
20171006170634101911021    
20171006170634101911051    
20171006171601101211015    
20171006171601101211022    
20171006171601101211031    
20171006171601101211061    
20171006172702101011011    
20171006172702101011021    
20171006180254100911012    
20171006180254100911021    
20171006180254100911061    
20171006180254100913111    
20171006180254100911131    
20171006180300100711012    
20171006180300100711021    
20171006181218100311011    
20171006181218100311021    
20171006181218100311031    
201710061812181003111120   
20171006181929200711011    
20171006181929200711031    
20171006182452102511011    
20171006182452102511021    
20171006182452102511041    
20171006182839100411012    
20171006182839100411022    
20171006182839100411051    
20171006182839100412011    
20171006184653102611021    
20171006184653102611012    
20171006184834102411022    
20171006184834102411031    
20171006184834102411061    
20171006184834102411012    
20171006185331102011011    
20171006185331102011021    
20171006191340102511012    
20171006191340102511021    
20171006191340102511031    
20171006200412202311021    
20171006200412202311011    
