20170924203304109430232    
20170924203304109450011    
20170924203304109450081    
20170924203304109450091    
20170924205501113210014    
20170924205501113210369    
20170924205501113210372    
20170924205501113210391    
20170924205501113220025    
20170924205501113230092    
20170924205501113230221    
20170924205501113240052    
20170924205501113240271    
20170924205501113250061    
20170924205501113250082    
20170924205501113260271    
20170924205501113291984    
20170924205501113293106    
20170924210506110510014    
20170924210506110510141    
20170924210506110510361    
20170924210506110510371    
20170924210506110520025    
20170924210506110530061    
20170924210506110530231    
20170924210506110540321    
20170924210506110550081    
20170924210506110550101    
20170924210506110560021    
20170924210506110560061    
20170924210506110560103    
20170924210506110560251    
20170924210506110592551    
20170924215118110540171    
20170924220207113240091    
201709242247471082400110   
20170924224747108250042    
20170924224747108250052    
20170924224747108250081    
20170924224747108260031    
20170924233220108720012    
20170924233220108730102    
20170924233220108730122    
20170924233220108730131    
20170924233220108730221    
20170924233220108730273    
20170924233220108730283    
20170924233220108730292    
20170924233220108730331    
20170924233220108740141    
20170924233220108740231    
20170924233220108740241    
20170924233220108740271    
20170924233220108760033    
20170924233220108760102    
20170924233220108760171    
20170924233220108760201    
20170924233220108760222    
20170924233220108760251    
20170924233220108760371    
201709242332201087919310   
20170924233220108792541    
20170924233220108792721    
20170924233220108792735    
20170924233220108792771    
20170924233220108792875    
20170924233220108792885    
20170924233220108792951    
20170924233220108793171    
20170924235626112710015    
20170924235626112710175    
20170924235626112720012    
20170924235626112720051    
20170924235626112730121    
20170924235626112730221    
20170924235626112730242    
20170924235626112730251    
20170924235626112730284    
20170924235626112730292    
20170924235626112730323    
20170924235626112730491    
20170924235626112730512    
20170924235626112740141    
20170924235626112740151    
20170924235626112740181    
20170924235626112740211    
20170924235626112740231    
20170924235626112740251    
20170924235626112750011    
20170924235626112760041    
20170924235626112760062    
20170924235626112760222    
20170924235626112760281    
20170924235626112760292    
201709242356261127919320   
20170924235626112792511    
20170924235626112792541    
20170924235626112792711    
20170924235626112792801    
20170924235626112792811    
20170924235626112792832    
20170924235626112792841    
20170924235626112792872    
20170924235626112792882    
20170924235626112792904    
20170924235626112792941    
20170924235626112792952    
20170924235626112793012    
20170925032043400510011    
20170925032043400510371    
20170925032043400520021    
20170925032043400530512    
20170925032043400550011    
20170925032043400550081    
20170925032043400591981    
20170925032043400592581    
20170925032043400592592    
20170925032043400592741    
