20171008165538301511021    
20171008165538301511012    
20171008174710302011012    
20171008174710302011021    
20171008174710302011041    
20171008182715302411013    
20171008182715302411023    
20171008190331202211012    
20171008190331202212031    
20171008191455201011022    
20171008191455201011081    
20171008191455201011012    
20171008194159300711021    
20171008194159300711012    
20171008200620200111016    
20171008200620200111025    
20171008200620200111041    
20171008200620200111061    
20171008200620200111101    
20171008200620200111132    
20171008200620200112031    
20171008203003201411011    
20171008203003201411021    
20171008203138200311012    
20171008203138200311021    
20171008203256200411012    
20171008203256200411021    
20171008203256200412011    
