201701092047581011200180   
20170109204758101120061    
20170109204758101120081    
201701092158481357200160   
20170109215848135720052    
20170109215848135720071    
20170109215848135720081    
20170109215848135720321    
20170109215848135720654    
201701092208562105200140   
20170109220856210520901    
20170109220856210520311    
20170109220856210520931    
201701092226101371200160   
20170109222610137120061    
20170109222610137120071    
20170109222610137120301    
20170109222610137120321    
20170109222610137120655    
201701092309091003200140   
20170109230909100320061    
201701092309322145200180   
20170109230932214520061    
20170109230932214520071    
20170109230932214520161    
20170109230932214520321    
20170109230932214520551    
2017010923155721242001100  
20170109231557212420051    
20170109231557212420061    
20170109231557212420071    
20170109231557212420656    
20170109231557212421041    
201701092328321018200245   
20170109232832101820052    
2017010923300020882001100  
20170109233000208820061    
20170109233000208820072    
20170109233000208820081    
20170109233000208820301    
20170109233000208820611    
201701092330002088206510   
201701092351201005200140   
20170109235120100520061    
20170109235120100520931    
201701092355361026200140   
20170109235536102620061    
20170109235536102620081    
20170109235536102620321    
20170109235536102620652    
2017011000082720862001100  
20170110000827208620071    
20170110000827208620321    
201701100011021022200140   
20170110001102102220061    
20170110001102102220071    
20170110001102102220083    
20170110001102102220321    
20170110001102102220658    
20170110001102102220901    
20170110001102102220921    
20170110001102102220931    
201701100034201002200180   
20170110003420100220061    
20170110003420100220081    
20170110003420100220321    
20170110003420100220071    
20170110003420100220654    
20170110003420100221021    
201701100057351465200180   
20170110005735146520051    
20170110005735146520061    
20170110005735146520659    
20170110005735146520901    
20170110005735146520911    
20170110005735146520921    
20170110005735146521021    
20170110005735146521041    
201701100154581367200160   
20170110015458136720061    
20170110015458136720301    
20170110015458136720652    
2017011002150122292001100  
20170110021501222920061    
20170110021501222920081    
20170110021501222920271    
20170110021501222920301    
20170110021501222920321    
20170110021501222920551    
201701100215012229206510   
