20170630215254105110131    
20170630215254105110171    
20170630215254105110291    
20170630215254105130221    
20170630215254105140081    
20170630215254105140211    
20170630215254105160062    
20170630223034112410014    
20170630223034112410291    
20170630223034112420022    
20170630223034112430091    
20170630223034112430251    
20170630223034112430311    
20170630223034112450012    
20170630223034112450071    
20170630223034112460281    
20170630223034112492441    
20170630223116112430231    
20170630225816110610014    
20170630225816110610131    
20170630225816110610142    
20170630225816110610172    
20170630225816110610293    
20170630225816110620012    
20170630225816110620022    
20170630225816110620091    
20170630225816110630102    
20170630225816110630122    
20170630225816110630221    
20170630225816110630231    
20170630225816110630261    
20170630225816110630271    
20170630225816110630281    
20170630225816110630292    
20170630225816110630312    
20170630225816110630492    
20170630225816110640171    
20170630225816110650011    
20170630225816110650061    
20170630225816110650081    
20170630225816110660022    
20170630225816110660072    
20170630225816110660092    
20170630225816110660362    
20170630225816110691941    
20170630232405112792551    
20170630232405112792852    
20170630232405112792862    
20170630232405112792903    
20170630232405112792951    
