20170913190627109010347    
20170913190627109010382    
20170913190627109010662    
20170913190627109010681    
20170913190627109010861    
20170913190627109015331    
20170913190627109015351    
20170913190627109025271    
20170913190627109030271    
20170913190627109030361    
20170913190627109030731    
20170913224547103510173    
20170913224547103510212    
20170913224547103510222    
20170913224547103510255    
20170913224547103510307    
20170913224547103510346    
20170913224547103510491    
20170913224547103510622    
20170913224547103510661    
20170913224547103510681    
20170913224547103510861    
20170913224547103510971    
20170913224547103515031    
20170913224547103515161    
20170913224547103515261    
20170913224547103515351    
20170913224547103515461    
20170913224547103520051    
20170913224547103520161    
20170913224547103520191    
20170913224547103520311    
20170913224547103525071    
20170913224547103525251    
20170913224547103530042    
20170913224547103530111    
20170913224547103530701    
20170913231127101110172    
20170913231127101110271    
20170913231127101110305    
20170913231127101110581    
20170913231127101110623    
20170913231127101110651    
20170913231127101110661    
20170913231127101110681    
20170913231127101110701    
20170913231127101115071    
20170913231127101115161    
20170913231127101115211    
20170913231127101115351    
20170913231127101120201    
20170913231127101130015    
20170913231127101130392    
20170913231127101130461    
20170913231127101130891    
20170913231805105710121    
20170913231805105710175    
20170913231805105710252    
20170913231805105710271    
20170913231805105710351    
20170913231805105710381    
20170913231805105710421    
20170913231805105710471    
20170913231805105710622    
20170913231805105710637    
20170913231805105710661    
20170913231805105710681    
20170913231805105710861    
20170913231805105710955    
20170913231805105715181    
20170913231805105715231    
20170913231805105715421    
20170913231805105715461    
20170913231805105720011    
20170913231805105720021    
20170913231805105725092    
20170913231805105725111    
20170913231805105725241    
20170913231805105730013    
20170913231805105730034    
20170913231805105730251    
20170913231805105730461    
20170913231805105730561    
20170913231805105730691    
20170913233311108910321    
20170913233311108910344    
20170913233311108910431    
20170913233311108910651    
20170913233311108910121    
20170913233311108910172    
20170913233311108930381    
20170913233311108910981    
20170913233311108910991    
20170913233607104810305    
20170913233607104810325    
20170913233607104810625    
20170913233607104810681    
20170913233607104810861    
20170913233607104820192    
20170913233607104825041    
20170913233607104830113    
20170913233607104830271    
20170913233607104830382    
20170913233607104830701    
20170913233834107810623    
20170913233834107810681    
20170913233834107815261    
20170913233834107830013    
20170913233834107830381    
20170913234041104410101    
20170913234041104410111    
20170913234041104410421    
20170913234041104410671    
20170913234041104410682    
20170913234041104410972    
20170913234041104410982    
20170913234041104415112    
20170913234041104415372    
20170913234041104420011    
20170913234041104420021    
20170913234041104420101    
201709132340411044300110   
20170913234041104430081    
20170913234041104430332    
20170913234634108510211    
20170913234634108510221    
20170913234634108510381    
20170913234634108510491    
20170913234634108510643    
20170913234634108510651    
20170913234634108510831    
20170913234634108510871    
20170913234634108510942    
20170913234634108510955    
20170913234634108515251    
20170913234634108530061    
20170913234634108530691    
20170913235243100520441    
20170913235243100525081    
20170913235243100525091    
20170913235243100525261    
20170913235243100530033    
20170913235243100530382    
20170913235243100530492    
20170913235243100530691    
20170913235243100530891    
20170914000757103310025    
201709140007571033102510   
201709140007571033103010   
20170914000757103320022    
20170914000757103330055    
20170914000757103330251    
20170914000841100310422    
20170914000841100310681    
20170914000841100310791    
20170914000841100310811    
20170914000841100310821    
20170914000841100315111    
20170914000841100320021    
20170914000841100320207    
20170914000841100320411    
20170914000841100325261    
20170914000841100330015    
20170914000841100330461    
20170914002203102410123    
201709140022031024102510   
20170914002203102410272    
20170914002203102410343    
20170914002203102410471    
20170914002203102410633    
20170914002203102410653    
20170914002203102410862    
20170914002203102410871    
20170914002203102415111    
20170914002203102415162    
20170914002203102415211    
20170914002203102415261    
20170914002203102415351    
20170914002203102415401    
20170914002203102420011    
20170914002203102420052    
20170914002203102420085    
201709140022031024202012   
20170914002203102420405    
20170914002203102425141    
201709140022031024300110   
201709140022031024300310   
201709140022031024300510   
20170914002203102430071    
20170914002203102430121    
20170914002203102430193    
20170914002203102430203    
20170914002718106610491    
20170914002718106620011    
20170914002718106625211    
20170914002718106630015    
20170914002718106630112    
20170914002750104610175    
20170914002750104610255    
20170914002750104610307    
20170914002750104610323    
20170914002750104610343    
20170914002750104610632    
20170914002750104610661    
20170914002750104610682    
20170914002750104615041    
20170914002750104615061    
20170914002750104630053    
20170914002750104630081    
20170914002750104630271    
20170914002750104630381    
20170914002927100515251    
20170914003530110510071    
20170914003530110510211    
20170914003530110510221    
20170914003530110510322    
20170914003530110510421    
20170914003530110510634    
20170914003530110515461    
20170914003530110520201    
20170914003530110520421    
20170914003530110530194    
20170914003530110530381    
20170914003530110530691    
20170914003530110530701    
20170914003731108810682    
20170914003731108810871    
20170914003731108815251    
20170914003731108820212    
20170914003731108820461    
20170914003731108830015    
20170914003731108830033    
20170914003731108830081    
20170914003731108830193    
20170914003745106410172    
20170914003745106410255    
20170914003745106410343    
20170914003745106410642    
20170914003745106410682    
20170914003745106410942    
20170914003745106410971    
20170914003745106415181    
20170914003745106415331    
20170914003745106420011    
20170914003745106420083    
20170914003745106430017    
20170914003745106430891    
20170914004423108010022    
20170914004423108010173    
20170914004423108010211    
20170914004423108010221    
20170914004423108010257    
20170914004423108010343    
20170914004423108010681    
20170914004423108010971    
20170914004423108020101    
201709140044231080300120   
20170914004423108030042    
20170914004423108030061    
20170914004423108030381    
20170914004423108030691    
20170914004423108030701    
20170914005707110410254    
20170914005707110410271    
20170914005707110410302    
20170914005707110410343    
20170914005707110410651    
20170914005707110410681    
20170914005707110410791    
20170914005707110410861    
20170914005707110415161    
20170914005707110415401    
20170914005707110415421    
201709140057071104202012   
20170914005707110430014    
20170914005707110430031    
20170914005707110430173    
20170914005707110430262    
20170914005707110430691    
20170914005707110430701    
20170914014621107610122    
20170914014621107610652    
20170914014621107610681    
20170914014621107610972    
20170914024855100110253    
20170914024855100110861    
20170914024855100110931    
20170914024855100110951    
20170914024855100115161    
20170914024855100120021    
20170914024855100130081    
20170914024855100130681    
20170914024855100130701    
201709140314421081102515   
20170914031442108110324    
20170914031442108110342    
20170914031442108110432    
20170914031442108115041    
20170914031442108115191    
20170914031442108120011    
20170914031442108120021    
20170914031442108120052    
201709140314421081202024   
20170914031442108125051    
20170914031442108115291    
20170914031442108110651    
20170914031442108110661    
20170914031442108110684    
20170914031442108115331    
20170914031442108115371    
20170914031442108115401    
20170914031442108115421    
20170914031442108110123    
20170914031442108110305    
20170914031442108115261    
20170914031442108110865    
20170914031442108110871    
201709140314421081300110   
20170914031442108130032    
20170914031442108130082    
20170914031442108130111    
20170914031442108115062    
20170914031442108110071    
20170914031442108130691    
20170914031442108130701    
20170914031442108120441    
20170914031534110310211    
20170914031534110310254    
20170914031534110310271    
20170914031534110310305    
20170914031534110310347    
20170914031534110310434    
20170914031534110310626    
20170914031534110310636    
20170914031534110310651    
20170914031534110310682    
20170914031534110310862    
20170914031534110310953    
20170914031534110310981    
20170914031534110310991    
20170914031534110315061    
20170914031534110315351    
20170914031534110315421    
20170914031534110320021    
20170914031534110320111    
201709140315341103202012   
20170914031534110320411    
20170914031534110325071    
20170914031534110325251    
201709140315341103300110   
20170914031534110330036    
20170914031534110330042    
20170914031534110330054    
20170914031534110330061    
20170914031534110330081    
20170914031534110330193    
20170914031534110330382    
20170914031534110330701    
20170914031534110330891    
20170914031534110330921    
20170914032707106710101    
20170914032707106710303    
20170914032707106710344    
20170914032707106710651    
20170914032707106710661    
20170914032707106710681    
20170914032707106715043    
20170914032707106715262    
201709140327071067300110   
20170914032707106730053    
