201709090402360185110220   
20170909040236018511062    
20170909040236018511051    
20170909040236018513011    
20170909040236018514011    
20170909040236018515043    
20170909040236018515013    
20170909040236018516031    
20170909040236018519221    
20170909040236018519231    
20170909040236018517351    
20170909040236018517191    
20170909040236018512134    
20170909040236018511081    
201709100110420322110210   
201709100110420322110310   
20170910011042032211053    
20170910011042032211062    
20170910011042032212141    
20170910011042032213011    
20170910011042032213091    
20170910011042032215043    
20170910011042032219201    
20170910021247004111053    
201709100956430231110220   
20170910095643023111051    
20170910095643023111062    
20170910095643023119201    
20170910095643023121061    
20170910095643023121081    
20170910095742023113012    
