20170412230550413911025    
20170412230550413916022    
201704122305504139160310   
20170412230550413916042    
20170412230550413931011    
201704122314524199110120   
20170412231452419916035    
20170412231452419916042    
20170412231452419931041    
20170412231452419945011    
20170412234848416311015    
20170412234848416311025    
20170412234848416331021    
20170412234848416345012    
20170413001124419111028    
201704130011244191160310   
20170413001124419145041    
201704130203224117110210   
20170413020322411716023    
201704130203224117160320   
20170413020322411716043    
20170413020322411732051    
20170413020322411745012    
20170413020322411751041    
201704130203224117612120   
20170413061701410211025    
20170413061701410232031    
20170413061701410261621    
