20170804205011112410015    
20170804205011112410131    
20170804205011112410291    
20170804205011112420023    
201708042050111124919317   
20170804205011112492441    
20170804212327110610013    
20170804212327110610131    
20170804212327110610142    
20170804212327110610173    
20170804212327110610293    
20170804212327110620011    
20170804212327110620022    
20170804212327110620061    
20170804212327110620101    
20170804212327110630041    
20170804212327110630121    
20170804212327110630221    
20170804212327110630231    
20170804212327110630261    
20170804212327110630271    
20170804212327110630281    
20170804212327110630491    
20170804212327110630641    
20170804212327110640172    
20170804212327110640251    
20170804212327110640321    
20170804212327110650011    
20170804212327110660201    
20170804212327110660292    
