201708041756299001100910   
201708041931591101100920   
201708041931591101101020   
20170804193159110110113    
20170804193159110130021    
20170804193159110140022    
20170804193159110160083    
20170804193159110180101    
20170804205910310210095    
20170804205910310230021    
20170804205910310240041    
201708042059103102520210   
20170804205910310260018    
20170804205910310260031    
20170804205910310260141    
20170804205910310280022    
20170804205910310280091    
20170804205910310280104    
20170804205910310280142    
20170805001936120510097    
20170805001936120510107    
20170805001936120530011    
20170805001936120530022    
20170805001936120540021    
20170805001936120540041    
20170805001936120550014    
