20170923234059110210173    
20170923234059110210254    
20170923234059110210303    
20170923234059110215041    
20170923234059110230381    
20170923234059110230701    
20170923234059110230891    
20170923234331107830381    
20170924011725107610275    
20170924011725107610682    
20170924011725107610981    
20170924011725107610991    
20170924011725107615101    
20170924011725107620221    
20170924011725107620461    
20170924011725107630195    
20170924011725107630205    
20170924011725107630451    
20170924011725107630891    
20170924190106109010327    
20170924190106109010681    
20170924190106109010972    
20170924190106109015071    
20170924190106109015162    
20170924190106109015401    
201709241901061090300110   
20170924190106109030271    
20170924190106109030892    
201709241938041044102510   
20170924193804104410271    
20170924193804104410362    
20170924193804104410421    
20170924193804104410662    
20170924193804104410682    
20170924193804104430121    
20170924193804104430933    
20170924193928104410215    
20170924193928104410225    
20170924193928104410345    
20170924193928104420403    
20170924193928104425011    
20170924203045100510255    
20170924203045100510271    
20170924203045100510305    
20170924203045100510345    
20170924203045100510431    
20170924203045100510471    
20170924203045100510661    
20170924203045100510681    
20170924203045100510861    
20170924203045100515421    
201709242030451005202012   
20170924203045100525092    
20170924203045100530052    
20170924203045100530271    
20170924214932104010861    
20170924214932104015041    
20170924214932104015261    
20170924214932104015401    
20170924214932104030121    
20170924214932104030271    
20170924214932104040401    
20170924215020104020191    
20170924220202105810651    
20170924220202105810681    
20170924220202105830381    
20170924220202105830701    
20170924221532110510622    
20170924221532110510861    
20170924221532110515291    
20170924221532110525261    
20170924221532110530013    
20170924221532110530192    
20170924221532110530891    
20170924221538106410173    
20170924221538106410682    
20170924221538106415111    
20170924221538106420083    
20170924221538106430017    
20170924221538106430461    
20170924221538106430891    
20170924224001106310681    
20170924224001106315261    
20170924224001106330921    
20170924224417108510255    
20170924224417108510271    
20170924224417108510343    
20170924224417108510421    
20170924224417108510645    
20170924224417108510651    
20170924224417108510661    
20170924224417108515331    
20170924224417108520101    
20170924224417108530195    
20170924224417108530205    
20170924224417108530382    
20170924224417108530921    
20170924224424101110022    
20170924224424101110271    
20170924224424101110303    
20170924224424101110325    
20170924224424101110472    
20170924224424101110491    
20170924224424101110625    
20170924224424101110652    
20170924224424101110662    
20170924224424101110683    
20170924224424101110701    
20170924224424101115041    
20170924224424101115071    
20170924224424101115161    
20170924224424101115351    
20170924224424101120201    
20170924224424101130015    
20170924224424101130043    
20170924224424101130055    
20170924224424101130081    
20170924224424101130271    
20170924224424101130481    
20170924224424101130891    
20170924231505103510255    
20170924231505103510325    
20170924231505103510421    
20170924231505103510634    
20170924231505103510861    
20170924231505103510972    
20170924231505103510981    
20170924231505103515041    
20170924231505103515351    
20170924231505103515421    
201709242315051035202012   
20170924231505103530017    
20170924231505103530032    
20170924231505103530381    
20170924231505103530701    
20170924231505103530731    
20170924232248108910271    
20170924232248108910343    
20170924232248108910351    
20170924232248108910651    
20170924232248108910682    
20170924232248108915421    
20170924232248108910302    
20170924232248108910791    
20170924232248108930015    
20170924232248108910831    
20170924234737107315031    
20170924234737107315042    
20170924234737107315131    
20170924234737107315162    
20170924234737107315351    
20170924234737107315421    
20170924234737107320013    
20170924234737107320023    
20170924234737107320055    
20170924234737107320111    
20170924234737107325092    
20170924234737107330061    
20170924234737107330081    
20170924234737107330111    
20170924234737107330381    
20170924234737107330511    
20170924234737107330691    
20170924234737107330891    
201709242357461080101710   
20170924235746108010212    
20170924235746108010221    
201709242357461080102510   
20170924235746108010271    
201709242357461080103010   
201709242357461080103210   
20170924235746108010345    
20170924235746108010431    
20170924235746108010471    
20170924235746108010651    
20170924235746108010682    
20170924235746108010862    
20170924235746108010972    
20170924235746108010991    
20170924235746108015031    
20170924235746108015351    
20170924235746108015371    
20170924235746108015421    
201709242357461080300120   
20170924235746108030033    
20170924235746108030043    
20170924235746108030055    
20170924235746108030061    
20170924235746108030071    
20170924235746108030271    
20170924235746108030383    
20170924235746108030452    
20170924235746108030691    
20170924235746108030893    
20170924235746108030922    
20170925000213106810175    
201709250002131068102510   
20170925000213106810305    
20170925000213106810345    
20170925000213106810361    
20170925000213106810382    
20170925000213106810421    
20170925000213106810651    
20170925000213106810681    
20170925000213106815161    
20170925000213106820011    
20170925000213106820052    
201709250002131068202010   
20170925000213106820402    
201709250002131068300115   
20170925000213106830053    
20170925000213106830121    
20170925000213106830192    
20170925000213106830203    
20170925000213106830271    
20170925000213106830461    
20170925000213106830891    
20170925000505108910302    
20170925000505108930054    
20170925001314105415251    
20170925001314105430032    
20170925001314105430271    
201709250016521008106220   
20170925001652100810815    
20170925001652100820192    
201709250016521008202012   
20170925001652100825141    
20170925001652100830382    
20170925001733102910255    
20170925001733102910272    
20170925001733102910325    
20170925001733102910345    
20170925001733102910471    
20170925001733102910653    
20170925001733102910684    
20170925001733102910862    
20170925001733102910991    
20170925001733102915262    
20170925001733102915401    
20170925001733102920013    
20170925001733102920111    
20170925001733102920192    
201709250017331029300110   
20170925001733102930035    
20170925001733102930061    
20170925001733102930381    
20170925001733102930493    
20170925001733102930502    
20170925001733102930691    
20170925003401106610021    
20170925003401106610343    
20170925003401106610681    
20170925003401106620092    
20170925003401106620191    
20170925003401106630033    
20170925003401106630271    
20170925003401106630571    
20170925003401106630891    
20170925003507106615181    
20170925003507106620311    
20170925005503110410022    
20170925005503110410252    
20170925005503110410271    
20170925005503110410322    
20170925005503110410431    
20170925005503110410623    
20170925005503110430054    
20170925005503110430081    
20170925005503110430111    
20170925005503110430203    
20170925005503110430361    
20170925011229106110125    
20170925011229106110255    
20170925011229106110323    
20170925011229106110625    
20170925011229106110682    
20170925011229106110861    
20170925011229106110971    
20170925011229106115251    
20170925011229106130481    
20170925011229106130891    
20170925011819110310211    
20170925011819110310254    
201709250118191103103210   
201709250118191103103410   
20170925011819110310671    
20170925011819110310682    
20170925011819110310861    
20170925011819110315041    
20170925011819110315071    
20170925011819110315101    
20170925011819110320022    
20170925011819110320053    
20170925011819110320111    
20170925011819110320202    
20170925011819110320411    
20170925011819110325082    
20170925011819110325092    
20170925011819110325141    
20170925011819110325161    
20170925011819110325251    
20170925011819110325261    
20170925011819110325271    
201709250118191103300110   
20170925011819110330062    
20170925011819110330081    
20170925011819110330112    
20170925011819110330131    
20170925011819110330194    
20170925011819110330204    
20170925011819110330351    
20170925011819110330382    
20170925011819110330492    
20170925011819110330502    
20170925011819110330892    
201709250122391103202012   
20170925013150106710212    
20170925013150106710221    
20170925013150106710303    
20170925013150106710322    
20170925013150106710343    
20170925013150106710683    
20170925013150106715372    
20170925013150106720013    
20170925013150106720023    
201709250131501067300130   
20170925013150106730051    
20170925013150106730251    
20170925013150106730571    
20170925014129104110792    
20170925014129104115211    
20170925014129104120011    
20170925014129104120021    
20170925014129104130195    
20170925014129104130521    
20170925015216104115232    
20170925015216104115402    
20170925023937100110271    
20170925023937100110831    
20170925023937100110971    
20170925023937100110981    
20170925023937100110991    
20170925023937100115421    
20170925023937100120021    
20170925023937100130081    
20170925024144106310345    
20170925031332100130691    
20170925031332100130701    
