20171009155248400610371    
20171009155248400620021    
20171009155248400660011    
20171009155248400692541    
20171009155248400692952    
20171009155248400693002    
20171009155248400693011    
20171009204040112410016    
20171009204040112410291    
20171009204040112420023    
20171009204040112430246    
20171009204040112430311    
20171009204040112430512    
20171009204040112430681    
20171009204040112440271    
20171009204040112491938    
20171009204040112492832    
20171009220259108410011    
20171009220259108410101    
20171009220259108410171    
20171009220259108440102    
20171009220259108460041    
20171009220259108460221    
20171009220259108460241    
20171009223309110610012    
20171009223309110620022    
20171009223309110630221    
20171009223309110630641    
20171009223309110691941    
20171010011442104610293    
20171010011442104620022    
20171010011442104630292    
20171010011442104660073    
20171010011442104660121    
20171010011442104660171    
20171010011442104660261    
20171010011442104660591    
20171010011442104692941    
