20170730153619300511021    
20170730153619300514002    
20170730165930200111012    
20170730165930200111025    
20170730165930200111041    
20170730165930200111061    
201707301659302001111120   
20170730165930200112031    
20170730174401201411012    
20170730174401201411021    
20170730174401201411031    
20170730181639300711025    
20170730181639300711031    
20170730181639300711061    
20170730181639300711013    
20170730181911101011012    
20170730181911101011021    
20170730181911101011061    
20170730183535101013111    
20170730184201101211012    
20170730184201101211022    
20170730194017201011024    
20170730194017201011015    
20170730195835200411011    
20170730195835200411021    
20170730201058301411012    
20170730201058301411021    
20170730201058301411051    
20170730202137100211022    
20170730202137100212011    
20170730202137100211014    
20170730202430200511021    
20170730202430200511051    
20170730202430200511012    
201707302042502010111110   
20170730205244302411012    
20170730205244302411021    
20170730210307200114003    
20170730211527200311011    
20170730211527200311021    
