20170417101617813210012    
20170417101617813210021    
20170417101617813210262    
20170417101617813220031    
20170417101617813220066    
20170417101617813220081    
20170417101617813250021    
20170417101617813250091    
20170417101617813250101    
20170417101617813250111    
20170417101617813210058    
20170417101617813210312    
20170417101617813210372    
20170417101617813210392    
20170417101617813210421    
20170417101617813216122    
201704171016178132161512   
20170417101617813210544    
20170417101617813210611    
20170417101617813210631    
20170417101617813210641    
20170417101617813210691    
20170417101617813220112    
20170417101617813220121    
20170417101617813211012    
201704171128348097100113   
20170417112834809710032    
20170417112834809710524    
20170417112834809716123    
201704171128348097161530   
20170417112834809720081    
20170417112834809720107    
20170417115703814010261    
20170417115703814020032    
201704171157038140200610   
20170417115703814020071    
20170417115703814020081    
201704171157038140100510   
20170417115703814010301    
20170417115703814010311    
20170417115703814010371    
20170417115703814010391    
20170417115703814016121    
201704171157038140161515   
20170417115703814010611    
20170417115703814020102    
20170417120818805810055    
20170417120818805810522    
20170417120818805810542    
20170417120818805810632    
20170417120818805810742    
20170417120818805811011    
20170417120818805811025    
20170417120818805816121    
201704171208188058161513   
201704171208188058200611   
20170417120818805820072    
20170417120818805820105    
20170417120818805850021    
20170417131358810010053    
20170417131358810020081    
20170417132330700190042    
20170417132330700190091    
20170417132330700190175    
20170417132330700190402    
20170417132330700190591    
20170417132425808010012    
20170417132425808010031    
201704171324258080100510   
20170417132425808010301    
20170417132425808010311    
20170417132425808010522    
20170417132425808010631    
20170417132425808010642    
20170417132425808010742    
20170417132425808016122    
201704171324258080161515   
20170417132425808020032    
201704171324258080200610   
20170417132425808020071    
20170417132425808020102    
20170417132425808020111    
20170417132527806410011    
20170417132527806410052    
20170417132527806410391    
20170417132527806410541    
20170417132527806410611    
20170417132527806410661    
20170417132527806416121    
20170417132527806416131    
20170417132527806416153    
20170417132527806420063    
20170417132527806420122    
20170417132527806450181    
20170417133007814616157    
20170417133007814620102    
20170417134757806910013    
20170417134757806910021    
20170417134757806910031    
20170417134757806910053    
20170417134757806910121    
20170417134757806916121    
201704171347578069161510   
20170417134757806920034    
201704171347578069200614   
20170417134757806920074    
20170417134757806920106    
20170417134757806920112    
20170417135209814110015    
20170417135209814110031    
20170417135209814110268    
20170417135209814120035    
201704171352098141200610   
20170417135209814120072    
20170417135209814120082    
20170417135209814140051    
20170417135209814150092    
20170417135209814140073    
20170417135209814110054    
20170417135209814110302    
20170417135209814110491    
20170417135209814116122    
201704171352098141161510   
20170417135209814110544    
20170417135209814110611    
20170417135209814110642    
20170417135209814110681    
20170417135209814120108    
20170417135209814120112    
20170417135209814110731    
20170417135209814110743    
20170417142114813910012    
20170417142114813910261    
20170417142114813920066    
20170417142114813920071    
20170417142114813910057    
20170417142114813910302    
20170417142114813910311    
20170417142114813910372    
20170417142114813910421    
20170417142114813916121    
20170417142114813916155    
20170417142114813910643    
20170417142114813920105    
20170417142114813920121    
20170417142621810510012    
20170417142621810510059    
20170417142621810510261    
20170417142621810510301    
20170417142621810510631    
20170417142621810510742    
20170417142621810516121    
201704171426218105161510   
20170417142621810520032    
20170417142621810520069    
20170417142621810520071    
20170417142621810520103    
20170417142922815610013    
20170417142922815610091    
20170417142922815610262    
20170417142922815620031    
20170417142922815620066    
20170417142922815620072    
20170417142922815610057    
20170417142922815610302    
20170417142922815610371    
20170417142922815616121    
201704171429228156161514   
20170417142922815610542    
20170417142922815610611    
20170417142922815610632    
20170417142922815610643    
20170417142922815610662    
20170417142922815610691    
20170417142922815620102    
20170417142922815620121    
20170417142922815620132    
20170417145121813810013    
201704171451218138100510   
20170417145121813810522    
20170417145121813810551    
20170417145121813810632    
20170417145121813810642    
201704171451218138161520   
20170417145121813820031    
20170417145121813820065    
20170417145121813820071    
20170417145121813820103    
20170417145121813820111    
20170417145121813820132    
20170417145121813850051    
20170417150001815410013    
20170417150001815410091    
20170417150001815410261    
20170417150001815420031    
201704171500018154200610   
20170417150001815420072    
20170417150001815450021    
20170417150001815430011    
20170417150001815410054    
20170417150001815410311    
201704171500018154161514   
20170417150001815410551    
20170417150001815410641    
20170417150001815420103    
20170417150001815420111    
20170417150001815420121    
20170417152552809010013    
201704171525528090100524   
20170417152552809010071    
20170417152552809010121    
20170417152552809010152    
20170417152552809010262    
20170417152552809010523    
20170417152552809010742    
20170417152552809016122    
20170417152552809016141    
201704171525528090161526   
20170417152552809020032    
201704171525528090200618   
20170417152552809020073    
20170417152552809020081    
20170417152552809020106    
20170417152552809020111    
20170417152552809020121    
20170417152552809030015    
20170417152552809030024    
20170417152552809030051    
20170417152552809040081    
20170417152552809050021    
20170417152552809050091    
20170417152552809050101    
20170417155953808110013    
20170417155953808120032    
201704171559538081200610   
20170417155953808120071    
20170417155953808120081    
20170417155953808140141    
20170417155953808150031    
20170417155953808110053    
20170417155953808110521    
201704171559538081161514   
20170417155953808110611    
20170417155953808110642    
20170417155953808120104    
20170417163300814710012    
20170417163300814720032    
20170417163300814720071    
20170417163300814716121    
20170417163300814716154    
20170417163300814710541    
20170417163300814710611    
20170417163300814720102    
20170417163300814720121    
20170417163300814720132    
20170417163503812110013    
20170417163503812110031    
20170417163503812110261    
20170417163503812120032    
201704171635038121200610   
20170417163503812120071    
20170417163503812150021    
20170417163503812150091    
20170417163503812150101    
20170417163503812110057    
20170417163503812110301    
20170417163503812110311    
201704171635038121161521   
20170417163503812110541    
20170417163503812110642    
20170417163503812120105    
20170417163503812120122    
20170417163649811810012    
20170417163649811820064    
20170417163649811850101    
20170417163649811810051    
20170417163649811816152    
20170417163649811810641    
20170417163649811820103    
20170417163649811820111    
20170417163649811810741    
20170417164430807910014    
20170417164430807910031    
20170417164430807910056    
20170417164430807910071    
20170417164430807910151    
20170417164430807910265    
20170417164430807910304    
20170417164430807910372    
20170417164430807910392    
20170417164430807910522    
20170417164430807910542    
20170417164430807910632    
20170417164430807910641    
20170417164430807910681    
20170417164430807916122    
201704171644308079161520   
20170417164430807920032    
201704171644308079200618   
20170417164430807920072    
20170417164430807920103    
20170417164430807920112    
20170417165958805210057    
20170417165958805210522    
20170417165958805216121    
20170417165958805216153    
20170417165958805220032    
201704171659588052200612   
20170417165958805220103    
20170417165958805220111    
20170417165958805220121    
20170417165958805220131    
20170417165958805230051    
20170417170302806510053    
20170417170302806510302    
20170417170302806510311    
20170417170302806510391    
201704171703028065161525   
201704171703028065200615   
20170417170302806520073    
20170417170302806550023    
20170417170302806550061    
201704171704528157100110   
20170417170452815710031    
20170417170452815710263    
20170417170452815720034    
201704171704528157200614   
20170417170452815720073    
20170417170452815750012    
20170417170452815750023    
20170417170452815740072    
201704171704528157100510   
20170417170452815710303    
20170417170452815710441    
20170417170452815716121    
201704171704528157161515   
20170417170452815710543    
20170417170452815710551    
20170417170452815710611    
20170417170452815750181    
20170417170452815720106    
20170417170452815720112    
20170417170452815710731    
20170417170452815720123    
20170417170452815720134    
20170417170922812410012    
201704171709228124100512   
20170417170922812410261    
20170417170922812410303    
20170417170922812410311    
20170417170922812410361    
20170417170922812410372    
20170417170922812410394    
20170417170922812410523    
20170417170922812410731    
20170417170922812416122    
201704171709228124161536   
20170417170922812420033    
201704171709228124200618   
20170417170922812420077    
20170417170922812420081    
20170417170922812420105    
20170417170922812420121    
20170417172600814910441    
20170417172600814910543    
20170417172600814916154    
20170417172600814920032    
20170417172600814920104    
20170417172600814950031    
20170417172600814950113    
20170417172853813916157    
20170417174536804610523    
20170417174536804610551    
20170417174536804610641    
20170417174536804616122    
201704171745368046161525   
20170417174536804620032    
201704171745368046200625   
20170417174536804620081    
20170417174536804620106    
20170417185611812130051    
