20170626152118606330031    
20170626181620606220042    
20170626181620606250012    
20170626214340502230031    
20170626214340502230071    
20170626214340502250021    
20170626214340502250031    
20170626214340502260051    
20170626214340502270131    
20170626214427606510041    
20170626214427606510053    
20170626214427606530042    
20170626215558100230031    
20170626215558100230261    
20170626222136505210051    
20170626222136505230281    
20170626222136505250031    
20170626222136505270021    
20170626224905603010051    
20170626224905603010061    
20170626224905603010072    
20170626224905603050031    
20170626224905603060051    
20170626224905603060082    
20170626224905603060175    
20170626225940606910041    
20170627000453609310041    
20170627000453609310061    
20170627000453609310072    
20170627000453609330032    
20170627000453609360011    
20170627000453609360052    
20170627000453609360131    
20170627000453609360151    
20170627000453609360181    
20170627000453609370012    
20170627000453609370022    
20170627011222604210041    
20170627011222604220041    
20170627011222604230351    
20170627011222604240131    
20170627011222604250011    
20170627011222604250021    
20170627011222604250032    
20170627011222604260221    
20170627023807600210051    
20170627023807600210061    
20170627023807600210071    
20170627023807600230031    
20170627023807600230043    
20170627023807600230141    
20170627023807600270101    
