20170508171551100711021    
20170508171551100711041    
20170508171551100711051    
20170508174727300511021    
20170508174727300511131    
20170508174727300514002    
20170508175400102611022    
20170508175400102611051    
20170508175400102611062    
20170508175400102611014    
20170508175400102612032    
20170508175400102612072    
20170508183219302311012    
20170508183219302311021    
20170508183219302311131    
20170508183219302311141    
20170508183504100311011    
20170508183504100311022    
20170508183504100311031    
201705081835041003111120   
20170508185546100411011    
20170508185546100411021    
20170508185546100411101    
20170508190153100211022    
20170508191202101011021    
20170508200231201011021    
20170508204142301111011    
20170508204142301111021    
20170508204405100214004    
20170508204504200511021    
20170508205919200811012    
20170508205919200811022    
20170508210051101014002    
20170508210455100714003    
20170508211121201014002    
20170508211400200514001    
20170508211503100414001    
20170508211829200111061    
20170508211829200114004    
20170508212955300111022    
20170508212955300114002    
