201703310919091009100212   
20170331091909100910102    
20170331091909100911022    
20170331091909100911031    
20170331091909100911082    
20170331091909100912012    
20170331091909100912028    
20170331091909100913014    
20170331091909100915043    
20170331091909100911092    
20170331093104100610013    
20170331093104100610028    
20170331093104100610042    
20170331093104100612027    
20170331093104100613015    
20170331093104100618012    
20170331102906101010014    
20170331102906101010028    
20170331102906101010103    
20170331102906101011022    
20170331102906101011031    
20170331102906101011042    
20170331102906101011071    
20170331102906101011081    
20170331102906101011091    
20170331102906101012011    
20170331102906101012025    
20170331102906101013015    
20170331102906101013061    
20170331102906101015021    
20170331102906101017011    
20170331102906101020051    
20170331110619101310013    
20170331110619101310026    
20170331110619101310041    
20170331110619101310102    
20170331110619101311022    
20170331110619101311031    
20170331110619101311042    
20170331110619101311051    
20170331110619101311071    
20170331110619101311081    
20170331110619101312023    
20170331110619101313016    
20170331110619101313021    
20170331110619101318012    
20170331110619101320021    
20170331115459102310041    
20170331115459102310061    
20170331115459102311082    
20170331115459102312012    
20170331115459102315031    
20170331115459102315042    
20170331115459102315051    
20170331115459102315101    
20170331115459102317021    
20170331115459102318022    
20170331120727101210011    
20170331120727101210024    
20170331120727101210041    
20170331120727101210101    
20170331120727101211021    
20170331120727101211031    
20170331120727101211041    
20170331120727101211071    
20170331120727101211081    
20170331120727101212023    
20170331120727101213014    
20170331120727101213021    
20170331120727101215041    
20170331120727101215061    
20170331120727101216021    
20170331120727101217011    
20170331120727101217031    
20170331120727101220051    
20170331124201100710021    
20170331124201100713011    
20170331124510100912025    
20170331125141100110015    
20170331125141100110028    
20170331125141100110031    
20170331125141100110041    
20170331125141100110101    
20170331125141100111011    
20170331125141100111074    
20170331125141100111083    
201703311251411001130110   
20170331125141100113021    
20170331125141100113061    
20170331125207100810013    
20170331125207100810025    
20170331125207100810102    
20170331125207100811022    
20170331125207100812013    
201703311252071008120214   
20170331125207100812031    
201703311252071008130110   
20170331125207100813024    
20170331125207100815022    
20170331125207100820052    
20170331125207100830021    
20170331125207100811093    
201703311259081002100210   
20170331125908100210041    
20170331125908100210103    
20170331125908100211023    
20170331125908100211051    
20170331125908100211083    
20170331125908100212013    
201703311259081002120215   
20170331125908100213018    
20170331125908100213022    
20170331125908100218012    
20170331130215100410012    
201703311302151004100226   
20170331130215100410041    
20170331130215100410101    
20170331130215100411011    
20170331130215100411024    
20170331130215100411031    
20170331130215100411042    
20170331130215100411082    
20170331130215100412011    
20170331130215100412029    
201703311302151004130120   
20170331130215100413022    
20170331130215100415011    
20170331130215100415031    
20170331130215100415041    
20170331130215100418012    
20170331131537101110013    
20170331131537101110025    
20170331131537101110101    
20170331131537101111071    
20170331131537101111084    
20170331131537101112026    
201703311315371011130110   
20170331131537101113021    
20170331131537101115011    
20170331131537101120021    
20170331131537101111091    
