20170125235444200310211    
20170125235444200310321    
20170125235444200310623    
20170125235444200310791    
20170125235444200310811    
20170125235444200310821    
20170125235444200315061    
20170125235444200315401    
20170125235444200320021    
20170125235444200320111    
20170125235444200320401    
20170125235444200330016    
20170125235444200330271    
20170125235444200330691    
20170125235444200330704    
20170126022700200210101    
20170126022700200210211    
20170126022700200210221    
20170126022700200210325    
20170126022700200210651    
20170126022700200210671    
20170126022700200210681    
20170126022700200210791    
20170126022700200215181    
20170126022700200215291    
20170126022700200215351    
20170126022700200220012    
20170126022700200220021    
201701260227002002200815   
201701260227002002202012   
20170126022700200220311    
20170126022700200230081    
20170126022700200230204    
20170126022700200230271    
20170126022700200230381    
20170126022700200230892    
