20170306074009023700101    
20170306074009023700031    
20170306074009023700041    
20170306074009023702031    
20170306074009023702041    
20170306074009023700281    
20170306074009023740211    
20170306074009023740553    
20170306074009023705201    
20170306074009023705122    
20170306074009023705161    
20170306074009023705031    
20170306074009023705041    
20170306102610802800032    
20170306102610802800042    
20170306102610802800571    
20170306102610802800104    
20170306102610802805032    
20170306102610802805043    
20170306102610802805201    
20170306102710802880042    
20170306103722802000107    
20170306103722802000034    
20170306103722802000044    
20170306103722802000221    
20170306103722802002042    
20170306103722802000451    
20170306103722802005047    
20170306103722802005122    
20170306105822027700104    
20170306105822027700032    
20170306105822027700041    
20170306105822027700131    
20170306105822027700061    
20170306105822027700071    
20170306105822027700211    
20170306105822027702041    
20170306105822027740523    
20170306105822027740535    
20170306105822027740211    
201703061058220277405510   
20170306105822027705021    
20170306105822027705033    
201703061058220277050710   
20170306105822027705132    
20170306105822027705162    
20170306105822027740112    
20170306105822027740131    
20170306105822027740391    
20170306123237002700043    
20170306123237002700031    
20170306123237002700104    
20170306123617801900033    
20170306123617801900043    
20170306123617801900202    
20170306123617801900451    
20170306123617801900108    
20170306123617801905034    
20170306123617801905044    
20170306123617801905123    
20170306123617801900061    
20170306123617801902042    
20170306124944802100032    
20170306124944802100042    
20170306124944802100201    
20170306124944802100104    
20170306124944802105021    
20170306124944802105042    
20170306124944802105122    
20170306124944802105162    
20170306124944802140112    
20170306124944802180031    
20170306133350801400032    
20170306133350801400042    
20170306133350801400202    
20170306133350801400221    
20170306133350801400105    
20170306133350801405021    
20170306133350801405033    
20170306133350801405043    
20170306133350801405122    
20170306133350801405141    
20170306133350801405202    
20170306133350801440211    
20170306133350801480031    
20170306133350801400071    
20170306134011800900403    
20170306134011800900732    
201703061340118009990160   
201703061340118009990260   
20170306134019802500031    
20170306134019802500041    
20170306134019802500201    
20170306134019802500721    
20170306134019802500102    
20170306134019802500771    
20170306134019802505011    
20170306134019802505021    
20170306134019802505042    
20170306134019802500061    
20170306134019802500071    
20170306134040802802043    
20170306134447800200401    
20170306134447800200574    
201703061344478002002812   
201703061344478002050316   
201703061344478002050410   
20170306134447800240012    
201703061344478002401410   
20170306134447800205212    
20170306134447800200066    
20170306134447800200079    
201703061344478002990160   
201703061344478002990224   
201703061344478002020412   
20170306134546800300226    
20170306134631802600402    
20170306135118027600201    
20170306135118027600211    
20170306135118027600771    
20170306135118027605021    
20170306135118027600061    
20170306135152004800103    
20170306135152004800032    
20170306135152004800041    
20170306135152004805075    
20170306135152004805131    
20170306135152004800212    
20170306135152004800631    
20170306135152004805043    
20170306135152004805032    
20170306135152004805021    
20170306135152004805151    
20170306135152004840171    
20170306135254801500032    
20170306135254801500042    
20170306135254801500201    
20170306135254801500571    
20170306135254801500104    
20170306135254801500081    
20170306135254801505123    
20170306135254801505162    
20170306135254801540112    
20170306135254801500061    
20170306135254801500071    
20170306135501801700034    
20170306135501801700043    
20170306135501801700202    
20170306135501801700211    
20170306135501801700231    
20170306135501801700571    
20170306135501801700631    
20170306135501801700721    
20170306135501801700751    
20170306135501801700107    
20170306135501801705023    
20170306135501801705034    
20170306135501801705042    
20170306135501801705125    
20170306135501801705141    
20170306135501801705152    
20170306135501801705167    
20170306135501801705204    
20170306135501801780041    
20170306135501801700061    
20170306135501801700073    
20170306135501801702041    
20170306135723023200035    
20170306135723023200043    
20170306135723023200201    
20170306135723023200211    
20170306135723023200451    
20170306135723023200571    
20170306135723023200722    
20170306135723023200108    
20170306135723023200772    
20170306135723023200281    
20170306135723023205035    
20170306135723023205042    
20170306135723023205123    
20170306135723023205163    
20170306135723023205174    
20170306135723023240201    
20170306135723023280018    
20170306135723023200062    
20170306135723023200073    
20170306135723023202041    
20170306140104003200103    
20170306140104003200032    
20170306140104003200041    
20170306140104003200221    
20170306140119019800035    
20170306140119019800043    
20170306140119019800104    
20170306140119019800402    
201703061401190198005070   
20170306140349019801354    
20170306140530801600033    
20170306140530801600043    
20170306140530801600203    
20170306140530801600211    
20170306140530801600221    
20170306140530801600571    
20170306140530801600581    
20170306140530801600751    
20170306140530801600107    
20170306140530801600081    
20170306140530801600771    
20170306140530801605033    
20170306140530801605044    
20170306140530801605081    
20170306140530801605123    
20170306140530801605155    
20170306140530801605166    
20170306140530801640171    
20170306140530801600061    
20170306140530801600071    
20170306140530801602042    
20170306140557026100041    
20170306140557026105162    
20170306140557026105021    
20170306140557026100211    
20170306140557026102041    
20170306141122020700105    
20170306141122020700033    
20170306141122020700041    
20170306141122020700071    
20170306141122020700211    
20170306141122020700251    
20170306141122020700301    
20170306141122020700751    
20170306141122020740535    
20170306141122020740211    
20170306141122020740555    
20170306141122020705031    
20170306141122020705041    
20170306141122020705142    
20170306141122020780011    
20170306141122020780021    
20170306141129015600106    
20170306141129015600033    
20170306141129015600042    
20170306141129015600571    
20170306141129015600081    
20170306141129015600062    
20170306141129015600072    
20170306141129015600202    
20170306141129015602041    
20170306141129015600751    
20170306141129015600421    
20170306141129015640532    
20170306141129015605021    
20170306141129015605031    
20170306141129015605042    
20170306141129015605123    
20170306141129015605142    
20170306141129015605151    
20170306141129015605163    
20170306141129015605203    
20170306141143023600032    
20170306141143023600042    
20170306141143023600104    
20170306141528799805164    
20170306141528799840201    
20170306141528799899016    
20170306141918028300102    
20170306141918028300033    
20170306141918028300043    
20170306141918028300061    
20170306141918028300071    
20170306141918028300211    
20170306141918028302011    
20170306141918028300401    
20170306141918028340551    
20170306141918028380014    
20170306141918028380021    
20170306141918028305022    
20170306141918028305121    
201703061422110248001015   
20170306142211024800037    
20170306142211024800046    
20170306142211024800571    
20170306142211024800082    
20170306142211024800065    
20170306142211024800072    
20170306142211024802031    
20170306142211024800201    
20170306142211024802041    
20170306142211024805043    
20170306142211024805145    
201703061422110248051510   
20170306142211024805163    
20170306142452008700034    
20170306142452008700042    
20170306142452008700106    
20170306142452008700201    
20170306142452008700281    
20170306142452008700401    
20170306142452008700571    
20170306142452008705021    
20170306142452008705033    
20170306142452008705042    
20170306142452008705152    
20170306142452008705162    
20170306142452008740211    
20170306142928016100101    
20170306142928016100041    
20170306142928016100061    
20170306142928016100072    
20170306142928016100281    
20170306142928016105042    
20170306142928016105152    
20170306142928016105173    
20170306142944006600034    
20170306142944006600045    
20170306142944006600451    
20170306142944006600109    
20170306143014005700032    
20170306143014005700041    
20170306143014005700103    
20170306143014005705121    
20170306143014005780011    
20170306143014005700071    
20170306143439009500104    
20170306143439009500032    
20170306143439009500042    
20170306143439009500062    
20170306143546008900033    
20170306143546008900042    
20170306143546008900106    
20170306143546008900062    
20170306143546008900073    
20170306143546008905154    
20170306143546008905172    
20170306143546008905042    
20170306143546008900221    
20170306143549007200104    
20170306143549007200033    
20170306143549007200041    
20170306143549007200211    
20170306143926023080024    
20170306143926023000061    
20170306143926023005021    
20170306143926023005041    
20170306143926023000211    
20170306143926023000201    
20170306143926023000031    
20170306143926023000041    
20170306143926023000103    
20170306143926023005172    
20170306143959013100103    
20170306143959013100032    
20170306143959013100041    
20170306143959013100062    
20170306143959013100211    
20170306143959013102042    
20170306143959013140525    
20170306143959013140535    
20170306143959013105021    
20170306143959013105031    
20170306143959013105042    
20170306143959013105081    
20170306143959013105141    
20170306143959013105152    
20170306143959013105162    
20170306143959013140111    
20170306143959013140392    
20170306144244027400101    
20170306144244027400031    
20170306144244027402042    
201703061442440274405210   
201703061442440274405310   
20170306144244027480014    
20170306144244027405141    
20170306144244027405152    
20170306144730003300107    
20170306144730003300034    
20170306144730003300042    
20170306144730003300081    
20170306144730003300231    
20170306144730003302041    
20170306144730003305031    
20170306144730003305041    
20170306145048006300107    
20170306145048006300033    
20170306145048006300044    
20170306145048006300074    
20170306145048006302026    
20170306145048006302011    
20170306145048006300212    
20170306145048006300281    
20170306145048006300631    
20170306145048006300751    
20170306145048006300581    
20170306145048006380018    
20170306145048006305011    
20170306145048006305022    
20170306145048006305038    
20170306145048006305042    
20170306145048006305125    
20170306145048006305152    
20170306145048006340112    
20170306145059800000039    
20170306145059800000046    
201703061450598000000630   
201703061450598000000722   
20170306145059800000088    
201703061450598000001015   
201703061450598000001310   
201703061450598000002011   
20170306145059800000218    
20170306145059800000224    
20170306145059800000232    
20170306145059800000281    
20170306145059800000304    
20170306145059800000402    
20170306145059800000451    
201703061450598000004910   
201703061450598000005734   
201703061450598000007212   
20170306145059800000757    
20170306145059800000771    
20170306145059800002011    
20170306145059800002033    
201703061450598000020415   
20170306145059800005011    
20170306145059800005025    
20170306145059800005036    
201703061450598000050420   
20170306145059800005084    
20170306145059800005125    
20170306145059800005148    
201703061450598000051515   
201703061450598000051717   
20170306145059800040118    
20170306145059800040132    
20170306145059800040175    
20170306145059800040395    
201703061450598000405275   
2017030614505980004053113  
20170306145059800080036    
20170306145059800085002    
201703061450598000990148   
20170306145059800099026    
20170306145123803300032    
20170306145123803300041    
20170306145123803300221    
20170306145123803300103    
20170306145123803305121    
20170306145123803340221    
20170306145335014400034    
20170306145335014400044    
20170306145335014400401    
20170306145335014400109    
20170306145335014400771    
20170306145335014405021    
20170306145335014405041    
20170306145335014480031    
20170306145335014400071    
20170306145431020000102    
20170306145431020000031    
20170306145431020000071    
20170306145621016900103    
20170306145621016900031    
20170306145621016900041    
20170306145621016900062    
20170306145621016900073    
20170306145621016900631    
20170306145621016940523    
20170306145621016940533    
20170306145621016940111    
20170306145621016940391    
20170306145700007900031    
20170306145700007900041    
20170306145700007900221    
20170306145700007905022    
20170306145700007940525    
20170306145705802300041    
20170306145705802300211    
20170306145705802300221    
20170306145705802300401    
20170306145705802305043    
20170306145705802305202    
20170306145705802340121    
20170306145705802305121    
20170306145739801800031    
20170306145739801800041    
20170306145739801800211    
20170306145739801800221    
20170306145739801800231    
20170306145739801800451    
20170306145739801800102    
20170306145739801800771    
20170306145739801805021    
20170306145739801805121    
20170306145739801805141    
20170306145739801805153    
20170306145739801840131    
20170306145739801800071    
20170306145739801840391    
20170306145803024600101    
20170306145803024600041    
20170306145803024600571    
20170306145803024600061    
20170306145803024600071    
20170306145803024605022    
20170306145803024605031    
20170306145803024605041    
20170306145803024605123    
20170306145803024605151    
20170306145803024605172    
20170306145803024680031    
20170306145832801800571    
20170306145832801800721    
20170306145832801805032    
20170306150017002000041    
20170306150017002000102    
20170306150017002080024    
20170306150154028305042    
20170306150413024700103    
20170306150413024700032    
20170306150413024700041    
20170306150413024700201    
20170306150413024740537    
20170306150413024780031    
20170306150413024705043    
20170306150413024705121    
20170306150413024705164    
20170306150413024705201    
20170306150413024740391    
20170306150413024702041    
20170306150435028305211    
20170306150512025500102    
20170306150512025500031    
20170306150512025500041    
20170306150512025500061    
20170306150512025500071    
20170306150512025500221    
20170306150512025580012    
20170306150512025505021    
20170306150512025505031    
20170306150512025505041    
20170306150512025505081    
20170306150859025800032    
20170306150859025800042    
20170306150859025800221    
20170306150859025800451    
20170306150859025800751    
20170306150859025800105    
20170306150859025805011    
20170306150859025840112    
20170306150859025800063    
20170306150859025840391    
201703061509128013000314   
201703061509128013000413   
20170306150912801300401    
201703061509128013001027   
20170306150912801300062    
20170306150918004100102    
20170306150918004100031    
20170306150918004100041    
20170306150918004100571    
20170306150918004100061    
20170306150918004100211    
20170306150918004100301    
20170306150918004105021    
20170306150918004105031    
20170306151155000300105    
20170306151155000300033    
20170306151155000300042    
20170306151155000300571    
20170306151155000300071    
20170306151155000300201    
20170306151155000340526    
20170306151155000340211    
20170306151155000305041    
20170306151155000305161    
20170306151155000340171    
20170306151221005740521    
20170306151328027900102    
20170306151328027900031    
20170306151328027900041    
20170306151328027900201    
20170306151328027900211    
20170306151328027900301    
20170306151328027902041    
20170306151328027905162    
20170306151355018900031    
20170306151355018900041    
20170306151355018900211    
20170306151355018900751    
20170306151355018900101    
20170306151355018900281    
20170306151355018905021    
20170306151355018905032    
20170306151355018905121    
20170306151355018905202    
20170306151355018940533    
20170306151355018902041    
20170306151417027905121    
20170306151707012500101    
20170306151707012500031    
20170306151707012580014    
20170306151707012505121    
20170306151707012540021    
20170306151707012505203    
20170306151707012540525    
20170306151936803000034    
20170306151936803000043    
20170306151936803000221    
20170306151936803000231    
20170306151936803000581    
20170306151936803000106    
20170306151936803005042    
20170306151936803005124    
20170306151936803005142    
20170306151936803040141    
20170306151936803040171    
20170306151936803005202    
20170306151936803000061    
20170306151936803000073    
20170306151936803002042    
20170306151957026600101    
20170306151957026600031    
20170306151957026600041    
20170306151957026600581    
20170306151957026600591    
20170306151957026605042    
20170306151957026605122    
20170306151957026605151    
20170306151957026605202    
20170306152034022700102    
20170306152034022700031    
20170306152034022700041    
20170306152034022700211    
201703061520340227405310   
20170306152034022705021    
20170306152034022705151    
20170306152521022900102    
20170306152521022900031    
20170306152521022900041    
20170306152521022900061    
20170306152521022905021    
20170306152521022905032    
20170306152521022905042    
20170306152521022905152    
20170306152554028100105    
20170306152554028100032    
20170306152554028100042    
20170306152554028100571    
20170306152554028100074    
20170306152554028140111    
20170306152554028100401    
20170306152627001100104    
20170306152627001100032    
20170306152627001100042    
20170306152627001100072    
20170306152627001102042    
20170306152627001100401    
20170306152627001105042    
20170306152627001140021    
20170306152701007600031    
20170306152701007600041    
20170306152701007600102    
20170306152947009300076    
20170306152947009305124    
20170306152947009300754    
20170306152947009305204    
20170306152947009300251    
201703061529470093050410   
201703061529470093051610   
20170306153102007700108    
20170306153102007700035    
20170306153102007700043    
20170306153102007700571    
20170306153102007700061    
20170306153102007700073    
20170306153102007705032    
20170306153102007700212    
201703061531320282001014   
201703061531320282000310   
20170306153132028200044    
20170306153132028200572    
20170306153132028200075    
20170306153132028240535    
20170306153132028240212    
201703061531320282405510   
20170306153132028205042    
20170306153316015900102    
20170306153316015900031    
20170306153316015900041    
20170306153720025540211    
20170306153734022300102    
20170306153734022300031    
20170306153734022300071    
20170306153734022300211    
20170306153734022300221    
20170306153734022300231    
20170306153734022302041    
20170306153734022305041    
20170306153734022380014    
20170306153831019300103    
20170306153831019300031    
20170306153831019300042    
20170306153831019300201    
20170306153831019300211    
20170306153831019302041    
20170306153831019305021    
20170306153831019305042    
20170306153831019305162    
20170306153831019340111    
201703061538310193405310   
20170306153831019380014    
20170306153831019380031    
20170306153949003800032    
20170306153949003800042    
20170306153949003800105    
20170306153949003805041    
20170306153949003840525    
20170306153949003802041    
20170306154108013300103    
20170306154108013300031    
20170306154108013300041    
20170306154109022100106    
20170306154109022100033    
20170306154109022100043    
20170306154109022100072    
20170306154109022100451    
20170306154109022102042    
20170306154109022105032    
20170306154241022400102    
20170306154241022400031    
20170306154241022400041    
20170306154241022400631    
20170306154241022440391    
20170306154241022405142    
20170306154241022405152    
20170306154241022405162    
20170306154241022440525    
20170306154653013000103    
20170306154653013000032    
20170306154653013000041    
20170306154653013000571    
20170306154653013002031    
20170306154653013000581    
20170306154653013000431    
20170306154912023900102    
20170306154912023900031    
20170306154912023900041    
20170306154912023900211    
20170306154912023905033    
20170306154912023905042    
20170306154912023905122    
20170306155016026900103    
20170306155016026900032    
20170306155016026900041    
20170306155016026900062    
20170306155016026900071    
20170306155016026902011    
20170306155016026985001    
20170306155016026902031    
20170306155016026900221    
20170306155016026902041    
20170306155016026900581    
20170306155016026980041    
20170306155016026905041    
20170306155120027800041    
20170306155120027800101    
20170306155120027805162    
20170306155120027805032    
20170306155120027840211    
20170306155120027800221    
201703061553250278405510   
