201703032250540088110110   
20170303225054008815044    
20170303225054008811051    
20170303225837023111265    
20170303225837023113083    
20170303225837023115045    
20170303225837023117041    
201703032325160190110110   
20170303232516019013011    
201703032338090343110230   
201703032338090343110310   
201703032338090343110510   
20170303233809034311061    
20170303233809034313085    
20170303233809034315061    
20170303233809034316101    
20170303233809034317212    
20170303233809034317252    
20170303233809034317351    
20170303233809034317421    
20170303233809034317471    
20170303233809034319031    
20170303233809034321071    
20170303233809034322041    
20170303233809034322671    
201703040031160011110120   
20170304003116001113011    
20170304003116001117161    
20170304003116001117031    
20170304003116001112123    
201703040031160011121320   
201703040102260284110230   
20170304010226028411064    
20170304010226028415061    
20170304010524011516041    
20170304010524011519221    
20170304010524011519231    
201703040105240115110310   
201703040117170156110240   
20170304011717015613013    
20170304011717015611057    
20170304011717015611066    
20170304011717015617091    
201703040124440322110210   
201703040124440322110310   
20170304012444032211053    
20170304012444032211062    
20170304012444032212131    
20170304012444032212142    
201703040130030069110215   
20170304013003006911053    
20170304013003006919231    
20170304013003006917041    
20170304013003006921061    
201703040154400197110210   
20170304015440019712141    
201703040154560087110330   
20170304015456008711051    
20170304015456008717351    
20170304015456008713011    
201703040205540247110215   
20170304020554024711053    
20170304020554024711063    
20170304020554024713011    
20170304020554024717351    
201703040205540247110310   
20170304020554024717421    
20170304021024028417421    
201703040220560345110220   
20170304022056034511052    
20170304022056034511064    
20170304022056034519201    
20170304022056034517351    
201703040220560345110310   
20170304022056034517421    
20170304022056034517471    
201703040226510116110120   
20170304022651011617041    
20170304022651011617031    
20170304022651011617301    
20170304022651011615123    
20170304022651011615061    
20170304022651011611263    
201703040234280242110230   
20170304023428024211055    
20170304023428024211065    
20170304023428024213013    
20170304023428024219222    
20170304023428024219232    
201703040237060076110210   
20170304023706007611051    
20170304023706007612132    
20170304024230008712134    
201703040246070150110110   
20170304024607015019221    
20170304024607015011051    
20170304024607015017031    
20170304024607015017421    
201703040247440222110210   
201703040247440222110310   
20170304024744022213012    
20170304024744022211052    
20170304024744022211063    
20170304024744022213086    
20170304024744022217031    
201703040306310181110210   
201703040306310181110310   
20170304030631018111055    
20170304030631018111062    
20170304030631018113091    
20170304030631018111261    
20170304030631018113086    
20170304030631018115044    
20170304030631018115061    
20170304030631018112132    
20170304030631018112141    
201703040308070279110310   
20170304030807027911053    
20170304030807027911061    
201703040311330185110210   
20170304031133018511052    
20170304031133018511061    
20170304031133018513011    
20170304031133018513091    
20170304031133018514011    
20170304031133018517191    
20170304031133018511072    
20170304031133018512135    
20170304031133018512141    
20170304031133018517041    
20170304031133018515061    
20170304031133018516042    
201703040311560327110220   
201703040311560327110310   
20170304031156032711053    
20170304031156032711062    
20170304031156032713012    
20170304031156032713083    
20170304031156032715061    
20170304031156032715132    
20170304031156032719201    
201703040317470237110320   
20170304031747023711052    
20170304031747023711073    
20170304031747023712134    
20170304031747023713011    
20170304031747023722041    
20170304031747023711162    
201703040318150029110210   
20170304031815002912136    
20170304031815002913011    
20170304031815002917351    
201703040325490320110220   
20170304032549032013012    
20170304032549032017351    
20170304032549032017421    
20170304032549032017451    
20170304032549032019201    
20170304032549032021171    
201703040346120121110210   
20170304034612012117011    
201703040355430071110210   
20170304035543007111053    
20170304035543007111063    
20170304035543007115061    
