20170110162952101911012    
20170110162952101911021    
20170110162952101911061    
20170110175522302011012    
20170110175522302011021    
20170110180411100211023    
20170110180411100211014    
20170110180411100211133    
20170110180841101211012    
20170110180841101211021    
20170110180841101212031    
20170110182534302411012    
20170110182534302411031    
20170110200747300111012    
20170110200747300111021    
20170110200817301411012    
20170110200817301411021    
20170110203612200811011    
20170110203612200811021    
20170110204004200111012    
20170110204146201011021    
20170110204146201011012    
20170110204730200511021    
20170110204730200511011    
20170110205049200611012    
20170110205049200611021    
