20170505214045112410014    
20170505214045112410132    
20170505214045112410293    
20170505214045112420024    
20170505214045112420051    
20170505214045112430103    
20170505214045112430312    
20170505214045112440271    
20170505214045112450012    
20170505214045112450071    
20170505214045112450091    
20170505214045112460202    
20170505214045112460222    
20170505214045112460292    
20170505214114105110011    
20170505214114105110131    
20170505214114105110172    
20170505214114105110292    
20170505214114105120021    
20170505214114105130221    
20170505214114105130231    
20170505214114105130291    
20170505214114105130331    
20170505214114105130641    
20170505214114105130682    
20170505214114105140231    
20170505214114105150011    
20170505214114105150071    
20170505214655109440081    
20170505214655109440135    
20170505214655109440211    
20170505214655109450011    
20170505214751109430103    
201705052147511094302810   
20170505231656110610013    
20170505231656110610132    
20170505231656110610142    
20170505231656110610171    
20170505231656110610291    
20170505231656110620014    
20170505231656110630041    
20170505231656110630103    
20170505231656110630121    
20170505231656110630221    
20170505231656110630292    
20170505231656110630311    
20170505231656110630492    
20170505231656110640251    
20170505231656110640321    
20170505231656110650011    
20170505231656110660281    
20170505231656110660292    
20170505231656110691941    
20170505233835108720012    
20170505233835108720051    
20170505233835108720071    
20170505233835108730222    
20170505233835108730232    
20170505233835108730278    
20170505233835108730288    
20170505233835108730291    
20170505233835108730311    
20170505233835108740231    
20170505233835108740252    
20170505233835108740272    
20170505233835108750012    
20170505233835108750062    
20170505233835108750081    
20170505233835108760021    
20170505233835108760093    
20170505233835108760121    
20170505233835108760171    
20170505233835108760201    
20170505233835108760222    
20170505233835108760301    
20170505233835108760371    
20170505234000108730512    
