20171204105636802000102    
20171204105636802000031    
20171204105636802000041    
20171204105636802000072    
20171204105636802000211    
20171204105636802000581    
20171204105636802080014    
20171204105636802080021    
20171204105636802005022    
20171204105636802005042    
20171204105636802005122    
20171204105636802040131    
20171204105905023700102    
20171204105905023700041    
20171204105905023705141    
20171204105905023705121    
20171204105905023700281    
20171204105905023740391    
20171204105905023702041    
20171204105905023700031    
20171204111554006200102    
20171204111554006200032    
20171204111554006205021    
20171204112308027700104    
20171204112308027700032    
20171204112308027700042    
20171204112308027700571    
20171204112308027700071    
20171204112308027700211    
20171204112308027702041    
20171204112308027700281    
20171204112308027700752    
20171204112308027740391    
20171204112308027740021    
20171204112308027740131    
20171204112308027740201    
20171204112308027740213    
201712041123080277405520   
20171204112308027705021    
20171204112308027705032    
20171204112308027705042    
20171204112308027705121    
20171204112308027705154    
20171204112308027705164    
20171204115230002700033    
20171204115230002700043    
20171204115230002700106    
20171204115430801800031    
20171204115430801800041    
20171204115430801800211    
20171204115430801800103    
20171204115430801800771    
20171204115430801805021    
20171204115430801805142    
20171204115430801805152    
20171204115430801805161    
20171204115430801800061    
20171204115430801840391    
20171204115430801802041    
20171204120512801900032    
20171204120512801900041    
20171204120512801900202    
20171204120512801900731    
20171204120512801900103    
20171204120512801905044    
20171204120512801905122    
20171204120512801905154    
20171204120512801980014    
20171204120512801900061    
20171204120512801902041    
20171204123704802100031    
20171204123704802100041    
20171204123704802100201    
20171204123704802100211    
20171204123704802100251    
20171204123704802100102    
20171204123704802105021    
20171204123704802105041    
20171204123704802105122    
20171204123704802105152    
20171204123704802105161    
20171204123704802180014    
20171204123704802102041    
20171204125853801905176    
20171204130137801400033    
20171204130137801400042    
20171204130137801400581    
20171204130137801400106    
20171204130137801405021    
20171204130137801405032    
20171204130137801405041    
20171204130137801405124    
20171204130137801405151    
20171204130137801405171    
20171204130137801405201    
20171204130137801480013    
20171204130137801480022    
20171204131630801300035    
20171204131630801300044    
20171204131630801300226    
20171204131630801300302    
201712041316308013001010   
20171204131630801300081    
20171204131630801300066    
20171204132134803800033    
20171204132134803800043    
20171204132134803800201    
20171204132134803800221    
20171204132134803800631    
20171204132134803800106    
20171204132134803805154    
20171204132134803805201    
20171204132134803880014    
20171204132134803805211    
20171204132134803800074    
20171204132158500200032    
20171204132158500200042    
20171204132158500200571    
20171204132158500200754    
20171204132158500200104    
20171204132158500205147    
20171204132158500205157    
20171204132158500240141    
201712041321585002405310   
20171204132158500280014    
20171204132158500200074    
20171204132158500280055    
20171204132158500280096    
20171204132158500280106    
20171204132317500299011    
20171204132317500299021    
20171204132443028200103    
20171204132443028200033    
20171204132443028200042    
20171204132807028200107    
20171204132807028200034    
20171204132807028200043    
20171204132807028200063    
20171204132807028200076    
20171204132807028200281    
20171204132807028240525    
20171204132807028240535    
20171204132807028240392    
20171204132807028240131    
20171204133927802300102    
20171204133927802300031    
20171204133927802300041    
20171204133927802300221    
20171204133927802380014    
20171204133927802305022    
20171204133927802305152    
20171204133927802305162    
20171204133927802305201    
20171204133927802340115    
20171204134418020700103    
20171204134418020700031    
20171204134418020700041    
20171204134418020700062    
20171204134418020700072    
20171204134418020700211    
20171204134418020700221    
20171204134418020700251    
20171204134418020700631    
20171204134418020740121    
20171204134418020740525    
20171204134418020740535    
20171204134418020740113    
20171204134418020705021    
20171204134418020705031    
20171204134418020705143    
20171204134418020780014    
20171204134418020780022    
20171204135017028500031    
20171204135017028500041    
20171204135017028500102    
20171204135017028500201    
20171204135017028500221    
20171204135017028505032    
20171204135017028580101    
20171204135030011405023    
20171204135030011440525    
20171204135030011400062    
20171204135030011405044    
20171204135030011400032    
20171204135030011400041    
20171204135030011400102    
20171204135112003200032    
20171204135112003200043    
20171204135112003200105    
20171204135112003200571    
20171204135112003200062    
20171204135112003200072    
20171204135112003200752    
20171204135112003205153    
20171204135112003205033    
20171204135112003200281    
20171204135256023400201    
20171204135256023400231    
20171204135256023400301    
20171204135256023400211    
20171204135256023400071    
20171204135256023405032    
20171204135256023405042    
20171204135256023405202    
20171204135256023480021    
20171204135256023480012    
201712041359278027000730   
20171204135927802700403    
20171204135927802700452    
201712041359278027990142   
201712041359278027990242   
201712041401258003002110   
20171204140125800340393    
20171204140424023200107    
20171204140424023200035    
20171204140424023200042    
20171204140424023200571    
20171204140424023200061    
20171204140424023200074    
20171204140424023200201    
20171204140424023200211    
20171204140424023200281    
20171204140424023202041    
20171204140424023240201    
20171204140424023200773    
20171204140424023200401    
201712041404240232800112   
20171204140424023205034    
20171204140424023205042    
20171204140424023205125    
201712041404240232051510   
20171204140424023205164    
20171204140424023205174    
20171204140729026600102    
20171204140729026600031    
20171204140729026600041    
20171204140729026600211    
20171204140729026602041    
20171204140729026680012    
20171204140729026680022    
20171204140729026605011    
20171204140729026605021    
20171204140729026605031    
20171204140729026605041    
20171204140729026605122    
20171204140729026605151    
20171204140729026605161    
20171204140729026605202    
20171204140729800200286    
20171204140729800200721    
201712041407298002007510   
20171204140729800202031    
20171204140729800202046    
20171204140729800205038    
201712041407298002050410   
20171204140729800205121    
201712041407298002051510   
20171204140729800205214    
20171204140729800240014    
20171204140729800240145    
201712041407298002800116   
20171204140729800280031    
20171204140729800280041    
201712041407298002990124   
20171204140729800299026    
20171204140938802500031    
20171204140938802500571    
20171204140938802500101    
20171204140938802505021    
20171204140938802505121    
20171204140938802505152    
20171204140938802580021    
20171204140938802500061    
20171204140938802500071    
20171204140938802502041    
20171204141350800000033    
20171204141350800000042    
20171204141350800000103    
20171204141521800040525    
20171204141722801840525    
20171204141722801880014    
20171204142537005700032    
20171204142537005700041    
20171204142537005700103    
20171204142537005700731    
20171204142537005705121    
20171204142537005780011    
20171204142537005700072    
20171204142537005705221    
20171204142548780305021    
20171204142548780399014    
20171204142814024700102    
20171204142814024700031    
20171204142814024700041    
201712041428140247405312   
20171204142814024705031    
20171204142814024705042    
20171204142814024705162    
20171204142814024705021    
20171204142907780000031    
20171204142907780000042    
20171204142907780000102    
20171204142907780000212    
20171204142907780000231    
20171204142907780000251    
20171204142907780000401    
20171204142907780000451    
20171204142907780005025    
20171204142907780005122    
20171204142907780005142    
20171204142907780005173    
20171204143140007900103    
20171204143140007900031    
20171204143140007900041    
20171204143140007900072    
20171204143140007905022    
20171204143140007905032    
20171204143140007905151    
20171204143423780500081    
20171204143423780500281    
20171204143423780500571    
20171204143423780502041    
20171204143423780505154    
20171204143423780505172    
201712041434237805405210   
201712041434237805405325   
20171204143423780599026    
20171204143526014400033    
20171204143526014400043    
20171204143526014400211    
20171204143526014400107    
20171204143526014400771    
20171204143526014405031    
20171204143526014405041    
20171204143526014402041    
20171204144057801500034    
20171204144057801500043    
20171204144057801500201    
20171204144057801500211    
20171204144057801500221    
20171204144057801500251    
20171204144057801500401    
20171204144057801500571    
20171204144057801500108    
20171204144057801500081    
20171204144057801500771    
20171204144057801505021    
20171204144057801505034    
20171204144057801505042    
20171204144057801505121    
20171204144057801505141    
20171204144057801505158    
20171204144057801505164    
20171204144057801540112    
20171204144057801540171    
20171204144057801505202    
20171204144057801580016    
20171204144057801580022    
20171204144057801500062    
20171204144057801500072    
20171204144057801502042    
20171204144234025500102    
20171204144234025500031    
20171204144234025500041    
20171204144234025500061    
20171204144234025500211    
20171204144234025505021    
20171204144234025505032    
20171204144234025505041    
20171204144249801600033    
20171204144249801600042    
20171204144249801600201    
20171204144249801600211    
20171204144249801600221    
20171204144249801600231    
20171204144249801600751    
20171204144249801600105    
20171204144249801600772    
20171204144249801605012    
20171204144249801605033    
20171204144249801605043    
20171204144249801605121    
20171204144249801605141    
20171204144249801605164    
20171204144249801640112    
201712041442498016405210   
201712041442498016405310   
20171204144249801680016    
20171204144249801680022    
20171204144249801600061    
20171204144249801600071    
20171204144249801602041    
20171204144419023000031    
20171204144419023000041    
20171204144419023005122    
20171204144419023000731    
20171204144419023080014    
20171204144419023080024    
20171204144419023000571    
20171204144419023005152    
20171204144419023005172    
20171204144419023000201    
20171204144748027900102    
20171204144748027900031    
20171204144748027900041    
20171204144748027900221    
20171204144748027900591    
20171204144748027940535    
20171204144748027905033    
20171204144748027905121    
20171204144748027905141    
20171204144748027905152    
20171204144748027905162    
20171204144748027980071    
20171204144748027940391    
20171204144748027940111    
20171204144748027940131    
201712041454440063001011   
20171204145444006300037    
20171204145444006300044    
20171204145444006300571    
20171204145444006300072    
20171204145444006300201    
20171204145444006300212    
20171204145444006300221    
20171204145444006300721    
20171204145444006300751    
20171204145444006300401    
20171204145444006300581    
20171204145444006340525    
20171204145444006340535    
20171204145444006380014    
20171204145444006305021    
20171204145444006305038    
20171204145444006305221    
20171204145444006305125    
20171204145444006305143    
20171204145444006305164    
20171204145444006305152    
20171204145812020000103    
20171204145812020000032    
20171204145812020000041    
20171204145812020000081    
20171204145812020000061    
20171204145812020000071    
20171204145812020000721    
20171204145812020005042    
20171204145812020005123    
20171204145918780200574    
20171204145918780299016    
20171204145926804000032    
20171204145926804000042    
20171204145926804000103    
20171204145926804005142    
20171204145926804005152    
20171204145926804005201    
20171204150027027940525    
20171204150029804005121    
20171204150222780600202    
201712041502227806002110   
20171204150222780600222    
20171204150222780600232    
20171204150222780600252    
20171204150222780600722    
201712041502227806007721   
201712041502227806050210   
20171204150222780605143    
201712041502227806051513   
20171204150222780605173    
201712041502227806405230   
201712041502227806405330   
20171204150222780680071    
201712041502227806990112   
201712041502227806990212   
20171204150419803900034    
20171204150419803900043    
20171204150419803900401    
20171204150419803900107    
201712041504198039050410   
201712041504198039051710   
20171204150446023999016    
20171204150446023999026    
20171204150446023900211    
20171204150446023905042    
20171204150503018900031    
20171204150503018900041    
20171204150503018900103    
20171204150503018905021    
20171204150503018905042    
20171204150503018905141    
20171204150503018940112    
20171204150503018940131    
20171204150503018940534    
20171204150507027600031    
20171204150507027600041    
20171204150507027600102    
20171204150507027605032    
20171204150514002000103    
20171204150514002000032    
20171204150514002000041    
20171204150514002005161    
20171204150514002005041    
20171204150514028800032    
20171204150514028800042    
20171204150514028800062    
20171204150514028800072    
20171204150514028800081    
20171204150514028800104    
20171204150514028800201    
20171204150514028800211    
20171204150514028805021    
20171204150514028805031    
20171204150514028805042    
20171204150514028805152    
20171204150514028805162    
20171204150514028880012    
20171204150514028880021    
20171204150514028880031    
20171204150514028880041    
20171204150541799800283    
20171204150541799802042    
20171204150541799805163    
20171204150541799899013    
20171204150612801700035    
20171204150612801700045    
20171204150612801700201    
20171204150612801700212    
20171204150612801700221    
20171204150612801700251    
20171204150612801700571    
20171204150612801700631    
20171204150612801700722    
20171204150612801700752    
20171204150612801700301    
20171204150612801700109    
20171204150612801705022    
20171204150612801705033    
20171204150612801705041    
20171204150612801705122    
20171204150612801705142    
20171204150612801705152    
20171204150612801705162    
20171204150612801740112    
20171204150612801780018    
20171204150612801780022    
20171204150612801780031    
20171204150612801700062    
20171204150612801700073    
20171204150612801740391    
20171204150612801702041    
20171204150621004100102    
20171204150621004100031    
20171204150621004100041    
20171204150621004100061    
20171204150621004105031    
20171204150737020000101    
201712041508520248001017   
20171204150852024800039    
20171204150852024800047    
20171204150852024800571    
20171204150852024800083    
20171204150852024800064    
20171204150852024800072    
20171204150852024800771    
20171204150852024800401    
20171204150852024805042    
20171204150852024805221    
20171204150852024805148    
201712041508520248051525   
20171204150852024805161    
20171204150907019800037    
20171204150907019800044    
201712041509070198001013   
20171204150907019800441    
20171204150937029200031    
20171204150937029200041    
20171204150937029200102    
20171204150937029200211    
20171204150937029205161    
20171204150937029240112    
20171204150937029240522    
20171204150937029240531    
20171204150937029280012    
20171204150937029280021    
20171204150948780100061    
20171204150948780100076    
20171204150948780100211    
20171204150948780100231    
20171204150948780100571    
20171204150948780100581    
20171204150948780100631    
20171204150948780100771    
20171204150948780102041    
20171204150948780105021    
20171204150948780105032    
20171204150948780105122    
20171204150948780105141    
20171204150948780105155    
20171204150948780105172    
201712041509487801405310   
201712041509487801990115   
201712041509487801990210   
20171204151016803000032    
20171204151016803000042    
20171204151016803000104    
20171204151059027405151    
20171204151059027405141    
20171204151059027400772    
20171204151059027400102    
20171204151059027400031    
20171204151059027400041    
20171204151143013000103    
20171204151143013000032    
20171204151143013000041    
20171204151143013000571    
20171204151143013005221    
20171204151143013000401    
20171204151143022700102    
20171204151143022700031    
20171204151143022700041    
20171204151452780700033    
20171204151452780700042    
20171204151452780700076    
20171204151452780700105    
20171204151452780700211    
20171204151452780700301    
20171204151452780700572    
20171204151452780700751    
20171204151452780700771    
20171204151452780705021    
20171204151452780705041    
20171204151452780705122    
20171204151452780705174    
20171204151452780740111    
201712041514527807405210   
201712041514527807405310   
20171204151643016100108    
20171204151643016100034    
20171204151643016100044    
20171204151801019500103    
20171204151801019500032    
20171204151801019500041    
20171204151801019500571    
20171204151801019500061    
20171204151801019500074    
20171204151801019505201    
20171204151801019500301    
20171204151801019500721    
20171204151801019500581    
201712041518010195405210   
201712041518010195405310   
20171204151801019540211    
20171204151801019505021    
20171204151801019505033    
20171204151801019505043    
20171204151801019505143    
20171204151801019505155    
20171204151801019540021    
20171204151801019540111    
20171204151801019540392    
20171204151856026800103    
20171204151856026800031    
20171204151856026800042    
20171204151856026800072    
20171204151856026800571    
20171204151856026800751    
20171204151856026800401    
20171204152046802400031    
20171204152046802400041    
20171204152046802400211    
20171204152046802400221    
20171204152046802400571    
20171204152046802400102    
20171204152046802400771    
20171204152046802405023    
20171204152046802405041    
20171204152046802405154    
20171204152046802440131    
20171204152046802440525    
20171204152046802480024    
20171204152046802400061    
20171204152046802400071    
20171204152046802402041    
20171204152050029300033    
20171204152050029300042    
20171204152050029300072    
20171204152050029300105    
20171204152050029300571    
20171204152050029300731    
20171204152050029300751    
20171204152050029300771    
20171204152050029305021    
20171204152050029305141    
20171204152050029305151    
20171204152050029340391    
20171204152050029380014    
20171204152253804000041    
20171204152253804000102    
20171204152411008900033    
20171204152411008900042    
20171204152411008900105    
20171204152411008900072    
20171204152411008900571    
20171204152411008900061    
20171204152411008905154    
20171204152411008905173    
20171204152411008905032    
20171204152411008905021    
20171204152411008905042    
20171204152434013100102    
20171204152434013100031    
20171204152434013100081    
20171204152434013105172    
20171204152446006700031    
20171204152446006700101    
20171204152446006700071    
20171204152446006700201    
20171204152507015600571    
20171204152507015600065    
20171204152507015600073    
20171204152507015600201    
20171204152507015600211    
20171204152507015640522    
20171204152507015640532    
20171204152507015640211    
20171204152507015605021    
20171204152507015605032    
20171204152507015605041    
20171204152507015605142    
20171204152507015605155    
20171204152507015605203    
20171204152517026900103    
20171204152517026900032    
20171204152517026900041    
20171204152517026900571    
20171204152517026900061    
20171204152517026900071    
20171204152517026980031    
20171204152517026905075    
20171204152517026940112    
20171204152517026940171    
20171204152517006600033    
20171204152517006600043    
20171204152517006600106    
20171204152828004805042    
20171204152828004805152    
20171204152828004805021    
20171204152828004800571    
20171204152828004800103    
20171204152828004800032    
20171204152828004800041    
20171204152842024600103    
20171204152842024600032    
20171204152842024600041    
20171204152842024600571    
20171204152842024600071    
20171204152842024600201    
20171204152842024605122    
20171204152842024605173    
20171204152842024680031    
20171204153030008200032    
20171204153030008200042    
20171204153030008200104    
20171204153030008205033    
20171204153030008205043    
20171204153030008200071    
20171204153143028700031    
20171204153143028700041    
20171204153143028700102    
20171204153143028740171    
20171204153143028780011    
20171204153143028780022    
20171204153202022100104    
20171204153202022100032    
20171204153202022100042    
20171204153202022100062    
20171204153202022102041    
20171204153233016900102    
20171204153233016900031    
20171204153233016900041    
20171204153233016940525    
20171204153233016940535    
20171204153233016905155    
20171204153241028600031    
20171204153241028600041    
20171204153241028600062    
20171204153241028600281    
20171204153249022900102    
20171204153249022900031    
20171204153249022900041    
20171204153249022900061    
20171204153249022900071    
20171204153249022905032    
20171204153249022905152    
201712041533380077001014   
20171204153338007700038    
20171204153338007700045    
20171204153338007700572    
20171204153338007700062    
20171204153338007700075    
20171204153338007700401    
20171204153338007740525    
20171204153338007700222    
20171204153338007780071    
20171204153338007705033    
20171204153338007700213    
20171204153406003300103    
20171204153406003300032    
20171204153406003300041    
20171204153406003340525    
20171204153406003305021    
20171204153406003305031    
20171204153406003305142    
20171204153435802300211    
20171204153435802300431    
20171204153435802340131    
20171204153509001100107    
20171204153509001100033    
20171204153509001100044    
20171204153509001100572    
20171204153509001100072    
20171204153509001100631    
20171204153509001102041    
20171204153509001100591    
20171204153509001105042    
20171204153509001105153    
20171204153641028300041    
20171204153641028300731    
20171204153641028300101    
20171204153641028380011    
20171204153643019300104    
20171204153643019300032    
20171204153643019300042    
20171204153643019300571    
20171204153643019300061    
20171204153643019300071    
20171204153643019300201    
20171204153643019300211    
20171204153643019300221    
20171204153643019380101    
20171204153643019340535    
20171204153643019380031    
20171204153643019305021    
20171204153643019305042    
20171204153643019305141    
20171204153643019305152    
20171204153643019305162    
20171204153643019340112    
20171204153655020100102    
20171204153655020100031    
20171204153655020100041    
20171204153655020100081    
20171204153655020100201    
20171204153655020100221    
20171204153655020180014    
20171204153717012500101    
20171204153717012500041    
20171204153717012505121    
20171204153717012505151    
20171204153717012505172    
20171204153920600400302    
20171204153920600400282    
20171204153920600402042    
20171204153920600400222    
20171204153920600400213    
20171204153920600400202    
20171204153920600402032    
20171204153920600480031    
20171204153920600480014    
20171204153920600480024    
20171204153920600400771    
20171204153920600405023    
20171204153920600405042    
20171204153920600405153    
20171204153955010700033    
20171204153955010700043    
20171204153955010700106    
20171204153955010700212    
20171204153955010700062    
20171204153955010700072    
20171204153955010700721    
20171204154026022399016    
20171204154026022399026    
20171204154026022300571    
20171204154026022300074    
20171204154026022305203    
20171204154026022380012    
20171204154026022380022    
20171204154026022300211    
20171204154026022340112    
20171204154026022300081    
20171204154026022300061    
20171204154026022305172    
20171204154026022305152    
20171204154026022305142    
20171204154026022305041    
201712041540260223405210   
20171204154026022300221    
20171204154026022302041    
20171204154035600400222    
20171204154235013300102    
20171204154235013300032    
20171204154235013300041    
20171204154235013305011    
20171204154235013340392    
20171204154256008700034    
20171204154256008700042    
20171204154256008700061    
20171204154256008700076    
20171204154256008700106    
20171204154256008700211    
20171204154256008700301    
20171204154256008700571    
20171204154256008705031    
20171204154256008705041    
20171204154256008705122    
20171204154256008705141    
20171204154256008705156    
20171204154256008740535    
20171204154359803300031    
20171204154359803300041    
20171204154359803300102    
20171204154359803340212    
20171204154359803340534    
20171204154359803380021    
20171204154942007200103    
20171204154942007200033    
20171204154942007200211    
20171204155126025800201    
20171204155126025800221    
20171204155126025800081    
20171204155126025840113    
20171204155126025840141    
20171204155126025840171    
20171204155126025805201    
20171204155126025840525    
20171204155126025800072    
20171204155126025802041    
20171204155405028900041    
20171204155508028900072    
20171204155512009500106    
20171204155512009500033    
20171204155512009500043    
20171204155538028980012    
20171204155758022400104    
20171204155758022400032    
20171204155758022400042    
20171204155758022400571    
20171204155758022400072    
20171204155758022405032    
20171204155829029300221    
20171204155908007600032    
20171204155908007600042    
20171204155908007600104    
20171204155908007600071    
20171204155908007605011    
20171204160101013100102    
20171204160101013100031    
20171204160101013100081    
20171204160101013105172    
20171204160123025700102    
20171204160123025700031    
20171204160123025700041    
20171204160123025700061    
20171204160123025700221    
20171204160123025780012    
20171204160123025705041    
20171204160123025705151    
20171204160123025705161    
