201711062111371143100010   
201711062113151128100020   
20171106211315112813041    
20171106212959500113073    
20171106212959500113082    
20171106212959500114042    
20171106212959500115131    
20171106212959500131002    
20171106212959500132051    
20171106212959500151053    
20171106212959500151081    
20171106213134101712072    
20171106213134101712085    
20171106213134101712123    
20171106213134101713071    
20171106213134101714031    
20171106213134101717011    
201711062151397001120010   
201711062151397001120112   
20171106215139700112031    
201711062151397001120412   
20171106215139700112181    
20171106215139700112191    
20171106215139700112201    
20171106215139700112211    
20171106215139700113054    
201711062151397001133012   
20171106215139700114043    
20171106215139700114105    
20171106215139700114125    
20171106215139700114154    
20171106215139700115301    
20171106215139700116052    
20171106215139700130041    
20171106215139700130051    
20171106215139700130081    
20171106215139700133035    
20171106215139700150013    
201711062151397001500512   
20171106215139700150082    
20171106215139700150104    
20171106215139700150126    
20171106215139700151032    
20171106215139700151058    
20171106215139700152103    
201711062151397001521810   
20171106215139700152302    
20171106215139700152403    
20171106215139700153233    
20171106215139700153243    
20171106215139700154165    
20171106215139700154205    
201711062151397001542110   
20171106215139700154236    
20171106215139700154312    
20171106215139700154383    
201711062151397001544220   
20171106215139700154466    
20171106215139700171604    
20171106215139700175318    
20171107062808100115031    
20171107062808100154281    
20171107062808100180035    
20171107062808100180443    
201711070915041159100010   
201711070915041159120930   
201711070928011069100020   
201711070958131043100010   
20171107095813104313091    
201711071006591147100010   
20171107100659114712081    
20171107100659114713072    
20171107100659114713092    
20171107100659114714001    
20171107100659114714011    
20171107100659114714021    
20171107100659114714191    
20171107100659114715051    
20171107100659114716031    
201711071014101063100030   
20171107101410106312072    
20171107101410106316011    
201711071041021005100020   
20171107104102100513021    
20171107104102100513081    
20171107104102100514002    
20171107104102100514012    
20171107104102100514024    
20171107104102100515052    
20171107104102100515142    
20171107104102100554263    
201711071041561031130910   
201711071041561031542630   
20171107104636114313031    
20171107104636114313071    
20171107104636114314002    
20171107104636114314062    
20171107104636114315142    
20171107104636114354261    
201711071108061174100110   
20171107111354110012075    
20171107111354110013021    
20171107111354110013072    
20171107111354110014032    
20171107111354110015142    
20171107111354110016031    
20171107111354110053031    
20171107111544115613094    
20171107111544115614025    
201711071115441156140710   
201711071115441156150520   
20171107111544115616035    
201711071115441156542610   
20171107115440115513031    
201711071155504004100010   
20171107115641106910021    
201711071255201071100010   
20171107125520107112075    
201711071255201071120910   
20171107125520107113091    
20171107125520107115042    
20171107125520107116011    
201711071301381039100020   
201711071301381039120920   
20171107130138103915001    
20171107132438117113001    
20171107132438117114195    
201711071324381171150510   
20171107132438117154263    
201711071325024004100010   
20171107132620110314022    
20171107132620110314033    
20171107132620110314041    
20171107132620110314092    
20171107132620110316011    
20171107132624700212211    
20171107132624700214011    
20171107132624700231001    
20171107132624700250081    
20171107132624700251052    
20171107132624700252002    
201711071326247002520710   
20171107133315110310021    
201711071333421130100010   
20171107133342113012084    
20171107133342113012124    
20171107133342113013081    
20171107133342113014001    
20171107133342113014022    
20171107133342113014042    
201711071333421130150510   
20171107133342113015142    
20171107133342113016031    
20171107133342113054264    
20171107133754112513043    
20171107133754112513091    
201711071353431110100010   
20171107135343111013315    
201711071353431110150510   
20171107135343111016022    
20171107135343111054263    
201711071357451152120710   
