20171019141338100810011    
20171019141338100810021    
20171019141338100810041    
20171019141338100810081    
20171019141338100810091    
20171019141338100810132    
20171019141338100810188    
20171019141338100810203    
20171019141338100810222    
20171019141338100810261    
20171019141338100820001    
20171019141338100820015    
20171019141338100820062    
20171019141338100820081    
20171019141338100830021    
20171019141338100840002    
20171019141338100840016    
20171019141338100840023    
20171019141338100840051    
20171019141338100840151    
20171019141338100841035    
20171019151908202810021    
20171019151908202810041    
201710191519082028101810   
20171019151908202810202    
20171019151908202810224    
20171019151908202810262    
20171019151908202820001    
201710191519082028310320   
20171019151908202840031    
20171019151908202840051    
20171019151908202841033    
20171019151908202841051    
201710191556521036100320   
20171019155652103610183    
20171019155652103610202    
20171019155652103641035    
20171019172321102010022    
20171019172321102010032    
20171019172321102010041    
20171019172321102010081    
20171019172321102010091    
20171019172321102010138    
201710191723211020101810   
20171019172321102010202    
20171019172321102010228    
20171019172321102010262    
20171019172321102020001    
201710191723211020300410   
20171019172321102030071    
20171019172321102031031    
20171019172321102040031    
20171019172321102040051    
20171019172321102040123    
20171019172321102041035    
20171019172321102041041    
20171019175354100110011    
20171019175354100110021    
20171019175354100110031    
20171019175354100110041    
20171019175354100110133    
20171019175354100110188    
20171019175354100110202    
20171019175354100110223    
20171019175354100110266    
20171019175354100120011    
20171019175354100120051    
20171019175354100120065    
20171019175354100140031    
20171019175354100140053    
20171019175354100140122    
20171019175354100140151    
20171019175354100140191    
20171019175354100141037    
20171019175354100141041    
20171019175354100141051    
20171019175354100141071    
20171019184056204810042    
20171019184056204810134    
20171019184056204810181    
20171019184056204810201    
20171019184056204810223    
20171019184056204810263    
20171019184056204820001    
20171019184056204840051    
20171019184056204841032    
20171019184056204841041    
20171019184056204841051    
20171019184056204841071    
20171019184056204877791    
20171019184056204877801    
20171019184056204877811    
20171019185236204410021    
201710191852362044100320   
20171019185236204410042    
20171019185236204410081    
20171019185236204410134    
20171019185236204410162    
20171019185236204410184    
20171019185236204410191    
20171019185236204410201    
20171019185236204410221    
20171019185236204420061    
20171019185236204440002    
20171019185236204440014    
20171019185236204440022    
20171019185236204440052    
20171019185236204440096    
20171019185236204440191    
20171019185236204441032    
20171019185236204441042    
20171019185236204450011    
20171019185732103410031    
20171019185732103410041    
20171019185732103410138    
20171019185732103410185    
20171019185732103410202    
20171019185732103410223    
20171019185732103410263    
20171019185732103420061    
20171019185732103440151    
20171019185732103441035    
20171019192352104010021    
201710191923521040100340   
20171019192352104010042    
20171019192352104010134    
20171019192352104010181    
20171019192352104010201    
20171019192352104010223    
20171019192352104010264    
201710191923521040300410   
20171019192352104040002    
20171019192352104040014    
20171019192352104040021    
20171019192352104040031    
20171019192352104040151    
20171019192352104041033    
20171019192352104041041    
20171019192352104077791    
201710191938301046100320   
20171019193830104610041    
20171019193830104610183    
20171019193830104610191    
20171019193830104610201    
20171019193830104610222    
20171019193830104620062    
201710191938301046310320   
20171019193830104640051    
20171019193830104640191    
20171019193830104641032    
20171019193830104650041    
20171019195805205010021    
201710191958052050100320   
20171019195805205010043    
20171019195805205010051    
20171019195805205010081    
20171019195805205010165    
20171019195805205010188    
20171019195805205010204    
20171019195805205010223    
20171019195805205020001    
20171019195805205040031    
20171019195805205040052    
20171019195805205040096    
20171019195805205040151    
20171019195805205041034    
20171019195805205041042    
20171019195805205077792    
20171019195805205077802    
201710191958142047100320   
20171019195814204710041    
20171019195814204710051    
20171019195814204710133    
20171019195814204710201    
20171019195814204710222    
20171019195814204720001    
201710191958142047310315   
20171019195814204740051    
20171019195814204740061    
20171019195814204740191    
20171019195814204741032    
20171019195814204741071    
20171019201219204420001    
20171019201601202510021    
201710192016012025100320   
20171019201601202510041    
20171019201601202510061    
20171019201601202510073    
20171019201601202510102    
20171019201601202510131    
20171019201601202510163    
20171019201601202510185    
20171019201601202510261    
20171019201601202520001    
20171019201601202530121    
20171019201601202540051    
20171019201601202541032    
20171019201601202541061    
20171019201717103510011    
20171019201717103510021    
20171019201717103510031    
20171019201717103510091    
20171019201717103510222    
20171019201717103540001    
20171019201717103540012    
20171019201717103540021    
20171019201717103540031    
20171019201717103540151    
20171019201717103541032    
20171019203035104510021    
201710192030351045100320   
20171019203035104510041    
20171019203035104510138    
20171019203035104510191    
20171019203035104510202    
20171019203035104510262    
201710192030351045310310   
20171019203035104540001    
20171019203035104540013    
20171019203035104540021    
20171019203035104541031    
20171019203436204010022    
20171019203436204010132    
20171019203436204010162    
20171019203436204010182    
20171019203436204010202    
20171019203436204010221    
20171019203436204010261    
20171019203436204020001    
20171019203436204030061    
20171019203436204040191    
20171019203436204041031    
20171019203436204050011    
20171019203436204060081    
20171019203436204061021    
20171019203436204061042    
20171019205741202540111    
20171019212120103310011    
20171019212120103310022    
20171019212120103310042    
20171019212120103330061    
20171019212120103340014    
20171019212120103340023    
20171019212120103340051    
20171019212120103340151    
20171019212120103310032    
20171019212120103341036    
20171019212120103341041    
20171019212120103310261    
20171019212120103340191    
20171019212120103340102    
20171019212416203510021    
201710192124162035100320   
20171019212416203510061    
20171019212416203510182    
20171019212416203510191    
20171019212416203510202    
20171019212416203540031    
20171019212416203541032    
20171019212416203541041    
20171019221413104110021    
201710192214131041100320   
20171019221413104110042    
20171019221413104110061    
20171019221413104110091    
20171019221413104110133    
20171019221413104110191    
20171019221413104110202    
20171019221413104110222    
20171019221413104110262    
20171019221413104120001    
20171019221413104120062    
20171019221413104130121    
20171019221413104140031    
20171019221413104141035    
20171019221413104141041    
20171019225651103630071    
20171019225651103640153    
20171019225924203710011    
20171019225924203710022    
20171019225924203710032    
20171019225924203710043    
20171019225924203710061    
20171019225924203710102    
20171019225924203710136    
20171019225924203710164    
20171019225924203710189    
20171019225924203710191    
20171019225924203710203    
20171019225924203710226    
20171019225924203720001    
20171019225924203720062    
20171019225924203720071    
20171019225924203730061    
20171019225924203730121    
20171019225924203740014    
20171019225924203740031    
20171019225924203740051    
20171019225924203740151    
20171019225924203741034    
20171019225924203741042    
20171019225924203741051    
20171019225924203741061    
20171019225924203741071    
20171019225924203760081    
20171019225924203761042    
20171020022827104210011    
20171020022827104210021    
20171020022827104210133    
20171020022827104210182    
20171020022827104210222    
201710200228271042310320   
20171020022827104240001    
20171020022827104240012    
20171020022827104240021    
20171020022827104241032    
20171020022827104260081    
20171020022827104260091    
