201703050057251010010130   
20170305005725101001081    
20170305005725101001131    
20170305005725101001141    
20170305005725101001161    
20170305005725101003011    
20170305005725101003072    
20170305005725101003082    
20170305150101700560854    
20170305150101700570641    
20170305150101700580021    
20170305150101700580031    
20170305150101700580046    
20170305150101700580052    
20170305150101700580232    
20170305174353132501015    
20170305174353132501131    
20170305174353132502071    
20170305174353132502117    
20170305180448132501211    
201703051903131266010120   
20170305190313126601041    
20170305190313126601142    
20170305190313126602073    
201703051903131266021110   
20170305190313126602132    
20170305190313126602175    
20170305190313126602205    
20170305190313126602525    
20170305190313126603011    
20170305190313126603061    
20170305190313126603072    
20170305190313126603081    
20170305203322132101141    
20170305203322132102115    
201703052033221321013510   
20170305203322132101445    
20170305203322132101475    
20170305203322132102845    
20170305204613131401015    
20170305204613131402114    
20170305204613131402162    
20170305204613131402172    
20170305204613131403071    
20170305213718132502771    
201703052202411325010110   
201703052212321308010115   
20170305221232130802071    
20170305221232130803011    
20170305221232130803071    
201703052212321308014820   
20170305221232130802581    
20170305221232130802771    
20170305222857130803071    
20170305233803126301051    
20170305233803126301061    
20170305233803126301071    
20170305233803126301081    
20170305233803126303011    
20170305233803126313051    
20170305233803126303082    
20170305233803126313081    
20170305233803126302282    
20170305233803126301445    
20170305233847126301474    
201703052341491320010120   
20170305234149132001131    
20170305234149132001445    
20170305234149132003012    
20170305234149132003082    
20170306001614130823101    
201703060028371312010110   
20170306002837131202115    
20170306002837131201355    
20170306002837131201475    
20170306002837131202832    
201703060045025038600110   
20170306004502503860031    
20170306004502503860061    
20170306004502503860261    
20170306004502503860271    
20170306004502503861161    
201703060057081324010115   
20170306005708132401051    
20170306005708132413081    
20170306005708132402113    
20170306005708132403131    
20170306005708132401353    
201703060100371207010130   
20170306010037120701131    
20170306010037120701141    
20170306010037120701442    
201703060100371207021120   
20170306010037120702522    
20170306010037120702825    
20170306010037120703011    
20170306010037120703071    
20170306010037120703081    
20170306010037120713081    
201703060210551287010120   
20170306021055128701131    
20170306021055128703011    
20170306021055128713081    
20170306021055128702162    
20170306021055128702205    
20170306021055128702172    
20170306021055128702295    
20170306021055128701475    
201703060234491002010110   
20170306023449100201122    
20170306023449100201141    
20170306023449100203071    
20170306023449100213021    
