201702242343511081102510   
20170224234351108110272    
20170224234351108110324    
20170224234351108110343    
20170224234351108110422    
20170224234351108115041    
20170224234351108120053    
20170224234351108125211    
20170224234351108110491    
20170224234351108110623    
20170224234351108110651    
20170224234351108110662    
20170224234351108110682    
20170224234351108115331    
20170224234351108115403    
20170224234351108115421    
20170224234351108110861    
20170224234351108130036    
20170224234351108130053    
20170224234351108130112    
20170224234351108130194    
20170224234351108130204    
20170224234351108130251    
20170224234351108130382    
20170224234351108130441    
20170224234351108130452    
20170224234351108130494    
20170224234351108130892    
20170224234351108130352    
20170224234649101610321    
20170224234649101610633    
20170224234649101610861    
20170224234649101620021    
20170224234649101630891    
20170225000529100110271    
20170225000529100110425    
20170225000529100120021    
20170225000529100120101    
20170225000529100130015    
20170225000529100130052    
20170225000529100130081    
20170225000529100130921    
20170225000551108110871    
20170225000627107610172    
20170225000627107610211    
20170225000627107610221    
20170225000627107610255    
20170225000627107610322    
20170225000627107610622    
20170225000627107610652    
20170225000627107610861    
20170225000627107620101    
20170225000627107620191    
20170225000627107620271    
20170225000627107620331    
20170225000627107620401    
20170225000627107625261    
20170225000627107630041    
20170225000645106610381    
20170225000645106610421    
20170225000645106610681    
20170225000645106610821    
20170225000645106615371    
20170225000645106620021    
20170225000645106630015    
20170225000645106630195    
20170225000645106630451    
20170225000645106630541    
20170225000652100110471    
20170225002224100510172    
20170225002224100510252    
20170225002224100510321    
20170225002224100510622    
20170225002224100515061    
20170225002224100515211    
20170225002224100520331    
20170225002224100530051    
20170225002224100530391    
20170225002224100530443    
20170225002224100530451    
20170225002224100530891    
20170225005444110110125    
20170225005444110110323    
20170225005444110110421    
20170225005444110110491    
20170225005444110110625    
20170225005444110110681    
20170225005444110115173    
20170225005444110120051    
201702250054441101202012   
20170225005444110130015    
20170225005444110130251    
20170225005444110130331    
20170225005444110130431    
20170225005444110130451    
20170225005444110130521    
20170225005708102310271    
20170225005708102310302    
20170225005708102310323    
20170225005708102310421    
20170225005708102315351    
20170225005708102320011    
20170225005708102320401    
20170225005708102330053    
20170225010842106310421    
20170225010842106315071    
20170225010842106315211    
20170225010842106320011    
20170225013305108810122    
20170225013305108810303    
20170225013305108810625    
20170225013305108810632    
20170225013305108810651    
20170225013305108810661    
20170225013305108810681    
20170225013305108810861    
20170225013305108815161    
20170225013305108820021    
20170225013305108820461    
20170225013305108830013    
20170225013305108830033    
20170225013305108830052    
20170225013305108830192    
20170225013305108830202    
20170225014434104810023    
20170225014434104810141    
20170225014434104810173    
20170225014434104810325    
20170225014434104810382    
20170225014434104810681    
20170225014434104810861    
20170225014434104815371    
20170225014434104820331    
20170225014434104820402    
20170225014434104825021    
20170225014434104830015    
20170225014434104830032    
20170225014434104830371    
20170225014434104830901    
20170225014434104830961    
20170225020122100810345    
20170225020122100810432    
201702250201221008106310   
20170225020122100815351    
20170225020122100815422    
20170225031452109610101    
201702250314521096102512   
20170225031452109610271    
20170225031452109610307    
201702250314521096103410   
20170225031452109610382    
20170225031452109610651    
20170225031452109610683    
20170225031452109610792    
20170225031452109610862    
20170225031452109615401    
20170225031452109620051    
201702250314521096250910   
201702250314521096300110   
20170225031452109630034    
20170225031452109630081    
20170225031452109630111    
20170225031452109630411    
20170225031452109630571    
20170225031452109630691    
20170225031452109630701    
20170225031452109630892    
20170225031452109630921    
20170225031452109630961    
20170225031559109625261    
