20170712224824101910013    
201707122248241019100210   
20170712224824101910042    
20170712224824101911025    
20170712224824101911045    
20170712224824101911061    
201707122248241019130110   
20170712224824101913063    
20170712224824101918013    
20170712224824101919012    
201707122248241019190220   
20170713083252101710016    
201707130832521017100220   
20170713083252101710042    
201707130832521017110210   
20170713083252101711045    
20170713083252101711083    
201707130832521017130120   
20170713083252101713063    
20170713083252101714011    
20170713083252101715042    
20170713083252101715051    
20170713083252101717012    
20170713083252101719012    
201707130832521017190220   
20170713084829102210013    
201707130848291022100217   
20170713084829102210031    
20170713084829102210041    
20170713084829102211025    
20170713084829102211044    
20170713084829102211071    
20170713084829102211092    
20170713084829102212012    
201707130848291022120212   
201707130848291022130110   
20170713084829102213021    
20170713084829102214011    
20170713084829102215011    
20170713084829102215021    
20170713084829102218011    
20170713084829102220021    
20170713084829102220041    
20170713084829102220051    
20170713084829102220091    
201707130922231018100210   
20170713092223101810042    
201707130922231018110410   
201707130922231018130110   
20170713092223101818012    
20170713110235101410011    
201707131102351014100215   
20170713110235101410041    
20170713110235101411023    
20170713110235101411042    
20170713110235101411081    
201707131102351014120210   
20170713110235101412052    
20170713110235101413014    
20170713110235101413021    
20170713110235101415011    
20170713110235101415032    
20170713110235101416012    
20170713110235101416022    
20170713110235101417021    
20170713110235101430022    
20170713110235101411092    
20170713112401102010013    
201707131124011020100215   
20170713112401102010042    
201707131124011020120210   
201707131124011020130110   
20170713112401102014011    
20170713112401102016021    
20170713112401102018012    
20170713112401102019011    
201707131124011020190210   
20170713114046101610013    
201707131140461016100210   
20170713114046101611025    
20170713114046101611082    
20170713114046101612031    
20170713114046101613015    
20170713114046101615012    
20170713114046101617012    
20170713114046101617021    
20170713120409102410014    
20170713120409102410028    
20170713120409102411024    
20170713120409102411033    
20170713120409102411043    
20170713120409102411083    
20170713120409102412011    
20170713120409102413017    
20170713120409102415022    
20170713120409102415032    
20170713120409102415041    
20170713120409102415061    
20170713120409102416011    
20170713120409102416032    
201707131204091024190210   
20170713120409102420161    
20170713120409102430021    
20170713120409102411094    
20170713125023100310012    
20170713125023100310023    
20170713125023100318011    
