20170409143621302311012    
20170409143621302311021    
20170409150619102411021    
20170409150619102411031    
20170409150619102411061    
20170409150619102411012    
20170409150619102412031    
20170409153005200111014    
20170409153005200111024    
20170409153005200111031    
20170409153005200111061    
20170409153005200113121    
20170409160709100211023    
201704091607091002111110   
20170409160709100211014    
20170409165605100411012    
20170409165605100411021    
20170409165605100411101    
20170409194456201011022    
20170409194456201011012    
20170409200028200711011    
20170409200028200711021    
20170409200028200711061    
20170409202210100511011    
20170409202855200811012    
20170409202855200811022    
20170409204833202211012    
20170409204833202211022    
20170409204953200411011    
20170409205854200311021    
20170409205854200311012    
20170409205854200313131    
20170409211406301111012    
20170409211406301111021    
20170409211919200511011    
20170409211919200511021    
20170409212554101011012    
20170409212554101011021    
20170409212554101011051    
20170409212554101011061    
