20170402200915604730286    
20170402200915604760221    
20170402202249508310051    
20170402202249508310071    
20170402202249508330041    
20170402202249508330121    
20170402202249508350021    
20170402202925605630031    
20170402202925605630042    
20170402202925605660082    
20170402232301606220042    
20170402232301606250012    
20170402232301606250022    
20170402232301606250031    
20170402232301606260221    
20170402235132609910041    
20170402235132609910051    
20170402235132609930032    
20170402235132609950031    
20170403012226500630044    
20170403012226500670181    
20170403013335604760211    
20170403015906301710071    
20170403015906301730031    
20170403015906301730281    
20170403020550509610051    
20170403020550509630281    
20170403020550509630422    
20170403020550509640111    
20170403020550509640131    
20170403020550509660051    
20170403020550509670021    
20170403030733508130261    
20170403030733508130351    
20170403030733508140051    
20170403030733508140111    
20170403030733508150021    
20170403030733508160221    
20170403030733508160231    
