20170809211344300112111    
201708092113443001141227   
20170809211344300114133    
201708092113443001141920   
201708092113443001150310   
20170809211344300115178    
20170809211344300115238    
20170809211344300116012    
20170809211344300130051    
20170809211344300133035    
201708092113443001330416   
20170809211344300150108    
201708092113443001501215   
20170809211344300152082    
20170809211344300152131    
20170809211344300152226    
201708092113443001524012   
20170809211344300153035    
20170809211344300153195    
20170809211344300154235    
20170809211344300154291    
20170809211344300154331    
20170809211344300154351    
201708092113443001544224   
20170809211344300160073    
20170809211344300160083    
20170809211344300175316    
20170809212003114313021    
201708092126157000120010   
201708092126157000120412   
20170809212615700013031    
201708092126157000130560   
20170809212615700014062    
201708092126157000160210   
20170809212615700016041    
20170809212615700030031    
20170809212615700030054    
201708092126157000500512   
201708092126157000500610   
20170809212615700050102    
201708092126157000510510   
20170809212615700054091    
201708092126157000541610   
20170809212615700054272    
20170809212615700054313    
20170809212615700054436    
20170809212615700060015    
201708100854351165100020   
20170810085435116512076    
20170810085435116512085    
20170810085435116513023    
20170810085435116513074    
20170810085435116514003    
20170810085435116514025    
20170810085435116514035    
20170810085435116514041    
20170810085435116514091    
20170810085435116515011    
201708100854351165150520   
20170810090135106714002    
20170810090135106714022    
20170810090135106714081    
20170810090135106715022    
201708100901351067150510   
20170810090135106715081    
20170810090135106715092    
20170810090135106716024    
20170810090135106717011    
20170810090135106717081    
20170810090135106719041    
201708100928511069100110   
20170810094345113613021    
20170810094603103713001    
20170810094603103713011    
20170810094603103713023    
20170810094603103713031    
20170810094603103714021    
20170810094603103714062    
201708100946031037150610   
20170810094603103715071    
20170810094603103715085    
201708100946031037150910   
20170810094603103717012    
20170810094816103714005    
20170810094816103717061    
20170810094816103753031    
201708100955231047100010   
201708100957061063100020   
20170810100843116113055    
20170810101327106313051    
20170810101539700416026    
20170810101614116612081    
20170810101614116613042    
20170810101614116613054    
20170810101614116614002    
20170810101614116614027    
20170810101614116617071    
201708101016151039100010   
201708101047061147100130   
201708101047061147120610   
20170810104706114712081    
201708101047061147120910   
20170810104706114713021    
20170810104706114713051    
20170810104706114713072    
20170810104706114713091    
20170810104706114714001    
20170810104706114714024    
20170810104706114715051    
20170810104735115913052    
201708101049551005100110   
20170810104955100513041    
20170810104955100513052    
20170810104955100513091    
201708101107561027100020   
20170810110756102714004    
20170810110756102714026    
20170810114134112513041    
20170810114134112513091    
20170810122538117113021    
20170810122538117113092    
20170810122538117114025    
201708101301531155100010   
20170810130153115513021    
201708101308051071120710   
20170810130805107114023    
20170810130805107114031    
201708101319171130100010   
20170810131917113013041    
20170810131917113013052    
20170810132739111813021    
20170810133050117113313    
20170810133147700213055    
20170810133325112513071    
20170810133325112513091    
20170810133325112514011    
20170810133325112514023    
20170810133325112514021    
20170810133325112514041    
20170810134005114013021    
20170810134005114013042    
20170810134005114013055    
20170810134005114014061    
201708101345211110100010   
20170810134521111013041    
20170810134521111013051    
20170810134708100212072    
20170810134708100214022    
20170810134708100215061    
20170810134708100215092    
20170810134708100215143    
20170810135348112013021    
20170810135348112013051    
20170810135348112013071    
20170810135348112016011    
20170810135559115213011    
