201702061855154215110210   
20170206232807413916035    
20170206232807413931031    
20170206232807413931043    
20170206232807413932051    
20170206232807413961391    
20170206233009416311016    
20170206233009416311028    
20170206233009416316035    
20170206233009416362512    
20170206233009416398001    
20170207002819419111025    
20170207002819419116035    
20170207002819419116043    
20170207002819419131033    
20170207002819419131043    
20170207002819419132051    
20170207002819419145011    
20170207002819419145041    
20170207002819419161195    
20170207002819419161392    
20170207002819419180001    
