20171110000109300410122    
20171110000109300410252    
20171110000109300410322    
20171110000109300410952    
20171110000109300415291    
20171110000109300415351    
20171110000109300430013    
20171110000109300430031    
20171110000109300430055    
20171110000109300430891    
20171110004927300210175    
20171110004927300210471    
20171110004927300210681    
20171110004927300210841    
20171110004927300210953    
20171110004927300215351    
20171110004927300215421    
20171110004927300230381    
20171110004927300230452    
20171110015836300910071    
201711100158363009102510   
20171110015836300910343    
20171110015836300910635    
20171110015836300910651    
20171110015836300910871    
20171110015836300910952    
20171110015836300910971    
20171110015836300915421    
20171110015836300925031    
20171110015836300930081    
20171110015836300930451    
20171110015836300930703    
20171110031331300810013    
20171110031331300810211    
20171110031331300810255    
20171110031331300810271    
201711100313313008103420   
20171110031331300810421    
20171110031331300810652    
20171110031331300810871    
20171110031331300810971    
20171110031331300815111    
20171110031331300820201    
20171110031331300820402    
20171110031331300825251    
201711100313313008300115   
20171110031331300830382    
20171110041351300610142    
201711100413513006102525   
20171110041351300610421    
20171110041351300610471    
201711100413513006106210   
20171110041351300610651    
20171110041351300610682    
20171110041351300610862    
20171110041351300615251    
201711100413513006202012   
20171110041351300625041    
20171110041351300625121    
20171110041351300625261    
20171110041351300630271    
20171110041351300630381    
20171110041351300630892    
