20170914230646105212081    
20170914230646105214013    
20170914230646105214181    
20170914230646105214191    
20170914230646105215063    
20170914230646105218062    
20170914230646105223832    
20170914230646105226272    
20170914230646105289362    
20170914230646105290022    
20170914231128106226562    
20170914231128106289363    
20170914231128106223701    
20170914231128106212025    
20170914231128106223591    
20170915011955105811074    
20170915011955105814081    
20170915011955105823651    
20170915011955105862375    
20170915011955105811032    
20170915011955105889353    
20170915011955105812141    
20170915011955105812121    
20170915011955105823661    
