201706222112152024200513   
201706222155232226200120   
20170622215523222620655    
201706222230592061200180   
20170622223059206120061    
20170622223059206120071    
20170622223059206120081    
20170622223059206120321    
201706222230592061206510   
20170622223059206120901    
2017062223232722302001160  
20170622232327223020062    
20170622232327223020072    
20170622232327223020082    
20170622232327223020161    
20170622232327223020201    
20170622232327223020322    
201706222323272230206535   
20170622232327223020901    
20170622232327223020921    
20170622232327223021041    
20170622232327223021051    
20170622232327223021121    
2017062223350120912001140  
20170622233501209120062    
20170622233501209120072    
20170622233501209120082    
20170622233501209120322    
201706222335012091206520   
20170622233501209120901    
20170622233501209120931    
20170622233501209121041    
2017062223521920342001240  
20170622235219203420063    
20170622235219203420072    
20170622235219203420082    
20170622235219203420301    
20170622235219203420322    
201706222352192034206520   
20170622235219203420911    
20170622235219203421041    
2017062223531420322001140  
20170622235314203220062    
20170622235314203220072    
20170622235314203220081    
20170622235314203220161    
20170622235314203220321    
201706222353142032206515   
20170622235314203221051    
2017062223532420262001100  
20170622235324202620061    
20170622235324202620071    
20170622235324202620081    
201706222353242026206510   
20170622235324202620901    
2017062223534720432001160  
20170622235347204320062    
20170622235347204320071    
20170622235347204320081    
20170622235347204320201    
20170622235347204320321    
201706222353472043206520   
20170622235347204320911    
20170622235347204321021    
20170622235347204321041    
2017062223562920942001140  
20170622235629209420062    
20170622235629209420071    
20170622235629209420321    
201706222356292094206510   
20170622235629209420901    
20170622235629209420931    
201706230005162027200160   
20170623000516202720061    
20170623000516202720321    
20170623000516202720654    
2017062300480920692001120  
20170623004809206920061    
20170623004809206920071    
20170623004809206920082    
20170623004809206920321    
201706230048092069206514   
20170623004809206921021    
