20170503193911110110095    
20170503193911110110105    
20170503193911110110112    
20170503193911110120031    
20170503193911110120091    
20170503193911110160081    
20170503193911110180095    
20170503204135900110095    
20170503205754310210095    
20170503205754310210105    
20170503205754310250015    
201705032057543102520210   
20170503205754310253031    
20170503205754310260016    
20170503205754310260121    
20170503205754310280102    
20170503205754310280141    
20170503220047120500291    
20170503220047120510094    
20170503220047120510102    
20170503220047120520051    
20170503220047120540031    
20170503220047120550012    
