20170108100446102210013    
201701081004461022100220   
20170108100446102210041    
20170108100446102210092    
20170108100446102211023    
20170108100446102211041    
20170108100446102211081    
20170108100446102211091    
201701081004461022120212   
20170108100446102213016    
20170108100446102213022    
20170108100446102215011    
20170108100446102215021    
20170108100446102215041    
20170108100446102218011    
20170108123057101410028    
20170108123057101411022    
20170108123057101411061    
20170108123057101412024    
20170108123057101413013    
20170108123057101413051    
20170108123057101415021    
20170108123057101416014    
20170108123057101416021    
20170108123057101417011    
20170108123057101430021    
