20170222154416300610038    
20170222154416300630088    
201702221544163006200610   
20170222154416300610061    
20170222154416300610051    
20170222154416300640051    
20170222154416300630061    
20170222154416300630071    
20170222154416300610222    
20170222154416300610192    
20170222154416300640191    
20170222154416300610091    
20170222171256203410011    
20170222171256203410021    
20170222171256203410031    
20170222171256203410133    
20170222171256203410185    
20170222171256203410203    
20170222171256203430071    
20170222171256203440053    
20170222171256203441035    
20170222171256203477791    
20170222171256203478121    
20170222175610203910011    
20170222175610203910032    
20170222175610203910042    
201702221756102039101310   
20170222175610203910203    
20170222175610203910225    
201702221756102039200810   
20170222175610203930073    
20170222175610203940055    
20170222175610203940191    
20170222175610203941035    
20170222175610203960085    
20170222175610203977772    
20170222175610203978061    
20170222183449203810021    
201702221834492038100325   
20170222183449203810042    
20170222183449203810185    
20170222183449203810202    
20170222183449203810221    
20170222183449203831031    
20170222183449203840002    
20170222183449203840013    
20170222183449203840021    
20170222183449203840031    
20170222183449203840191    
20170222183449203841032    
20170222183449203841041    
20170222183449203841061    
20170222183449203877791    
20170222183449203877811    
20170222184555204910021    
201702221845552049100340   
20170222184555204910042    
20170222184555204910136    
20170222184555204910183    
20170222184555204910203    
20170222184555204910223    
20170222184555204910262    
20170222184555204920001    
20170222184555204920061    
20170222184555204940031    
20170222184555204940051    
20170222184555204940151    
20170222184555204941033    
20170222184555204941042    
20170222184555204977791    
20170222184815204310021    
201702221848152043100320   
20170222184815204310041    
20170222184815204310181    
20170222184815204310201    
20170222184815204310261    
20170222184815204340001    
20170222184815204340012    
20170222184815204340021    
20170222193333204610021    
201702221933332046100320   
20170222193333204610041    
20170222193333204610133    
20170222193333204610182    
20170222193333204610201    
20170222193333204610262    
20170222193333204620072    
20170222193333204640012    
20170222193333204640021    
20170222193333204640031    
20170222193333204641032    
20170222193333204641041    
20170222210642103210022    
201702222106421032100325   
20170222210642103210061    
20170222210642103210135    
20170222210642103210141    
20170222210642103210161    
20170222210642103210203    
20170222210642103210224    
20170222210642103220091    
201702222106421032400111   
20170222210642103240023    
20170222210642103240051    
20170222210642103240151    
20170222210642103241035    
20170222210745201410011    
20170222210745201410021    
201702222107452014100320   
20170222210745201410201    
20170222210745201410223    
20170222210745201410263    
20170222210745201420072    
20170222210745201430042    
20170222210745201440012    
20170222210745201440021    
20170222210745201441032    
20170222210745201441041    
20170222210745201450012    
20170222211820202910011    
20170222211820202910022    
20170222211820202910031    
20170222211820202910061    
20170222211820202910131    
20170222211820202910185    
20170222211820202910203    
20170222211820202910223    
20170222211820202910262    
20170222211820202920073    
20170222211820202920083    
20170222211820202940151    
20170222211820202941033    
20170222215829101310011    
20170222215829101310022    
201702222158291013100345   
20170222215829101310042    
20170222215829101310051    
20170222215829101310137    
20170222215829101310142    
20170222215829101310188    
20170222215829101310204    
20170222215829101310224    
20170222215829101310263    
20170222215829101320001    
20170222215829101340031    
20170222215829101340056    
20170222215829101340152    
20170222215829101341034    
20170222215829101341042    
20170222220637203510011    
20170222220637203510021    
201702222206372035100330   
20170222220637203510041    
20170222220637203510061    
20170222220637203510133    
20170222220637203510187    
20170222220637203510202    
20170222220637203510224    
20170222220637203520001    
20170222220637203530041    
20170222220637203540031    
20170222220637203541035    
20170222220637203541042    
