20170208233736106214191    
20170208233736106214013    
20170208233736106214112    
20170208233736106216141    
20170208233736106223651    
20170209034008109314081    
20170209034008109314141    
20170209034008109314181    
20170209034008109314191    
20170209034008109316141    
20170209034008109323631    
20170209034008109323656    
20170209034008109323771    
20170209034008109326271    
20170209034008109389121    
20170209034008109390027    
20170209034008109390042    
20170209034008109390331    
