20171226123218202211012    
20171226123218202211022    
20171226123218202211061    
20171226123218202212031    
20171226160812302211021    
20171226160812302211012    
20171226162117201211012    
20171226162117201211022    
20171226163916302011012    
20171226163916302011021    
20171226175827200411011    
20171226175827200411021    
201712261758272004111110   
20171226175937301511021    
20171226175937301511012    
20171226180458201411012    
20171226180458201411021    
20171226185131302311012    
20171226185131302311021    
20171226185141300711024    
20171226185141300711061    
20171226185141300711013    
20171226185141300711132    
20171226190203200111016    
20171226190203200111025    
20171226190203200111061    
20171226190203200112031    
20171226191036302411012    
20171226191036302411022    
20171226194006200311022    
20171226194006200311061    
201712261940062003111110   
20171226194006200311012    
20171226194006200312031    
20171226200243301111012    
20171226200243301111021    
20171226200507301411012    
20171226200507301411021    
20171226200754200511011    
20171226200754200511021    
20171226200754200511031    
20171226200950201011021    
20171226200950201011012    
20171226201603200811011    
20171226201603200811021    
