20170606125936100510011    
20170606125936100510021    
20170606125936100510031    
20170606125936100510041    
20170606125936100510061    
20170606125936100510081    
20170606125936100510182    
20170606125936100510221    
20170606125936100540012    
20170606125936100540021    
20170606125936100541041    
20170606125936100541051    
20170606125936100541071    
20170606125936100561034    
20170606144504600010011    
20170606144504600010025    
201706061445046000100340   
20170606144504600010045    
20170606144504600010091    
20170606144504600010135    
20170606144504600010186    
20170606144504600010191    
20170606144504600010207    
20170606144504600010221    
20170606144504600010266    
20170606144504600020001    
20170606144504600020011    
20170606144504600020023    
20170606144504600020031    
20170606144504600020041    
20170606144504600020054    
20170606144504600020064    
20170606144504600020104    
201706061445046000300410   
201706061445046000310320   
20170606144504600040031    
20170606144504600040053    
20170606144504600040191    
20170606144504600041035    
20170606144504600041041    
20170606144504600060085    
20170606144504600061022    
201706061445046000610310   
201706061445046000610410   
201706061601172039100120   
201706061601172039100220   
201706061601172039100420   
20170606160117203910061    
201706061601172039102210   
20170606160117203910265    
201706061601172039200120   
201706061601172039200210   
20170606160117203920043    
201706061601172039200510   
201706061601172039300720   
20170606160117203931031    
201706061601172039400310   
20170606160117203940055    
20170606160117203940151    
201706061601172039401920   
201706061601172039410320   
20170606160117203977792    
20170606160117203977801    
20170606160117203978032    
20170606160117203978061    
20170606165257100110021    
20170606165257100110031    
20170606165257100110041    
20170606165257100110081    
20170606165257100110132    
20170606165257100110202    
20170606165257100110223    
20170606165257100120001    
20170606165257100120011    
20170606165257100120023    
20170606165257100120031    
20170606165257100120053    
20170606165257100140032    
20170606165257100141033    
20170606165257100141041    
20170606165257100160082    
20170606165257100161021    
201706061652571001610310   
20170606165257100161045    
20170606173621102010021    
20170606173621102010031    
20170606173621102010041    
20170606173621102010081    
20170606173621102010134    
20170606173621102010224    
20170606173621102010262    
20170606173621102020021    
20170606173621102020031    
20170606173621102020051    
20170606173621102020082    
20170606173621102020102    
20170606173621102040052    
20170606173621102040061    
20170606173621102040191    
20170606173621102041033    
20170606173621102041041    
20170606174139103410021    
20170606174139103410031    
20170606174139103410041    
20170606174139103410132    
20170606174139103410202    
20170606174139103410223    
20170606174139103440031    
20170606175218203940071    
201706061904391040100330   
20170606190439104010042    
20170606190439104010223    
20170606190439104010261    
20170606190439104020001    
20170606190439104020022    
20170606190439104020101    
20170606190439104030121    
20170606190439104040002    
20170606190439104040013    
20170606190439104040021    
20170606190439104040031    
20170606190439104040061    
20170606190439104040151    
20170606190439104040191    
20170606190439104041035    
20170606190439104041041    
20170606200032100130063    
20170606200032100150031    
20170606203933202510021    
201706062039332025100320   
20170606203933202510051    
20170606203933202510081    
20170606203933202510191    
20170606203933202510201    
20170606203933202510222    
20170606203933202510261    
20170606203933202530041    
20170606203933202530061    
20170606203933202540031    
20170606203933202540051    
20170606203933202541031    
20170606203933202550011    
20170606204855104510021    
20170606204855104510201    
20170606204855104520011    
20170606204855104520022    
20170606204855104520052    
20170606204855104540012    
20170606204855104541031    
20170606204855104561035    
20170606211042103610021    
201706062110421036100320   
20170606211042103610041    
20170606211042103610091    
20170606211042103610161    
20170606211042103610203    
20170606211042103620011    
201706062110421036310320   
20170606211042103641033    
20170606211042103641071    
20170606212139102810132    
20170606212139102810201    
20170606212139102810221    
20170606212139102840051    
20170606214552103310021    
20170606214552103310041    
20170606214552103310135    
20170606214552103320011    
20170606214552103320022    
20170606214552103320051    
20170606214552103340013    
20170606214552103340021    
20170606214552103340052    
20170606214552103340071    
20170606214552103340151    
20170606214552103310032    
20170606214552103320001    
20170606214552103310202    
20170606214552103341034    
20170606214552103341041    
201706062145521033310320   
20170606214552103310183    
20170606214552103310223    
20170606214552103310262    
20170606214552103340191    
20170606214552103341051    
20170606214622103510021    
20170606214622103510031    
20170606214622103510191    
20170606214622103510202    
20170606214622103520051    
20170606214622103540001    
20170606214622103541031    
20170606214635204010011    
20170606214635204010022    
20170606214635204010041    
20170606214635204010132    
20170606214635204010182    
20170606214635204010191    
20170606214635204010201    
20170606214635204010221    
20170606214635204010261    
20170606214635204020001    
20170606214635204020061    
20170606214635204020072    
20170606214635204040031    
20170606214635204040151    
20170606214635204041032    
20170606214635204041041    
20170606214635204050011    
20170606215243203710021    
20170606215243203710041    
20170606215243203710132    
20170606215243203710181    
20170606215243203710221    
20170606215243203740002    
20170606215243203740013    
20170606215243203740021    
20170606215243203741033    
20170606215243203741051    
20170606215243203741061    
20170606215243203741071    
20170606220007104110041    
20170606220007104110135    
20170606220007104110201    
20170606220007104110222    
20170606220007104110262    
20170606220007104130121    
20170606220007104141033    
20170606220007104141041    
20170606220016104610021    
201706062200161046100318   
20170606220016104610041    
20170606220016104610132    
20170606220016104610182    
20170606220016104610262    
20170606220016104620011    
20170606220016104620022    
20170606220016104620101    
20170606220016104641032    
20170606220016104678121    
20170606223553204510021    
20170606223553204510042    
20170606223553204510131    
20170606223553204510201    
20170606223553204510222    
20170606223553204510261    
20170606223553204520001    
20170606223553204540031    
20170606223553204540151    
20170606223553204541032    
20170606223553204541041    
20170606223553204577791    
20170606223553204577801    
20170606223744103320071    
20170607000225104210021    
201706070002251042100320   
20170607000225104210132    
20170607000225104210181    
20170607000225104210222    
20170607000225104210262    
20170607000225104220001    
201706070002251042300410   
20170607000225104240001    
20170607000225104240011    
20170607000225104240021    
20170607000225104240031    
20170607000225104241032    
20170607000225104260081    
20170607000225104261045    
