20170928193600339023012    
20170928193600339011301    
20170928193600339011331    
20170928193600339011621    
20170928193600339011321    
20170928193600339010422    
20170928193600339010561    
20170928193600339010571    
20170928193600339010322    
20170928193600339010391    
20170928193600339025071    
20170928193600339011121    
20170928193600339011031    
20170928193600339010211    
20170928193600339011162    
20170928194850528722186    
20170928194850528711611    
20170928194850528711621    
20170928194850528711321    
20170928194850528722191    
20170928194850528711141    
20170928194850528723013    
20170928194850528710151    
20170928194850528711651    
20170928194850528711631    
20170928194850528710325    
20170928194850528710311    
20170928194850528711422    
20170928194850528722951    
20170928194850528710111    
20170928194850528722991    
20170928194850528710871    
20170928194850528710332    
20170928194850528710343    
