20170116193918502220014    
20170116193918502220062    
20170116193918502220301    
20170116205718302120013    
20170116205718302120063    
20170116205718302120301    
20170116211825100220012    
20170116211825100220621    
20170116211825100240211    
20170116213634100220151    
20170116213634100220681    
20170116223550603020011    
20170116223550603020068    
20170116224821900620015    
20170117005541505220011    
20170117005836606020014    
20170117005836606020074    
20170117005836606020681    
20170117005836606020811    
20170117005836606040191    
20170117021535604220014    
20170117021535604220061    
20170117021535604220151    
