20171123174510339023012    
20171123174510339022971    
20171123174510339011331    
20171123174510339011422    
20171123174510339011611    
20171123174510339011141    
20171123174510339011231    
20171123174510339010422    
20171123174510339010741    
20171123174510339010311    
20171123174510339010325    
20171123174510339010332    
20171123174510339010342    
20171123174510339025071    
20171123174510339011121    
20171123174510339011165    
20171123174510339010181    
20171123200930765610645    
20171123200930765610843    
201711232009307656111680   
20171123200930765611973    
20171123200930765620124    
20171123201729395910301    
20171123201729395910496    
20171123201729395910701    
201711232017293959221810   
20171123201729395911332    
20171123201729395911841    
20171123201729395922041    
