201712031558181274100160   
20171203155818127410061    
20171203155818127410133    
201712031754511354100220   
201712031834100165100140   
20171203183410016510182    
201712031922051444100120   
20171203192205144410062    
20171203192205144410131    
201712031929250186100120   
20171203192925018610061    
20171203192925018610132    
20171203192925018613393    
201712032021511614100160   
20171203202151161410132    
20171203202151161410293    
201712032051522054100160   
20171203205152205410131    
20171203205152205410294    
20171203205152205470002    
20171203205152205470011    
20171203205152205470021    
20171203215338018610293    
20171203221842021610061    
20171203221842021610132    
20171203221842021610245    
20171203221842021610401    
20171203221842021613393    
201712032218420216100240   
201712032252151654100140   
20171203225215165410131    
20171203225215165410571    
201712032253410192100140   
20171203225341019210132    
20171203225341019210111    
20171203225341019210294    
20171203225341019210181    
20171203225341019210171    
20171203225341019210271    
201712032327402134100240   
20171203232740213410131    
20171203232740213410423    
20171203232740213415991    
201712032331210884100260   
20171203233121088410131    
20171203233121088410295    
20171203233121088410101    
20171203233121088415991    
201712032341051944100140   
20171203234105194410301    
20171203234105194410311    
201712032345420254100140   
20171203234542025410131    
20171203234542025410222    
20171204000136056410231    
20171204000136056413494    
20171204000136056410131    
20171204000136056410181    
20171204000136056410061    
201712040001360564100120   
201712040010471134100120   
201712040013080201100180   
20171204001308020110101    
20171204001308020110121    
20171204001308020110131    
20171204001308020110221    
20171204001308020110281    
201712040013080201105320   
20171204001308020110572    
20171204001308020111101    
20171204001308020113391    
20171204001308020115991    
201712040013080201196920   
201712040030231394100120   
20171204003023139410061    
20171204003023139410111    
20171204003023139410131    
201712040038080156100180   
20171204003808015610061    
20171204003808015610295    
20171204003808015615991    
201712040041311734100140   
20171204004131173410061    
20171204004131173415991    
20171204004131173418695    
20171204004432145410131    
201712040045401454100140   
20171204005031171410132    
20171204005031171415991    
201712040050311714102910   
20171204005031171410304    
20171204005031171410313    
20171204005031171410572    
20171204005031171413395    
201712040050311714100140   
20171204005031171410111    
20171204005031171410181    
20171204005031171410061    
20171204005031171410101    
201712040053350200100260   
20171204005335020010131    
20171204005335020010141    
20171204005335020010181    
20171204005335020010283    
20171204005335020010631    
20171204005335020015991    
20171204005335020018291    
201712040107261334100160   
20171204010726133410134    
20171204010726133410503    
20171204010726133413494    
201712040126541724100120   
20171204012654172410131    
20171204012654172410271    
20171204012654172410293    
20171204012654172410311    
20171204012654172410442    
20171204012654172413392    
201712040149122084100140   
20171204014912208410061    
20171204014912208410131    
20171204014912208410295    
20171204014912208410302    
20171204014912208410312    
20171204014912208413395    
201712040149122084700010   
20171204015941024910061    
20171204015941024910131    
20171204015941024910141    
20171204015941024910222    
20171204015941024910251    
20171204015941024915991    
20171204015941024910641    
201712040159410249100280   
201712040159521824100260   
20171204015952182410111    
20171204015952182410132    
20171204015952182410582    
20171204015952182415991    
201712040207140211100160   
20171204020714021110061    
20171204020714021110121    
20171204020714021110132    
201712040209141214100240   
20171204020914121410133    
20171204020914121410301    
20171204020914121410311    
20171204020914121410431    
20171204020914121413492    
20171204020914121418295    
201712040212530594100260   
201712040213220704100140   
20171204021322070410295    
20171204021322070415991    
20171204021322070410131    
201712040213220704104210   
20171204021322070410401    
201712040225111304100160   
20171204022511130410133    
20171204022511130410282    
20171204022511130410293    
20171204023002091410101    
201712040230020914100140   
20171204023002091410221    
20171204023002091410134    
20171204023002091410063    
20171204023107121410731    
20171204023107121410741    
201712040234481324100160   
20171204023448132410061    
20171204023448132410132    
20171204023448132410251    
20171204023448132410282    
201712040251480190100180   
20171204025148019010101    
20171204025148019010111    
20171204025148019010133    
20171204025148019010251    
20171204025148019013395    
20171204025148019010572    
20171204025148019010631    
2017120403142410941001100  
20171204031424109410071    
20171204031424109410111    
20171204031424109410135    
20171204031424109410181    
20171204031424109410222    
20171204031424109410251    
20171204031424109410261    
201712040448441854100140   
20171204044844185410131    
20171204044844185414092    
201712040501420245100140   
201712040501420245105420   
20171204050142024515991    
201712040501420245196920   
