20170530224836400110623    
20170530224836400110651    
20170530224836400110681    
20170530224836400110861    
20170530224836400117015    
20170530224836400130017    
20170530224836400130031    
20170530224836400130271    
20170530224836400130581    
20170530231839400130921    
20170531011221400210305    
20170531011221400210322    
20170531011221400210344    
20170531011221400210633    
20170531011221400210681    
20170531011221400210901    
20170531011221400217015    
20170531011221400220011    
20170531011221400220021    
20170531011221400220051    
20170531011221400230042    
20170531011221400230053    
20170531011221400230061    
20170531011221400230201    
20170531011221400230381    
20170531011221400230641    
20170531011221400230661    
20170531011221400230961    
