20170706153125606320012    
20170706153125606320062    
20170706215547605620012    
20170706221144630820011    
20170706221144630820071    
20170706221144630820372    
20170706221813302120012    
20170706221813302120066    
20170706224206508120012    
20170706224206508120061    
20170706224206508120071    
20170706224857609880001    
20170706224857609880022    
20170706231357201820013    
20170707002125509620014    
20170707002125509620061    
20170707002125509620071    
20170707002125509620681    
20170707003800609420012    
20170707003800609420062    
20170707003800609420072    
20170707003800609440241    
20170707034503606420061    
20170707034503606440253    
20170707034503606420811    
20170707034503606420654    
