20170102221943124101051    
20170102221943124101061    
20170102221943124102205    
20170102221943124102282    
20170102221943124102293    
201701022219431241028210   
201701022306371251010110   
20170102230637125101071    
20170102230637125102115    
20170102230637125102341    
20170102230637125102771    
20170102230637125102831    
20170102230637125103081    
20170102230637125113031    
20170102233726128101071    
20170102233726128101142    
201701022337261281013510   
20170102233726128101473    
20170102233726128101482    
20170102233726128102171    
20170102233726128102201    
20170102233726128102342    
20170102233726128102831    
20170102233726128103081    
201701030023471296010120   
20170103002347129601071    
20170103002347129601131    
20170103002347129601391    
20170103002347129602114    
20170103002347129602831    
20170103002347129603011    
20170103002347129603071    
20170103004035120501191    
20170103004035120502522    
201701030041351237010120   
20170103004135123701071    
20170103004135123702071    
20170103004135123723121    
20170103004135123701201    
20170103004135123702116    
20170103004135123703175    
20170103004135123701352    
20170103004135123701443    
20170103004135123702522    
20170103004135123701473    
20170103004135123701482    
20170103004135123702581    
201701030126091326010120   
20170103012609132601041    
20170103012609132601051    
20170103012609132601071    
20170103012609132601121    
20170103012609132601141    
20170103012609132603011    
20170103012609132603051    
20170103012609132613021    
20170103012609132602221    
20170103012609132613112    
20170103012609132602295    
20170103012609132601401    
20170103012609132601475    
20170103012609132602531    
201701030131391300010120   
20170103013139130001131    
20170103013139130001141    
20170103013139130003011    
20170103013139130003072    
20170103013139130002205    
20170103013139130013113    
201701030131391300014710   
20170103013139130002781    
201701030153181318010110   
20170103015318131801041    
20170103015318131801071    
20170103015318131801131    
20170103015318131803011    
20170103015318131803081    
20170103015318131801201    
20170103015318131802117    
20170103015318131802241    
201701030153181318013510   
20170103015318131801483    
201701030421451297010110   
20170103042145129701041    
20170103042145129701141    
20170103042145129703081    
20170103042145129701391    
20170103042145129701483    
20170103042145129702823    
20170103042145129702846    
20170103042513131902071    
20170103042513131902115    
20170103042513131902523    
20170103042513131902831    
20170103042513131903011    
20170103042513131903081    
