20170216084219207120321    
201702162206032226200120   
20170216220603222620081    
20170216220603222620655    
2017021622294520242001120  
20170216222945202420062    
20170216222945202420072    
20170216222945202420081    
20170216222945202420161    
20170216222945202420321    
201702162321162061200180   
20170216232116206120071    
20170216232116206120081    
201702162321162061206515   
20170216232116206121041    
2017021623313022302001160  
20170216233130223020062    
20170216233130223020072    
20170216233130223020081    
20170216233130223020321    
20170216233130223020551    
201702162331302230206530   
20170216233130223020901    
20170216233130223020911    
20170216233130223020921    
20170216233130223020931    
20170216233130223021021    
2017021623364321092001120  
20170216233643210920062    
20170216233643210920073    
20170216233643210920321    
20170216233643210920655    
20170216233643210920901    
20170216233643210920931    
20170216233643210921041    
20170216233643210921051    
2017021623440620942001120  
20170216234406209420062    
20170216234406209420071    
20170216234406209420551    
201702162344062094206515   
20170216234406209421041    
2017021623573320912001140  
20170216235733209120061    
20170216235733209120071    
20170216235733209120081    
20170216235733209120321    
201702162357332091206520   
201702170000272026200160   
20170217000027202620061    
20170217000027202620071    
20170217000027202620081    
20170217000027202620321    
20170217000027202620655    
20170217000027202620901    
20170217000027202621051    
2017021700231721152001160  
20170217002317211520062    
20170217002317211520071    
20170217002317211520081    
20170217002317211520201    
20170217002317211520321    
201702170023172115206520   
20170217002317211520901    
20170217002317211520921    
20170217002317211520931    
20170217002317211521021    
2017021700472020432001240  
20170217004720204320063    
20170217004720204320073    
20170217004720204320083    
20170217004720204320271    
20170217004720204320301    
20170217004720204320321    
20170217004720204320551    
201702170047202043206520   
20170217004720204321021    
20170217004720204321043    
20170217004720204321051    
2017021701060620342001220  
201702170106062034200510   
20170217010606203420064    
20170217010606203420073    
20170217010606203420083    
20170217010606203420091    
20170217010606203420301    
20170217010606203420323    
201702170106062034206520   
2017021701352020322001180  
20170217013520203220062    
20170217013520203220072    
20170217013520203220081    
20170217013520203220321    
201702170135202032206515   
2017021702355113812001120  
20170217023551138120061    
20170217023551138120301    
20170217023551138120071    
201702170235511381206520   
201702170629182069200160   
20170217062918206920051    
20170217062918206920062    
20170217062918206920072    
20170217062918206920082    
20170217062918206920322    
201702170629182069206515   
