20170228125630102710011    
20170228125630102710021    
201702281256301027100340   
20170228125630102710043    
20170228125630102710136    
20170228125630102710264    
20170228125630102720001    
20170228125630102720081    
20170228125630102741033    
20170228134021100510011    
20170228134021100510021    
20170228134021100510031    
20170228134021100510051    
20170228134021100510081    
20170228134021100510091    
20170228134021100510131    
20170228134021100510184    
20170228134021100510222    
20170228134021100510262    
20170228134021100540002    
20170228134021100540012    
20170228134021100540021    
20170228134021100540031    
20170228134021100540052    
20170228134021100540091    
20170228134021100540151    
20170228134021100541034    
20170228134021100541041    
20170228161414102010021    
20170228161414102010031    
20170228161414102010041    
20170228161414102010134    
20170228161414102010188    
20170228161414102010202    
201702281614141020102210   
20170228161414102020001    
20170228161414102030043    
20170228161414102040191    
20170228161414102041033    
20170228161414102041041    
20170228170216100110021    
20170228170216100110031    
20170228170216100110041    
20170228170216100110131    
20170228170216100110188    
20170228170216100110203    
20170228170216100110223    
20170228170216100110266    
20170228170216100120001    
20170228170216100120011    
20170228170216100120022    
20170228170216100120052    
20170228170216100130045    
20170228170216100131034    
20170228170216100140052    
20170228170216100141032    
20170228170216100141041    
20170228170216100141071    
20170228170216100150041    
20170228201113102041031    
20170228212238103510031    
20170228212238103520001    
20170228212238103540001    
20170228212238103540012    
20170228212238103540021    
20170228212238103541031    
20170228212238103541041    
20170228212713103310021    
20170228212713103310042    
20170228212713103310091    
20170228212713103310135    
20170228212713103320062    
20170228212713103330044    
20170228212713103340011    
20170228212713103340022    
20170228212713103340053    
20170228212713103340151    
20170228212713103310032    
20170228212713103310203    
20170228212713103341035    
20170228212713103341041    
20170228212713103310184    
20170228212713103310223    
20170228212713103330121    
20170228212713103310262    
20170228212713103341051    
20170228212713103341071    
20170228212713103378121    
20170228213339103410032    
20170228213339103410041    
20170228213339103410133    
20170228213339103410202    
20170228213339103410225    
20170228213339103410262    
20170228213339103420082    
20170228213339103431031    
20170228213339103440031    
20170228213339103441034    
20170228213732103610021    
201702282137321036100320   
20170228213732103610051    
20170228213732103610203    
20170228213732103610225    
20170228213732103610266    
20170228213732103620002    
20170228213732103620062    
20170228213732103620082    
20170228213732103640052    
20170228213732103641034    
20170228213732103641071    
20170228213732103650031    
201702282137371040100340   
20170228213737104010041    
20170228213737104010181    
20170228213737104010202    
20170228213737104010222    
20170228213737104010262    
20170228213737104040002    
20170228213737104040014    
20170228213737104040031    
201702282137371040401610   
20170228213737104041034    
20170228213737104041041    
20170228213737104041051    
20170228213737104041071    
20170228213737104050097    
20170228214349204010022    
20170228214349204010031    
20170228214349204010132    
20170228214349204010182    
20170228214349204010202    
20170228214349204010221    
20170228214349204010261    
20170228214349204040001    
20170228214349204040012    
20170228214349204040021    
20170228214349204041032    
20170228214349204050011    
20170228215027104610021    
201702282150271046100315   
20170228215027104610041    
20170228215027104610101    
20170228215027104610134    
20170228215027104610182    
20170228215027104610193    
20170228215027104610262    
20170228215027104620062    
20170228215027104640001    
20170228215027104640031    
20170228215027104640052    
20170228215027104641032    
20170228215027104641041    
20170228215027104678061    
20170228215953204510011    
20170228215953204510021    
201702282159532045100320   
20170228215953204510041    
20170228215953204510135    
20170228215953204510203    
20170228215953204510222    
20170228215953204510262    
20170228215953204520001    
20170228215953204520061    
20170228215953204530042    
201702282159532045310320   
20170228215953204540031    
20170228215953204540071    
20170228215953204541033    
20170228215953204541041    
20170228215953204577801    
20170228220217202510011    
201702282202172025100320   
20170228220217202510041    
20170228220217202510131    
20170228220217202510202    
20170228220217202510221    
20170228220217202520071    
20170228220217202540151    
20170228220217202541033    
20170228220217202541041    
20170228220217202541071    
20170228220529104510021    
201702282205291045100330   
20170228220529104510041    
20170228220529104510135    
20170228220529104510201    
20170228220529104510222    
20170228220529104540013    
20170228220529104540021    
20170228220529104540031    
20170228220529104540191    
20170228220529104541031    
20170228220529104541041    
20170228220529104541051    
20170228220529104541061    
20170228220529104541071    
20170228220529104550031    
20170228223241104210011    
20170228223241104210021    
201702282232411042100320   
20170228223241104210061    
20170228223241104210132    
20170228223241104210182    
20170228223241104210191    
20170228223241104210221    
20170228223241104240001    
20170228223241104240012    
20170228223241104240021    
20170228223241104241032    
20170228223623102810031    
20170228223623102810042    
20170228223623102810133    
20170228223623102810185    
20170228223623102810191    
20170228223623102810205    
20170228223623102810225    
20170228223623102820002    
20170228223623102820061    
20170228223623102830061    
20170228223623102840052    
201702282236231028410310   
20170228223623102841042    
20170228223623102860081    
20170228223623102861035    
201702282242041041100320   
20170228224204104110043    
20170228224204104110133    
20170228224204104110202    
20170228224204104110223    
20170228224204104110263    
20170228224204104120061    
20170228224204104130121    
201702282242041041310320   
20170228224204104140031    
20170228224204104141034    
20170228224204104141041    
20170301000342203710022    
20170301000342203710031    
20170301000342203710042    
20170301000342203710133    
20170301000342203710161    
20170301000342203710185    
20170301000342203710203    
20170301000342203710224    
20170301000342203730045    
20170301000342203731031    
20170301000342203740003    
20170301000342203740016    
20170301000342203740022    
20170301000342203740061    
20170301000342203740151    
20170301000342203740191    
20170301000342203741035    
20170301000342203741042    
20170301000342203741051    
20170301000342203741061    
20170301000342203741071    
