20170515084144009500106    
20170515084144009500033    
20170515084144009500043    
20170515084144009500571    
20170515084144009500401    
20170515092441027700102    
20170515092441027700031    
20170515092441027700041    
20170515092441027700061    
20170515092441027700201    
20170515092441027700211    
20170515092441027700451    
20170515092441027740523    
20170515092441027740535    
20170515092441027740221    
20170515092441027705032    
20170515092441027705151    
20170515092441027705162    
20170515092441027740114    
20170515094024023700102    
20170515094024023700031    
20170515094024023700041    
20170515094024023700281    
20170515094024023700591    
20170515094024023740533    
20170515094024023705041    
20170515094024023705122    
20170515094024023705161    
20170515103302802000103    
20170515103302802000032    
20170515103302802000042    
20170515103302802000571    
20170515103302802000072    
20170515103302802000221    
20170515103302802002041    
20170515103302802000581    
20170515103302802005042    
20170515103302802005121    
20170515103302802005151    
20170515103302802040113    
20170515111956802100031    
20170515111956802100041    
20170515111956802100301    
20170515111956802100102    
20170515111956802105021    
20170515111956802105041    
20170515111956802105075    
20170515111956802105122    
20170515111956802105131    
20170515111956802105152    
20170515111956802105162    
20170515111956802180031    
20170515111956802180041    
20170515111956802100072    
20170515114628802000101    
20170515114628802000041    
20170515131030799805035    
20170515131030799805175    
20170515131045800002011    
20170515131045800085002    
20170515132027802500031    
20170515132027802500751    
20170515132027802500101    
20170515132027802505032    
20170515132027802505121    
201705151321250282001010   
20170515132125028200035    
20170515132125028200045    
20170515132125028200401    
20170515132125028200281    
20170515132125028240535    
20170515132125028205022    
20170515132125028205122    
20170515132125028240131    
20170515132125028240171    
20170515132125028200722    
20170515133500007200104    
20170515133500007200032    
20170515133500007200042    
20170515133500007200211    
20170515133730801800031    
20170515133730801800211    
20170515133730801800101    
20170515133730801805021    
20170515133730801805041    
20170515133730801805081    
20170515133730801805121    
20170515133730801805152    
20170515133730801840525    
20170515133730801840535    
201705151337308018405510   
20170515133730801800071    
20170515134736008900033    
20170515134736008900042    
20170515134736008900105    
20170515134736008900061    
20170515134736008900072    
20170515134736008900571    
20170515134736008905152    
20170515134736008905173    
20170515134736008905043    
20170515134736008900211    
20170515134736008905032    
20170515134736008905131    
20170515134736008905075    
20170515134938802300103    
20170515134938802300032    
20170515134938802300041    
20170515134938802300201    
20170515134938802300211    
20170515134938802300221    
20170515134938802300401    
20170515134938802340535    
20170515134938802305201    
20170515134938802340391    
20170515134938802340131    
20170515134938802380031    
20170515135114003200104    
20170515135114003200032    
20170515135114003200042    
20170515135114003205174    
20170515135114003200571    
20170515135114003200063    
20170515135114003200072    
20170515135114003205032    
20170515135114003205022    
20170515135249008900072    
20170515135438019800035    
20170515135438019800045    
201705151354380198001010   
20170515135438019800571    
20170515135534020700105    
20170515135534020700032    
20170515135534020700042    
20170515135534020702041    
20170515135534020700301    
20170515135534020700401    
20170515135534020740112    
20170515135534020705021    
20170515135534020705031    
20170515135534020780011    
20170515135534020780021    
20170515135534020740523    
20170515135621801900033    
20170515135621801900042    
20170515135621801900203    
20170515135621801900221    
20170515135621801900251    
20170515135621801900301    
20170515135621801900106    
20170515135621801900081    
20170515135621801905032    
20170515135621801905044    
20170515135621801905081    
20170515135621801905123    
20170515135621801905175    
201705151356218019405510   
20170515135621801900062    
20170515135621801902043    
20170515135703023200034    
20170515135703023200043    
20170515135703023200202    
20170515135703023200571    
20170515135703023200722    
20170515135703023200731    
20170515135703023200107    
20170515135703023200282    
20170515135703023205033    
20170515135703023205045    
20170515135703023205126    
201705151357030232051510   
20170515135703023205164    
20170515135703023205173    
201705151357030232800112   
20170515135703023280031    
20170515135703023200062    
20170515135703023200074    
20170515141601024802011    
201705151416010248001011   
20170515141601024800035    
20170515141601024800045    
20170515141601024800571    
20170515141601024800082    
20170515141601024800065    
20170515141601024800073    
20170515141601024800201    
20170515141601024802041    
20170515141601024800771    
20170515141601024805041    
201705151416010248050725   
20170515141601024805081    
20170515141601024805135    
20170515141601024805146    
201705151416010248051510   
20170515141601024805161    
20170515141601024840171    
20170515141812803300031    
20170515141812803300041    
20170515141812803300102    
20170515141812803305121    
20170515141812803340525    
20170515141812803340535    
20170515141812803302021    
20170515141857004800102    
20170515141857004800032    
20170515141857004805152    
20170515141857004805041    
20170515141857004805032    
20170515141857004840111    
20170515141857004800631    
20170515141857004800072    
20170515141857004800061    
20170515142644500100077    
201705151426445001020212   
201705151426445001800510   
20170515142644500180061    
20170515142644500180071    
20170515143136802800031    
20170515143136802800041    
20170515143136802800752    
20170515143136802800102    
20170515143136802800081    
20170515143136802805022    
20170515143136802805081    
20170515143136802840022    
20170515143136802840131    
20170515143136802840212    
201705151431368028405510   
20170515143136802800061    
20170515143428005700031    
20170515143428005700041    
20170515143428005700102    
20170515143428005705121    
20170515143428005780011    
20170515143428005700071    
20170515143504801500032    
20170515143504801500043    
20170515143504801500201    
20170515143504801500572    
20170515143504801500581    
20170515143504801500107    
20170515143504801500081    
20170515143504801505032    
20170515143504801505043    
20170515143504801505122    
20170515143504801505152    
20170515143504801505162    
20170515143504801505202    
20170515143504801500061    
20170515143504801500072    
20170515143504801502041    
20170515143902023002041    
20170515143902023000631    
20170515143902023000032    
20170515143902023000102    
20170515143902023005122    
20170515143902023000071    
20170515143902023005021    
20170515143902023040535    
20170515143902023005151    
20170515144004801400032    
20170515144004801400042    
20170515144004801400201    
20170515144004801400105    
20170515144004801405021    
20170515144004801405032    
20170515144004801405043    
20170515144004801405075    
20170515144004801405123    
20170515144004801405131    
20170515144004801405151    
20170515144004801405172    
20170515144004801405201    
20170515144004801440201    
20170515144004801440212    
20170515144004801480031    
20170515144004801400071    
20170515144156801600033    
20170515144156801600043    
20170515144156801600201    
20170515144156801600211    
20170515144156801600221    
20170515144156801600106    
20170515144156801605032    
20170515144156801605042    
201705151441568016050710   
20170515144156801605122    
20170515144156801605131    
20170515144156801605141    
20170515144156801605155    
20170515144156801605164    
20170515144156801640112    
201705151441568016405210   
20170515144156801600071    
20170515144156801640391    
20170515144156801602041    
20170515144229801505131    
20170515144649015900102    
20170515144649015900031    
20170515144649015900041    
20170515144649015905041    
20170515144813016100106    
20170515144813016100035    
20170515144813016100042    
20170515144813016100081    
20170515144813016100201    
20170515144813016100282    
20170515144813016102042    
20170515144813016100751    
20170515144813016180022    
20170515144813016105032    
20170515144813016105124    
20170515144813016105152    
20170515144902025800032    
20170515144902025800042    
20170515144902025800201    
20170515144902025800221    
20170515144902025800731    
20170515144902025800104    
20170515144902025800081    
20170515144902025840171    
20170515144902025840523    
20170515144902025800074    
20170515144902025802041    
201705151450228000000315   
20170515145022800000047    
201705151450228000000617   
201705151450228000000719   
20170515145022800000086    
201705151450228000001017   
20170515145022800000131    
201705151450228000002117   
20170515145022800000224    
20170515145022800000282    
20170515145022800000301    
20170515145022800000402    
20170515145022800000577    
20170515145022800000631    
20170515145022800000721    
20170515145022800000731    
20170515145022800002047    
201705151450228000050214   
201705151450228000050319   
201705151450228000050414   
20170515145022800005081    
20170515145022800005121    
20170515145022800005147    
201705151450228000051515   
201705151450228000051713   
20170515145022800040113    
20170515145022800040131    
20170515145022800040212    
20170515145022800040392    
201705151450228000405255   
201705151450228000405383   
20170515145022800080032    
201705151450228000990154   
201705151450228000990242   
20170515145138024700102    
20170515145138024700031    
20170515145138024700041    
20170515145138024705151    
20170515145319020100102    
20170515145319020100031    
20170515145319020100041    
20170515145319020100071    
20170515145319020100731    
20170515145319020180014    
20170515145319020105032    
20170515145319020140121    
20170515145459006300106    
20170515145459006300033    
20170515145459006300043    
20170515145459006300571    
20170515145459006300072    
20170515145459006300201    
20170515145459006300212    
20170515145459006300301    
20170515145459006300631    
20170515145459006300721    
20170515145459006300751    
20170515145459006302011    
20170515145459006302042    
20170515145459006300451    
20170515145459006300581    
20170515145459006340525    
20170515145459006340213    
20170515145459006380018    
20170515145459006380024    
20170515145459006380041    
20170515145459006305022    
20170515145459006305042    
20170515145459006305125    
20170515145459006305152    
20170515145459006340141    
20170515145459006340391    
20170515145555000300102    
20170515145555000300032    
20170515145555000300061    
20170515145555000300071    
20170515145555000340212    
20170515145555000305041    
20170515145555000305081    
20170515145555000305122    
20170515145555000305161    
20170515145600007605021    
20170515145600007605032    
20170515145600007600061    
20170515145600007640211    
20170515145600007680031    
20170515145633012500101    
20170515145633012500041    
20170515145633012500281    
20170515145633012505121    
20170515145633012505172    
20170515145733800200721    
20170515145733800200755    
201705151457338002002812   
201705151457338002050316   
201705151457338002050410   
20170515145733800205122    
20170515145733800240015    
201705151457338002401410   
201705151457338002402110   
201705151457338002800112   
20170515145733800280024    
20170515145733800205212    
20170515145733800200066    
201705151457338002990136   
20170515145733800299026    
201705151457338002020412   
20170515145826002700032    
20170515145826002700042    
20170515145826002700102    
20170515145826002705201    
20170515145834800005172    
20170515145923802600404    
201705151459238026990130   
20170515150037801800041    
20170515150037801800101    
20170515150058015600108    
20170515150058015600033    
20170515150058015600043    
20170515150058015600062    
20170515150058015600073    
20170515150058015600201    
20170515150058015600221    
20170515150058015600281    
20170515150058015600752    
20170515150058015640211    
20170515150058015640558    
20170515150058015605021    
20170515150058015605123    
20170515150058015605141    
20170515150058015605151    
20170515150058015605163    
20170515150058015605203    
20170515150130024600103    
20170515150130024600032    
20170515150130024600041    
20170515150130024600571    
20170515150130024600201    
20170515150130024605041    
20170515150130024605123    
20170515150130024605171    
20170515150130024605151    
20170515150130024602041    
20170515150147025500071    
20170515150147025500211    
20170515150147025540555    
20170515150147025505021    
20170515150147025505031    
20170515150147025505042    
20170515150222026100071    
20170515150222026100031    
20170515150222026100101    
20170515150222026100571    
20170515150222026105131    
20170515150222026180012    
20170515150222026180021    
20170515150312007700063    
20170515150312007705032    
20170515150312007700211    
20170515150312007700401    
20170515150312007700571    
20170515150312007700076    
20170515150312007700037    
20170515150312007700045    
201705151503120077001013   
20170515150405008700034    
20170515150405008700042    
20170515150405008700061    
20170515150405008700076    
20170515150405008700106    
20170515150405008700201    
20170515150405008700211    
20170515150405008700221    
20170515150405008700581    
20170515150405008702041    
20170515150405008705021    
20170515150405008705031    
20170515150405008705041    
201705151504050087050715   
20170515150405008705133    
20170515150405008705141    
20170515150405008705162    
20170515150405008740111    
20170515150405008740391    
20170515150405008740525    
20170515150405008740555    
20170515150405008780014    
20170515150433004100102    
20170515150433004100031    
20170515150433004100041    
20170515150433004100061    
20170515150433004100071    
20170515150433004100211    
20170515150433004100301    
20170515150433004105021    
20170515150433004105031    
20170515150745803000032    
20170515150745803000042    
20170515150745803000201    
20170515150745803000231    
20170515150745803000581    
20170515150745803000631    
20170515150745803000104    
20170515150745803005021    
20170515150745803005041    
20170515150745803000061    
20170515150745803000071    
20170515151049018900031    
20170515151049018900041    
20170515151049018900103    
20170515151049018905122    
20170515151049018905152    
20170515151049018905162    
20170515151049018940141    
20170515151049018905202    
20170515151049018980014    
20170515151049018980024    
20170515151049018980041    
20170515151505500200401    
20170515151505500200571    
20170515151505500200102    
20170515151505500205022    
201705151515055002051420   
201705151515055002051515   
20170515151505500280055    
20170515151915022700102    
20170515151915022700031    
20170515151915022700041    
20170515151915022700221    
20170515151915022740533    
20170515151915022740211    
201705151519150227405520   
20170515151915022705021    
20170515152036016900102    
20170515152036016900031    
20170515152036016900041    
20170515152036016940212    
20170515152036016940111    
20170515152043014400035    
20170515152043014400042    
20170515152043014400571    
20170515152043014400731    
20170515152043014400108    
20170515152043014405081    
20170515152043014402041    
20170515152315007900101    
20170515152315007900042    
20170515152315007900722    
20170515152315007900451    
20170515152315007905022    
20170515152315007940525    
20170515152420027600031    
20170515152420027600041    
20170515152420027600441    
20170515152420027600102    
20170515152420027640112    
201705151524200276405510   
20170515152420027680014    
20170515152420027600062    
20170515152502027900102    
20170515152502027900031    
20170515152502027900041    
20170515152502027900071    
20170515152502027900581    
20170515152502027900591    
20170515152502027940525    
201705151525020279405310   
20170515152502027980014    
20170515152502027905021    
20170515152502027905032    
20170515152502027905041    
20170515152502027905151    
20170515152502027905162    
20170515152502027940131    
20170515152654020000105    
20170515152654020000033    
20170515152654020000041    
20170515152654020000081    
20170515152654020000061    
20170515152654020000571    
20170515152654020000072    
20170515152654020000201    
20170515152654020002041    
20170515152654020005081    
20170515152654020005151    
20170515152654020005162    
20170515152748027400101    
20170515152748027400031    
20170515152748027400063    
20170515152748027440525    
20170515152748027440535    
20170515152748027440201    
20170515152748027440212    
20170515152748027440221    
20170515152748027405043    
20170515152748027405152    
20170515152843002000031    
20170515152843002000101    
20170515152843002080024    
20170515152859026600101    
20170515152859026600031    
20170515152859026600071    
20170515152859026640525    
20170515152859026640211    
20170515152859026640555    
20170515152859026680012    
20170515152859026605011    
20170515152859026605122    
20170515152859026605202    
20170515153157028500031    
20170515153157028500041    
20170515153157028500102    
20170515153157028502021    
20170515153157028505021    
20170515153157028505031    
20170515153157028505122    
20170515153157028540171    
20170515153157028540211    
20170515153157028540391    
20170515153200028600032    
20170515153200028600041    
20170515153200028600063    
20170515153200028600103    
20170515153200028600211    
20170515153200028600571    
20170515153200028600721    
20170515153200028602021    
20170515153200028602031    
20170515153200028605021    
20170515153200028605162    
20170515153200028640171    
201705151532000286405210   
20170515153200028640538    
20170515153200028640553    
20170515153204028300102    
20170515153204028300031    
20170515153204028300041    
20170515153204028300282    
20170515153204028305042    
20170515153204028340171    
20170515153209011440525    
20170515153209011405033    
20170515153209011405022    
20170515153209011400032    
20170515153209011400041    
20170515153209011400103    
20170515153225028700034    
20170515153225028700043    
20170515153225028700062    
20170515153225028700075    
20170515153225028700212    
20170515153225028705122    
20170515153225028705132    
20170515153225028705142    
20170515153225028705201    
20170515153225028740171    
20170515153225028740212    
20170515153225028740392    
20170515153225028740524    
20170515153225028740534    
201705151532250287405510   
20170515153225028780021    
20170515153235006200101    
20170515153235006200031    
20170515153235006205023    
20170515153235006280042    
20170515153349022900102    
20170515153349022900031    
20170515153349022900061    
20170515153349022900071    
20170515153349022900581    
20170515153349022900591    
20170515153349022900491    
20170515153349022905021    
20170515153349022905042    
20170515153349022905142    
20170515153458006600034    
20170515153458006600043    
20170515153458006600401    
20170515153458006600106    
20170515153630006700041    
20170515153630006700101    
20170515153630006700071    
20170515153630006740522    
20170515153630006740533    
20170515153630006780012    
20170515153829013300103    
20170515153829013300032    
20170515153829013300041    
20170515153829013300401    
201705151538290133050715   
20170515153829013340172    
20170515153840022100104    
20170515153840022100032    
20170515153840022100042    
20170515153840022140112    
20170515154001802400103    
20170515154001802400032    
20170515154001802400041    
20170515154001802400061    
20170515154001802400071    
20170515154001802400212    
20170515154001802400221    
20170515154001802400301    
201705151540018024405510   
20170515154001802405022    
20170515154001802405031    
20170515154110013100103    
20170515154110013100033    
20170515154110013100042    
20170515154110013100061    
20170515154110013100072    
20170515154110013100211    
20170515154110013100221    
20170515154110013102041    
20170515154110013100731    
20170515154110013140212    
201705151541100131405520   
20170515154110013180031    
20170515154110013105021    
20170515154110013105032    
20170515154110013105042    
20170515154110013105141    
20170515154110013105151    
20170515154110013105161    
20170515154110013140111    
20170515154110013140121    
20170515154320001100104    
20170515154320001100032    
20170515154320001100042    
20170515154320001100073    
20170515154320001100632    
20170515154320001140523    
20170515154320001140537    
20170515154320001105042    
20170515154320001100771    
20170515154355006302024    
20170515154410003300105    
20170515154410003300033    
20170515154410003300042    
20170515154410003300061    
20170515154410003300201    
20170515154410003302041    
20170515154410003305031    
20170515154410003305125    
20170515154410003340021    
20170515154410003340171    
20170515154443022400104    
20170515154443022400032    
20170515154443022400042    
20170515154443022400072    
20170515154658027800101    
20170515154658027800031    
20170515154658027800221    
20170515154658027805162    
20170515154716010700033    
20170515154716010700042    
20170515154716010700109    
20170515154716010700571    
20170515154716010700072    
20170515154716010700721    
20170515154754019300104    
20170515154754019300032    
20170515154754019300042    
20170515154754019300211    
20170515154754019300221    
20170515154754019302041    
20170515154754019300581    
20170515154754019340535    
20170515154754019340555    
20170515154754019380014    
20170515154754019380022    
20170515154754019380031    
20170515154754019305022    
20170515154754019305042    
20170515154754019305081    
20170515154754019305152    
20170515154754019305162    
20170515155001023900102    
20170515155001023900031    
20170515155001023900041    
20170515155001023900401    
20170515155001023900731    
20170515155001023905123    
20170515155418017800041    
20170515155418017800101    
20170515155635026900102    
20170515155635026900031    
20170515155635026900041    
20170515155635026902011    
20170515155635026985001    
20170515155635026900211    
20170515155635026900301    
20170515155635026900581    
20170515155635026940523    
20170515155635026940533    
20170515155635026980032    
20170515155635026905041    
20170515155635026905075    
20170515155635026905131    
20170515155635026905081    
