2017030222342120242001120  
20170302223421202420062    
20170302223421202420071    
20170302223421202420081    
20170302223421202420201    
20170302223421202420901    
20170302223421202420921    
20170302223421202420931    
201703022243122069200180   
20170302224312206920051    
20170302224312206920062    
20170302224312206920072    
20170302224312206920082    
20170302224312206920321    
201703022243122069206510   
20170302224312206920901    
20170302224312206920911    
20170302224312206920931    
2017030222532622302001140  
20170302225326223020062    
20170302225326223020071    
20170302225326223020082    
20170302225326223020321    
20170302225326223020551    
201703022253262230206530   
20170302225326223020911    
20170302225326223020921    
20170302225326223020931    
20170302225326223021041    
201703022326282226200120   
20170302232628222620071    
20170302232628222620081    
20170302232628222620655    
201703022326292061200160   
20170302232629206120061    
20170302232629206120081    
20170302232629206120655    
20170302232629206120911    
2017030223371720322001160  
20170302233717203220062    
20170302233717203220072    
20170302233717203220321    
201703022337172032206515   
201703022348102026200160   
20170302234810202620061    
20170302234810202620081    
201703022348102026206510   
20170302234810202620931    
2017030223530420942001180  
20170302235304209420062    
20170302235304209420072    
20170302235304209420321    
20170302235304209420551    
201703022353042094206520   
2017030223531220912001140  
20170302235312209120061    
20170302235312209120071    
20170302235312209120081    
20170302235312209120321    
20170302235312209120551    
201703022353122091206515   
20170302235312209120901    
20170302235312209121041    
2017030300063720432001200  
20170303000637204320062    
20170303000637204320072    
20170303000637204320082    
20170303000637204320301    
20170303000637204320321    
20170303000637204320551    
201703030006372043206520   
20170303000637204321041    
20170303000637204321051    
2017030300190020342001220  
20170303001900203420055    
20170303001900203420063    
20170303001900203420072    
20170303001900203420082    
20170303001900203420301    
20170303001900203420311    
20170303001900203420322    
20170303001900203420611    
201703030019002034206515   
2017030301344113812001140  
20170303013441138120061    
20170303013441138120301    
20170303013441138120072    
201703030134411381206510   
2017030301412021152001160  
20170303014120211520062    
20170303014120211520072    
20170303014120211520082    
20170303014120211520161    
20170303014120211520322    
20170303014120211520551    
201703030141202115206530   
20170303014120211520901    
20170303014436138121041    
