20170801194412395910101    
20170801194412395910301    
20170801194412395910323    
20170801194412395910422    
20170801194412395910551    
20170801194412395910651    
20170801194412395910742    
20170801194412395925081    
20170801194412395925072    
20170801194412395922991    
20170801194412395922971    
20170801194412395922521    
20170801194412395911181    
20170801194412395911272    
20170801194412395911333    
20170801194412395911425    
20170801194412395911741    
20170801194412395911832    
20170801194412395911961    
20170801194412395912021    
20170801200255528710461    
20170801200255528710311    
20170801200255528710821    
20170801200255528710391    
20170801200255528710494    
20170801200255528710332    
20170801200255528710343    
20170801200255528711992    
20170801200255528711321    
20170801200255528723013    
20170801200255528710326    
20170801200255528710921    
20170801205427339023011    
20170801205427339011271    
20170801205427339011331    
20170801205427339011991    
20170801205427339011412    
20170801205427339011422    
20170801205427339011613    
20170801205427339010421    
20170801205427339010311    
20170801205427339010323    
20170801205427339025071    
20170801205913395911612    
