20170811101643201411011    
20170811101643201411051    
20170811101643201412011    
20170811101643201412032    
20170811161318201211012    
20170811161318201211021    
20170811162044100911013    
20170811162044100911021    
20170811162044100911041    
20170811170131101211014    
20170811170131101211024    
20170811170131101211031    
20170811170131101211062    
20170811170131101212031    
20170811173624302211021    
201708111736243022111110   
20170811174117302111021    
20170811174232100211023    
20170811174232100211013    
20170811180110101911012    
20170811180110101911022    
20170811180110101912031    
20170811180110101911061    
201708111801101019111110   
20170811182057200111024    
20170811182057200111051    
20170811182057200111061    
20170811182057200112061    
20170811182106102611021    
20170811182106102611061    
20170811182106102611012    
20170811182106102612031    
20170811185154200711012    
20170811185154200711021    
20170811190655202311011    
20170811192447201211051    
20170811194242102511012    
20170811194242102511021    
20170811194242102511031    
20170811195336200611021    
20170811195336200611061    
20170811195336200612011    
20170811195513102011011    
20170811195513102011021    
20170811201050200114005    
20170811201155100311012    
20170811201155100311022    
20170811201155100311031    
201708112011551003111120   
20170811201155100313111    
20170811201208100214004    
20170811203011201011022    
20170811203011201014004    
20170811204252302214002    
20170811204330302114002    
20170811204627200311022    
20170811204627200311051    
20170811204627200312031    
20170811204627200314002    
20170811211210200614002    
