201710091947477002500110   
20171009194747700250042    
20171009194747700250052    
20171009194747700250071    
201710091947477002501312   
20171009194747700250222    
20171009194747700250625    
20171009194747700250631    
20171009194747700250711    
20171009194747700251052    
20171009223208706850014    
20171009223208706850042    
20171009223208706850183    
20171009223208706850221    
20171009223208706850071    
20171009223208706850721    
20171009223208706850141    
20171009223208706850133    
20171009223208706851062    
20171009230555704150136    
20171009230555704150591    
20171009231151707050015    
20171009231151707050136    
20171009231151707050221    
20171009231151707051052    
20171010000941705350018    
20171010000941705350041    
20171010000941705350051    
20171010000941705350133    
20171010000941705350141    
20171010000941705350221    
20171010000941705351181    
20171010000941705351271    
20171010004249103130018    
20171010004249103131211    
20171010004249103131431    
20171010010836700950015    
20171010010836700950041    
20171010010836700950052    
201710100108367009501315   
20171010010836700950231    
20171010010836700950291    
20171010012409703250222    
20171010012409703250231    
20171010012409703251191    
20171010012409703250625    
20171010012409703250421    
20171010012409703250141    
20171010012409703251271    
20171010012409703250061    
20171010012409703250721    
20171010012409703250192    
20171010012409703250072    
20171010012409703250161    
20171010012409703250172    
20171010012409703250682    
20171010012409703250042    
201710100124097032500130   
20171010013420107230017    
20171010013420107230031    
20171010013420107231131    
201710100227221030316015   
201710100227221030316220   
20171010022722103030031    
20171010022722103031034    
20171010022722103031581    
20171010022722103031541    
20171010022722103030872    
