20170320021136520940021    
20170320021136520950101    
20170320021136520950121    
20170320021136520950151    
20170320021136520960001    
20170320021136520960011    
20170320021136520960321    
20170320021136520960351    
20170320021136520960391    
20170320021136520960461    
20170320074553141540001    
20170320074553141540021    
20170320074553141550011    
20170320074553141560003    
20170320084451510650101    
20170320084451510650291    
20170320084451510660001    
20170320084451510660391    
20170320084451510660411    
20170320100129551050301    
20170320100129551040001    
20170320100129551060001    
20170320100129551060601    
20170320100129551060391    
20170320100129551060411    
20170320101754770140011    
20170320101754770160333    
20170320101754770150101    
20170320102018660540001    
20170320102018660540021    
20170320102018660550101    
20170320102018660560301    
20170320102018660560311    
20170320102124012540001    
20170320102124012550151    
20170320102124012560394    
20170320102207012940031    
20170320102207012950101    
20170320102207012959991    
20170320102207012960321    
20170320102207012960393    
