201703260031490901006320   
20170326003149090100711    
20170326003149090101072    
20170326003149090101114    
201703260031490901031730   
20170326003149090106014    
201703261241340815000230   
20170326140800063001063    
201703261408000630000420   
20170326140800063000761    
20170326140800063001111    
20170327000335135400041    
201703270003351354001130   
20170327000335135401111    
201703270012410051000410   
20170327001241005101111    
20170327001241005102181    
201703270012410051007510   
20170327001706040000141    
201703270017060400005860   
20170327001706040000712    
20170327001706040001065    
20170327001706040001114    
20170327001732063600625    
20170327001732063600861    
20170327001732063606015    
201703270024481408005810   
201703270024481408006210   
20170327002448140800871    
20170327002448140801192    
20170327002448140806013    
201703270101580040001110   
20170327010158004000585    
20170327010158004001111    
20170327010158004006013    
20170327015426001800041    
20170327015426001800113    
20170327065900002500115    
20170327065900002500761    
20170327065900002501111    
201703270659260041031510   
20170327065926004106011    
201703270659512002000410   
20170327065951200200741    
20170327065951200201311    
20170327070028080900141    
20170327070028080901111    
20170327070028080903172    
20170327070028080906013    
201703270700461413031512   
201703270701090005001110   
20170327070109000500131    
20170327070109000500141    
20170327070109000501111    
201703270701291423001110   
20170327070129142300721    
20170327070238140100805    
20170327070257002400045    
20170327070257002406222    
20170327070257002406242    
201703270704230503060110   
