20170302141428100810021    
20170302141428100810032    
20170302141428100810041    
20170302141428100810081    
20170302141428100810091    
20170302141428100810132    
20170302141428100810188    
20170302141428100810203    
20170302141428100810223    
20170302141428100810262    
20170302141428100820001    
20170302141428100820015    
20170302141428100820063    
20170302141428100820081    
20170302141428100831031    
20170302141428100840002    
201703021414281008400110   
20170302141428100840024    
20170302141428100840051    
20170302141428100840152    
20170302141428100841037    
20170302141428100841041    
20170302151349100510022    
20170302151349100510031    
20170302151349100510071    
20170302151349100510131    
20170302151349100510185    
20170302151349100510222    
20170302151349100510262    
20170302151349100520001    
20170302151349100520091    
201703021513491005310310   
20170302151349100540002    
20170302151349100540016    
20170302151349100540022    
20170302151349100540031    
20170302151349100540091    
20170302151349100540151    
20170302151349100541032    
20170302151349100541041    
20170302154403102010011    
20170302154403102010022    
20170302154403102010032    
20170302154403102010042    
20170302154403102010051    
20170302154403102010138    
201703021544031020101816   
20170302154403102010206    
20170302154403102010265    
20170302154403102020001    
20170302154403102030071    
201703021544031020310310   
20170302154403102040052    
20170302154403102041037    
20170302154403102041042    
20170302175638100110011    
20170302175638100110022    
20170302175638100110032    
20170302175638100110041    
20170302175638100110061    
20170302175638100110136    
20170302175638100110192    
20170302175638100110203    
20170302175638100110223    
20170302175638100120065    
20170302175638100140031    
20170302175638100140053    
20170302175638100140151    
20170302175638100141038    
20170302175638100141041    
20170302175638100141051    
20170302175749204410021    
201703021757492044100320   
20170302175749204410042    
20170302175749204410061    
20170302175749204410081    
20170302175749204410135    
20170302175749204410161    
20170302175749204410188    
20170302175749204410191    
20170302175749204410204    
20170302175749204410223    
20170302175749204410262    
20170302175749204420001    
20170302175749204420061    
20170302175749204430071    
201703021757492044310320   
20170302175749204440003    
20170302175749204440016    
20170302175749204440021    
20170302175749204440053    
20170302175749204441033    
20170302175749204441043    
20170302175749204441051    
20170302175749204441061    
20170302175749204441071    
20170302175749204450011    
20170302175749204477791    
20170302181212202810021    
20170302181212202810042    
20170302181212202810051    
20170302181212202810161    
201703021812122028101810   
20170302181212202810203    
20170302181212202810224    
20170302181212202810262    
20170302181212202820001    
20170302181212202820063    
201703021812122028310320   
20170302181212202840191    
20170302181212202841035    
20170302181212202841041    
20170302182938104610021    
201703021829381046100317   
20170302182938104610041    
20170302182938104610071    
20170302182938104610134    
20170302182938104610161    
20170302182938104610203    
20170302182938104610223    
20170302182938104630121    
20170302182938104640001    
201703021829381046401620   
20170302182938104640191    
20170302182938104641033    
20170302182938104641051    
20170302182938104650041    
20170302182938104678121    
20170302191959204210021    
201703021919592042100320   
20170302191959204210042    
20170302191959204210051    
20170302191959204210133    
20170302191959204210184    
20170302191959204210203    
20170302191959204210222    
20170302191959204210262    
20170302191959204220001    
20170302191959204220061    
20170302191959204230043    
201703021919592042310320   
20170302191959204240002    
20170302191959204240012    
20170302191959204240052    
20170302191959204240091    
20170302191959204240191    
20170302191959204241032    
20170302191959204241042    
20170302191959204241071    
20170302200025204010011    
20170302200025204010022    
20170302200025204010041    
20170302200025204010133    
20170302200025204010182    
20170302200025204010202    
20170302200025204010222    
20170302200025204010261    
20170302200025204031031    
20170302200025204040001    
20170302200025204040012    
20170302200025204040021    
20170302200025204040031    
20170302200025204041033    
20170302200025204041041    
20170302200025204041071    
20170302201410202510022    
201703022014102025100320   
20170302201410202510041    
20170302201410202510051    
20170302201410202510061    
20170302201410202510184    
20170302201410202510202    
20170302201410202510223    
20170302201410202510251    
20170302201410202510261    
20170302201410202520071    
201703022014102025310320   
20170302201410202540051    
20170302201410202540151    
20170302201410202540191    
20170302201410202541036    
20170302201410202541041    
20170302202719100810052    
20170302204251104010022    
201703022042511040100350   
20170302204251104010043    
20170302204251104010061    
20170302204251104010182    
20170302204251104010191    
20170302204251104010205    
20170302204251104010224    
20170302204251104010264    
20170302204251104020002    
20170302204251104020061    
20170302204251104040003    
20170302204251104040015    
20170302204251104040023    
20170302204251104040031    
20170302204251104040051    
20170302204251104040111    
20170302204251104040152    
20170302204251104041037    
20170302204251104041042    
20170302204251104050012    
20170302204251104077791    
20170302204713102810021    
20170302204713102810031    
20170302204713102810042    
20170302204713102810061    
20170302204713102810081    
20170302204713102810091    
20170302204713102810132    
20170302204713102810182    
20170302204713102810202    
20170302204713102810222    
20170302204713102820061    
20170302204713102820081    
20170302204713102840051    
20170302204713102840191    
20170302204713102841032    
20170302204713102841041    
20170302205022102020062    
201703022050472050100320   
20170302205047205010042    
20170302205047205010188    
20170302205047205010191    
20170302205047205010202    
20170302205047205010221    
20170302205047205010261    
20170302205047205040051    
20170302205047205041032    
20170302205047205041041    
20170302205047205077791    
20170302205740204810021    
201703022057402048100320   
20170302205740204810042    
20170302205740204810134    
20170302205740204810181    
20170302205740204810202    
20170302205740204810224    
20170302205740204810262    
20170302205740204840031    
20170302205740204840052    
20170302205740204840191    
20170302205740204841033    
20170302205740204841042    
20170302205740204877801    
20170302210800103610021    
201703022108001036100340   
20170302210800103610041    
20170302210800103610061    
20170302210800103610091    
201703022108001036101310   
20170302210800103610185    
20170302210800103610223    
20170302210800103630061    
201703022108001036310320   
20170302210800103640153    
20170302210800103641035    
20170302210800103641071    
20170302211609204710041    
20170302211609204710133    
20170302211609204710182    
20170302211609204710202    
20170302211609204710261    
20170302211609204740051    
20170302211609204740191    
20170302211609204741031    
20170302211609204741041    
20170302212012103410011    
20170302212012103410021    
20170302212012103410031    
20170302212012103410042    
20170302212012103410138    
20170302212012103410185    
20170302212012103410202    
20170302212012103410224    
20170302212012103410262    
20170302212012103420001    
20170302212012103441034    
20170302212012103460072    
20170302213509104510021    
201703022135091045100320   
20170302213509104510041    
20170302213509104510181    
20170302213509104510202    
20170302213509104510222    
20170302213509104510262    
201703022135091045310310   
20170302213509104540002    
20170302213509104540016    
20170302213509104540021    
20170302213509104540151    
20170302213509104541032    
20170302213509104550031    
20170302213509104560082    
20170302213509104561035    
20170302213707103310011    
20170302213707103310022    
20170302213707103310042    
20170302213707103310051    
20170302213707103310081    
20170302213707103310133    
20170302213707103320081    
20170302213707103330061    
20170302213707103340014    
20170302213707103340023    
20170302213707103340031    
20170302213707103340052    
20170302213707103340151    
20170302213707103310033    
20170302213707103320001    
20170302213707103310202    
20170302213707103341039    
20170302213707103341041    
201703022137071033310320   
20170302213707103310182    
20170302213707103310221    
20170302213707103310261    
20170302213707103340191    
20170302213707103341051    
20170302213707103341061    
20170302213707103341071    
20170302220410204440165    
20170302222449104110011    
20170302222449104110021    
201703022224491041100340   
20170302222449104110043    
20170302222449104110137    
20170302222449104110191    
20170302222449104110205    
20170302222449104110225    
20170302222449104110263    
20170302222449104120002    
20170302222449104120061    
20170302222449104130046    
201703022224491041310320   
20170302222449104140031    
20170302222449104141035    
20170302222449104141041    
20170302231001203710021    
20170302231001203710032    
20170302231001203710042    
20170302231001203710135    
20170302231001203710187    
20170302231001203710202    
20170302231001203710223    
20170302231001203720001    
20170302231001203720061    
20170302231001203740002    
20170302231001203740015    
20170302231001203740021    
20170302231001203740031    
20170302231001203740051    
20170302231001203740151    
20170302231001203741034    
20170302231001203741041    
20170302231001203741071    
201703030020181042100320   
20170303002018104210041    
20170303002018104210134    
20170303002018104210183    
20170303002018104210202    
20170303002018104210223    
20170303002018104210262    
20170303002018104240001    
20170303002018104240012    
20170303002018104241032    
20170303002018104260091    
