20170327002748023700101    
20170327002748023700031    
20170327002748023700041    
20170327002748023700071    
20170327002748023700281    
20170327002748023700591    
20170327002748023740211    
20170327002748023780012    
20170327002748023780022    
20170327002748023705201    
20170327002748023705021    
20170327002748023705122    
20170327002748023705141    
20170327002748023705161    
20170327002748023740131    
20170327002748023740171    
20170327003121023700581    
20170327003121023705031    
20170327081403027700104    
20170327081403027700031    
20170327081403027700042    
20170327081403027700062    
20170327081403027700072    
20170327081403027700201    
20170327081403027700211    
20170327081403027700221    
201703270814030277405310   
20170327081403027740211    
201703270814030277405510   
20170327081403027705022    
20170327081403027705042    
20170327081403027705121    
20170327081403027705141    
20170327081403027705152    
20170327081403027705162    
20170327081403027705201    
20170327081403027740011    
20170327113902027100031    
20170327113902027100042    
20170327113902027100103    
20170327113902027100571    
20170327113902027100201    
20170327113902027100281    
20170327113902027180014    
20170327113902027140141    
20170327113902027140171    
20170327132955007200105    
20170327132955007200033    
20170327132955007200042    
20170327133015024700103    
20170327133015024700031    
20170327133015024700041    
20170327133015024700201    
20170327133015024700211    
20170327133015024705022    
20170327133015024705044    
20170327133015024705121    
20170327133015024705151    
20170327133015024705202    
20170327133015024740171    
20170327133015024740391    
20170327133015024702041    
20170327133614028200108    
20170327133614028200035    
20170327133614028200043    
20170327133614028200401    
20170327135104023200036    
20170327135104023200043    
20170327135104023200202    
20170327135104023200211    
20170327135104023200572    
20170327135104023200752    
20170327135104023200109    
20170327135104023200282    
20170327135104023205033    
20170327135104023205123    
20170327135104023205154    
20170327135104023205165    
20170327135104023205175    
20170327135104023205203    
20170327135104023240201    
20170327135104023240212    
201703271351040232800112   
20170327135104023200063    
20170327135104023200074    
20170327135104023202041    
20170327135439020700106    
20170327135439020700033    
20170327135439020700043    
20170327135439020700061    
20170327135439020700072    
20170327135439020700211    
20170327135439020700231    
20170327135439020700401    
20170327135439020740112    
20170327135439020705021    
20170327135439020705032    
20170327135439020705041    
20170327135439020705141    
20170327135439020780013    
20170327135439020780021    
20170327135439020702011    
20170327135600008900033    
20170327135600008900042    
20170327135600008900105    
20170327135600008900062    
20170327135600008900072    
20170327135600008905152    
20170327135600008905043    
20170327135600008905021    
20170327140054019800036    
20170327140054019800046    
201703271400540198001010   
20170327140106026100041    
20170327140106026100101    
20170327140106026100062    
20170327140106026100072    
20170327140106026100571    
20170327140106026105031    
20170327140106026140011    
20170327140106026100281    
20170327140106026105162    
20170327140106026180022    
20170327140106026180012    
20170327140953026100101    
20170327141228015900103    
20170327141228015900032    
20170327141228015900041    
20170327141228015900731    
20170327142744005700031    
20170327142744005700041    
20170327142744005700102    
20170327142744005705121    
20170327142744005700061    
20170327142744005700071    
20170327142744005780011    
20170327142913000300102    
20170327142913000300032    
20170327142913000300042    
20170327142913000300571    
20170327142913000300072    
20170327142913000300201    
20170327142913000380031    
20170327142913000305124    
20170327142913000305161    
20170327142935004840523    
20170327142935004800571    
20170327142935004805022    
20170327142935004805045    
20170327142935004880031    
20170327142935004805032    
20170327142935004800211    
20170327142935004800062    
20170327142935004800072    
20170327142952022300101    
20170327142952022300031    
20170327142952022305203    
201703271429520223405210   
20170327142952022340112    
20170327142952022380014    
20170327143030022305022    
20170327143119002000031    
20170327143119002000101    
20170327143119002040112    
20170327143119002000401    
20170327143119002040523    
20170327143503007900104    
20170327143503007900032    
20170327143503007900042    
20170327143503007900071    
20170327143503007905024    
20170327143503007905151    
20170327143609024802011    
201703271436090248001013   
20170327143609024800037    
20170327143609024800046    
20170327143609024800571    
20170327143609024800081    
20170327143609024800064    
20170327143609024800074    
20170327143609024802031    
20170327143609024800201    
20170327143609024805042    
20170327143609024805146    
20170327143609024805155    
20170327143609024805162    
20170327143845015600107    
20170327143845015600033    
20170327143845015600043    
20170327143845015600571    
20170327143845015600063    
20170327143845015600073    
20170327143845015600202    
20170327143845015600211    
20170327143845015602041    
20170327143845015600751    
20170327143845015600421    
20170327143845015640523    
20170327143845015605021    
20170327143845015605032    
20170327143845015605042    
20170327143845015605123    
20170327143845015605142    
20170327143845015605152    
20170327143845015605164    
20170327143845015605203    
20170327144122023000032    
20170327144122023000041    
20170327144122023000104    
20170327144122023080014    
20170327144122023005122    
20170327144122023000581    
20170327144122023005032    
20170327144122023040525    
20170327144122023040535    
20170327144122023005172    
20170327144122023005151    
20170327144122023005141    
20170327144122023005041    
20170327144122023000281    
20170327144122023000211    
20170327144306013100103    
20170327144306013100031    
20170327144306013100042    
20170327144306013100072    
20170327144306013100202    
20170327144306013100211    
20170327144306013100221    
20170327144306013180014    
20170327144306013105021    
20170327144306013105042    
20170327144306013105151    
20170327144306013105161    
20170327144306013140111    
20170327144326006600034    
20170327144326006600043    
20170327144326006600106    
20170327144432009500104    
20170327144432009500032    
20170327144432009500042    
20170327144432009500073    
20170327144432009500591    
20170327145003012500102    
20170327145003012500031    
20170327145003012500041    
20170327145003012500211    
20170327145003012580014    
20170327145003012505121    
20170327145003012540141    
20170327145003012505203    
20170327145635014400034    
20170327145635014400043    
20170327145635014400401    
20170327145635014400107    
20170327145635014405021    
20170327145635014405031    
20170327145635014405081    
20170327145635014405151    
20170327145635014405162    
20170327145635014400062    
20170327145635014400071    
20170327145808022905032    
20170327145808022905042    
20170327145808022905075    
20170327145808022905131    
20170327145910011400062    
20170327145910011405033    
20170327145910011400031    
20170327145910011400041    
20170327145910011400102    
20170327145910011400401    
20170327150425007700108    
20170327150425007700035    
20170327150425007700043    
20170327150425007700073    
20170327150425007700212    
20170327150902003200105    
20170327150902003200033    
20170327150902003200042    
20170327150902003200062    
20170327150902003200072    
20170327150902003205152    
20170327150902003205172    
20170327150902003240112    
20170327150941027900031    
20170327150941027900041    
20170327150941027900061    
20170327150941027900221    
20170327150941027900281    
20170327150941027902041    
20170327150941027900581    
20170327150941027900591    
20170327150941027940535    
20170327150941027940555    
20170327150941027980014    
20170327150941027905021    
20170327150941027905032    
20170327150941027905075    
20170327150941027905143    
20170327150941027905152    
20170327150941027940111    
20170327150941027940171    
20170327151020025100102    
20170327151020025100031    
20170327151020025100041    
20170327151020025100201    
20170327151020025180014    
20170327151020025180024    
20170327151020025105021    
20170327151020025105121    
20170327151020025105141    
20170327151020025105161    
20170327151020025140391    
20170327151020025102041    
20170327151033002700042    
20170327151033002700031    
20170327151033002700103    
20170327151120027600041    
20170327151120027600101    
20170327151213024600101    
20170327151213024600031    
20170327151213024600071    
20170327151213024605031    
20170327151213024605041    
20170327151213024605123    
20170327151213024605151    
20170327151213024605172    
20170327151213024640534    
20170327151213024680031    
20170327151533018900032    
20170327151533018900041    
20170327151533018900211    
20170327151533018900102    
20170327151533018905042    
20170327151533018905152    
20170327151533018940021    
20170327151533018905202    
20170327151734009300076    
20170327151734009300066    
20170327151734009305123    
20170327151734009300752    
20170327151734009302046    
20170327151734009305022    
20170327151736001100105    
20170327151736001100033    
20170327151736001100042    
20170327151736001100072    
20170327151736001100631    
20170327151736001140021    
20170327151736001100771    
20170327151857025800221    
20170327151857025800401    
20170327151857025805011    
20170327151857025840113    
20170327151857025800072    
20170327152022028300101    
20170327152022028300031    
20170327152022028300071    
20170327152022028380014    
20170327152022028380021    
20170327152022028305152    
20170327152115020000102    
20170327152115020000031    
20170327152115020000041    
20170327152115020000071    
20170327152115020000431    
20170327152115020000731    
20170327152115020005042    
20170327152346028100103    
20170327152346028100032    
20170327152346028100041    
20170327152346028100072    
20170327152346028100062    
20170327152346028100771    
20170327152355022700071    
20170327152355022700211    
20170327152355022700731    
20170327152355022700401    
20170327152355022740525    
20170327152357003800441    
20170327152357003805041    
20170327152357003802041    
20170327152357003800202    
20170327152357003800251    
20170327152357003805163    
20170327152357003840525    
20170327152357003840535    
20170327152357003800032    
20170327152357003800041    
20170327152357003800103    
20170327153036006700031    
20170327153036006700101    
20170327153106016900102    
20170327153106016900031    
20170327153106016900041    
20170327153106016900062    
20170327153106016900072    
20170327153106016940524    
20170327153106016940533    
20170327153106016905011    
20170327153152026600102    
20170327153152026600031    
20170327153152026600041    
20170327153152026605021    
20170327153152026605032    
20170327153152026605041    
20170327153152026605122    
20170327153152026605161    
20170327153152026605202    
20170327153328006300106    
20170327153328006300033    
20170327153328006300044    
20170327153328006300064    
20170327153328006300073    
20170327153328006300201    
20170327153328006300212    
20170327153328006300301    
20170327153328006300752    
20170327153328006302024    
20170327153328006302042    
20170327153328006300451    
20170327153328006300731    
20170327153328006340212    
20170327153328006380014    
20170327153328006380022    
20170327153328006380051    
20170327153328006305022    
20170327153328006305042    
20170327153328006305125    
20170327153328006305143    
20170327153328006300771    
20170327153328006340112    
20170327153328006340141    
20170327153328006340391    
20170327153434022100104    
20170327153434022100032    
20170327153434022100042    
20170327153434022100062    
20170327153434022100221    
20170327153434022100281    
20170327153434022102041    
20170327153517008700033    
20170327153517008700041    
20170327153517008700103    
20170327153517008700211    
20170327153517008700401    
20170327153517008705021    
20170327153517008705031    
20170327153517008705152    
20170327153517008705162    
20170327153552019300104    
20170327153552019300032    
20170327153552019300042    
20170327153552019300061    
20170327153552019300071    
20170327153552019300211    
20170327153552019300221    
20170327153552019302041    
20170327153552019340525    
201703271535520193405310   
20170327153552019380014    
20170327153552019305021    
20170327153552019305032    
20170327153552019305042    
20170327153552019305152    
20170327153552019305162    
20170327153552019340112    
20170327153552019340391    
20170327153601010800104    
20170327153601010800032    
20170327153601010800042    
20170327153601010800221    
20170327153601010840391    
20170327153601010805122    
20170327153601010805202    
20170327153601010880013    
20170327153601010880022    
20170327153719013300101    
20170327153719013300031    
20170327153719013340525    
20170327153844026900102    
20170327153844026900031    
20170327153844026900041    
20170327153844026900061    
20170327153844026900071    
20170327153844026900211    
20170327153844026980041    
20170327153844026980014    
20170327153844026980022    
20170327153844026905021    
20170327153844026905041    
20170327154105803300031    
20170327154105803300041    
20170327154105803300581    
20170327154105803300102    
20170327154105803300281    
20170327154105803305121    
20170327154105803302041    
20170327154222025500031    
20170327154222025500041    
20170327154303023900101    
20170327154303023900031    
20170327154303023900571    
20170327154303023900211    
20170327154303023905122    
20170327154843006200103    
20170327154843006200031    
20170327154843006200041    
20170327154843006205024    
20170327154843006200631    
20170327154843006200401    
20170327155041013000103    
20170327155041013000032    
20170327155041013000041    
20170327155041013000201    
20170327155041013000211    
20170327155041013000063    
20170327155041013005021    
20170327155041013040524    
20170327155041013000072    
20170327155041013005122    
20170327155041013000441    
20170327155142003300106    
20170327155142003300033    
20170327155142003300043    
20170327155142003305123    
20170327155142003340021    
20170327155510004100104    
20170327155510004100032    
20170327155510004100042    
20170327155510004100061    
20170327155510004100211    
20170327155510004100231    
20170327155510004100401    
20170327155510004105021    
20170327155510004105161    
20170327155737022400102    
20170327155737022400031    
20170327155737022400041    
20170327155737022405152    
20170327155737022405142    
20170327155737022405162    
20170327155808003300101    
20170327155808003300031    
