20171102173538528722183    
20171102173538528711611    
20171102173538528711992    
20171102173538528711321    
20171102173538528711141    
20171102173538528723012    
20171102173538528711641    
20171102173538528710325    
20171102173538528711241    
20171102173538528710352    
20171102173538528711423    
20171102173538528710493    
20171102173538528722991    
20171102173538528710333    
20171102173538528710342    
20171102175157339023012    
20171102175157339011271    
20171102175157339011331    
20171102175157339011422    
20171102175157339011611    
20171102175157339011621    
20171102175157339010421    
20171102175157339010741    
20171102175157339010271    
20171102175157339010291    
20171102175157339010324    
20171102175157339010333    
20171102175157339010391    
20171102175157339025071    
20171102175157339011164    
20171102200423395910291    
20171102200423395910325    
201711022004233959103310   
20171102200423395910492    
20171102200423395910603    
20171102200423395910901    
20171102200423395910921    
20171102200423395925073    
20171102200423395910813    
20171102200423395911415    
