20170122143132100510011    
20170122143132100510021    
20170122143132100510031    
20170122143132100510185    
20170122143132100510221    
20170122143132100520001    
20170122143132100520065    
20170122143132100530045    
20170122143132100530073    
20170122143132100540001    
20170122143132100540012    
20170122143132100540021    
20170122143132100540031    
20170122143132100540052    
20170122143132100541032    
20170122143132100550013    
20170122170446103010021    
20170122170446103010041    
201701221704461030300410   
20170122170446103041031    
20170122170446103050035    
20170122170446103078121    
20170122172830102010011    
20170122172830102010022    
20170122172830102010033    
20170122172830102010042    
20170122172830102010051    
20170122172830102010071    
20170122172830102010136    
201701221728301020101820   
20170122172830102010192    
20170122172830102010206    
20170122172830102010228    
20170122172830102010263    
20170122172830102020002    
20170122172830102020063    
20170122172830102030047    
20170122172830102040031    
20170122172830102041033    
20170122172830102041041    
20170122174000100110022    
20170122174000100110032    
20170122174000100110041    
20170122174000100110061    
20170122174000100110091    
20170122174000100110131    
20170122174000100110185    
20170122174000100110203    
20170122174000100110224    
20170122174000100110251    
20170122174000100120001    
20170122174000100120021    
20170122174000100120065    
20170122174000100120073    
20170122174000100120101    
20170122174000100130044    
20170122174000100131034    
20170122174000100140031    
20170122174000100140053    
20170122174000100140191    
20170122174000100141033    
20170122174000100141041    
20170122174000100141051    
20170122190941400310011    
20170122190941400310023    
201701221909414003100330   
20170122190941400310041    
20170122190941400310051    
20170122190941400310091    
20170122190941400310133    
201701221909414003101810   
20170122190941400310205    
20170122190941400310223    
20170122190941400310262    
20170122190941400320001    
20170122190941400320063    
20170122190941400330121    
201701221909414003310340   
201701221909414003400115   
20170122190941400340022    
20170122190941400340051    
20170122190941400341038    
20170122193205203910011    
20170122193205203910024    
20170122193205203910031    
20170122193205203910041    
20170122193205203910052    
20170122193205203910062    
20170122193205203910071    
20170122193205203910135    
20170122193205203910263    
20170122193205203931032    
20170122193205203940031    
201701221932052039400510   
20170122193205203941035    
20170122193205203978032    
20170122193205203978041    
20170122193205203978063    
20170122194115204010021    
20170122194115204010031    
20170122194115204010061    
20170122194115204010133    
20170122194115204010182    
20170122194115204010191    
20170122194115204010201    
20170122194115204010222    
20170122194115204010261    
20170122194115204031031    
20170122194115204040001    
20170122194115204040012    
20170122194115204040021    
20170122194115204040051    
20170122194115204040096    
20170122194115204040191    
20170122194115204041032    
20170122194115204041041    
20170122194115204041061    
20170122195006104610011    
20170122195006104610021    
20170122195006104610041    
20170122195006104610191    
20170122195006104610202    
20170122195006104610262    
20170122195006104640013    
20170122195006104640051    
20170122195006104641032    
20170122195006104641041    
20170122195006104678031    
20170122195006104678121    
20170122195554202510021    
201701221955542025100320   
20170122195554202510131    
20170122195554202510188    
20170122195554202510201    
20170122195554202510222    
20170122195554202510262    
20170122195554202520001    
20170122195554202520061    
20170122195554202520072    
20170122195554202530121    
20170122195554202540052    
20170122195554202541031    
20170122195554202541041    
20170122195554202541061    
20170122195554202541071    
20170122195554202550011    
20170122195933202910011    
20170122195933202910022    
20170122195933202910032    
20170122195933202910161    
20170122195933202910183    
20170122195933202910191    
20170122195933202910201    
20170122195933202910223    
20170122195933202920073    
20170122195933202940151    
20170122195933202941033    
20170122195933202941041    
20170122201955203310041    
20170122201955203310182    
20170122201955203310221    
20170122201955203310261    
20170122201955203340012    
20170122201955203340093    
20170122201955203341031    
20170122201955203341041    
201701222021411040100330   
20170122202141104010203    
20170122202141104010223    
20170122202141104010261    
20170122202141104040001    
20170122202141104040014    
20170122202141104040031    
20170122202141104041034    
20170122202141104041041    
20170122202141104041071    
20170122202451104040111    
20170122202844104640151    
201701222043202049100325   
20170122204320204910041    
20170122204320204910051    
20170122204320204910131    
20170122204320204910181    
20170122204320204910202    
20170122204320204940091    
20170122204320204940151    
20170122204320204940191    
20170122204320204941032    
20170122204320204941042    
20170122205425102810031    
20170122205425102810161    
20170122205425102810185    
20170122205425102810191    
20170122205425102810202    
20170122205425102820001    
20170122205425102820061    
20170122205425102840031    
20170122205425102840051    
20170122205425102841034    
20170122205425102841042    
20170122205425102861035    
20170122210208104510011    
20170122210208104510201    
201701222102081045310310   
20170122210208104540012    
20170122210208104541033    
20170122210208104541041    
20170122210208104561035    
20170122210208104561042    
20170122211656204510021    
201701222116562045100340   
20170122211656204510042    
20170122211656204510134    
20170122211656204510202    
20170122211656204510223    
20170122211656204510262    
20170122211656204520001    
20170122211656204530043    
20170122211656204530061    
201701222116562045310320   
20170122211656204540031    
20170122211656204540151    
20170122211656204541034    
20170122211656204541041    
20170122211656204577791    
20170122212205103610021    
201701222122051036100340   
20170122212205103610051    
201701222122051036101310   
20170122212205103610202    
20170122212205103610225    
20170122212205103620082    
201701222122051036310320   
20170122212205103640021    
20170122212205103640052    
20170122212205103640191    
20170122212205103641034    
20170122212205103641061    
20170122212240203710011    
20170122212240203710021    
20170122212240203710031    
20170122212240203710041    
20170122212240203710133    
20170122212240203710182    
20170122212240203710203    
20170122212240203710221    
20170122212240203720001    
20170122212240203730045    
20170122212240203730061    
20170122212240203730121    
20170122212240203731031    
20170122212240203740014    
20170122212240203740021    
20170122212240203740151    
20170122212240203740191    
20170122212240203741033    
20170122212240203741041    
20170122212240203741051    
20170122212240203741061    
20170122212240203741071    
20170122213548103310011    
20170122213548103310021    
20170122213548103310041    
20170122213548103310135    
20170122213548103320061    
20170122213548103330044    
20170122213548103340012    
20170122213548103340022    
20170122213548103340053    
20170122213548103340071    
20170122213548103310031    
20170122213548103310202    
20170122213548103341034    
20170122213548103341041    
201701222135481033310320   
20170122213548103310223    
20170122213548103310262    
20170122213548103341051    
20170122213548103341071    
20170122213847103410032    
20170122213847103410042    
20170122213847103410135    
20170122213847103410202    
20170122213847103410223    
20170122213847103430121    
20170122213847103441034    
20170122215135203510022    
201701222151352035100320   
20170122215135203510051    
20170122215135203510132    
20170122215135203510202    
20170122215135203520001    
20170122215135203520061    
20170122215135203520071    
20170122215135203530041    
20170122215135203541032    
20170122215135203541041    
20170122230159104110021    
201701222301591041100320   
20170122230159104110042    
20170122230159104110081    
20170122230159104110135    
20170122230159104110191    
20170122230159104110201    
20170122230159104110222    
20170122230159104110262    
20170122230159104120001    
20170122230159104120061    
20170122230159104140031    
20170122230159104140151    
20170122230159104140191    
20170122230159104141033    
20170122230159104141041    
20170123004819104210011    
201701230048191042100320   
20170123004819104210051    
20170123004819104210132    
20170123004819104210182    
20170123004819104210221    
20170123004819104210262    
201701230048191042300410   
20170123004819104240001    
20170123004819104240012    
20170123004819104240021    
20170123004819104241033    
