20170709013340300210013    
20170709013340300210953    
20170709013340300220101    
20170709013340300220201    
20170709013340300220311    
20170709013340300230193    
20170709235255300710351    
20170709235255300710361    
20170709235255300710651    
20170709235255300730462    
20170709235323300730045    
20170709235344300715211    
20170709235344300730071    
20170709235440300710581    
20170709235440300730151    
20170709235537300715251    
20170709235537300720021    
20170709235537300720201    
20170710010246300410173    
201707100102463004102510   
20170710010246300410305    
20170710010246300410623    
20170710010246300410633    
20170710010246300410661    
20170710010246300410861    
20170710010246300410972    
20170710010246300415041    
20170710010246300415261    
20170710010246300415372    
20170710010246300415401    
201707100102463004300115   
20170710010246300430032    
20170710010246300430891    
20170710012153301210276    
20170710012153301210305    
201707100121533012103410   
20170710012153301210681    
20170710012153301210841    
20170710012153301210861    
20170710012153301210973    
20170710012153301215111    
20170710012153301215211    
20170710012153301220083    
201707100121533012202012   
20170710012153301225085    
20170710012153301230131    
201707100121533012307010   
20170710012153301230891    
20170710012903300810255    
20170710012903300810345    
20170710012903300810421    
20170710012903300810635    
20170710012903300815061    
20170710012903300830131    
20170710012903300830193    
20170710012903300830203    
20170710012903300830571    
20170710025902300410325    
20170710025902300430045    
20170710025902300430115    
20170710044224300610141    
20170710044224300610276    
20170710044224300610421    
20170710044224300610652    
20170710044224300610682    
20170710044224300615041    
20170710044224300615181    
20170710044224300615191    
20170710044224300615261    
20170710044224300615372    
20170710044224300615401    
20170710044224300620012    
20170710044224300620101    
20170710044224300620112    
20170710044224300620161    
201707100442243006202012   
20170710044224300625121    
20170710044224300625141    
20170710044224300630035    
20170710044224300630045    
20170710044224300630061    
20170710044224300630331    
20170710044224300630381    
20170710044224300630454    
20170710044224300630571    
20170710044224300630892    
