20171116125638814810013    
20171116125638814810056    
20171116125638814810261    
20171116125638814810742    
20171116125638814816121    
20171116125638814816159    
20171116125638814820032    
201711161256388148200610   
20171116125638814820072    
20171116125638814820103    
20171116125638814820111    
20171116125638814820122    
20171116125638814840071    
201711161356388130100110   
20171116135638813010021    
201711161356388130100518   
20171116135638813010121    
20171116135638813010263    
20171116135638813010302    
20171116135638813010311    
20171116135638813010371    
20171116135638813010391    
20171116135638813010523    
20171116135638813010541    
20171116135638813016122    
201711161356388130161530   
20171116135638813020036    
201711161356388130200620   
20171116135638813020073    
20171116135638813020081    
20171116135638813020108    
20171116135638813020113    
20171116135638813020123    
20171116135638813050101    
20171116140411810510011    
201711161404118105100514   
20171116140411810510301    
20171116140411810510741    
20171116140411810516121    
201711161404118105161511   
20171116140411810520032    
201711161404118105200610   
20171116140411810520072    
20171116140411810520103    
20171116140411810540091    
20171116140538811710013    
20171116140538811710542    
20171116140538811710643    
20171116140538811716156    
20171116140538811720066    
20171116140538811720071    
20171116140538811720103    
20171116140538811720111    
20171116140538811720121    
20171116145708814910016    
20171116145708814910031    
201711161457088149100510   
20171116145708814910071    
20171116145708814910121    
20171116145708814910262    
20171116145708814910311    
20171116145708814910372    
20171116145708814910392    
20171116145708814910522    
20171116145708814910611    
20171116145708814910635    
20171116145708814910643    
20171116145708814910661    
20171116145708814910743    
201711161457088149161516   
20171116145708814920034    
20171116145708814920065    
20171116145708814920073    
20171116145708814920081    
20171116145708814920104    
20171116145708814920122    
20171116150535816110071    
20171116150535816110121    
20171116150535816110263    
20171116150535816130023    
20171116150535816110055    
20171116150535816110421    
20171116150535816110521    
20171116150535816116155    
20171116150535816110632    
20171116150535816120102    
20171116151439815510013    
20171116151439815510031    
20171116151439815510263    
201711161514398155200610   
20171116151439815520073    
20171116151439815520081    
20171116151439815510057    
20171116151439815510312    
20171116151439815516121    
201711161514398155161512   
20171116151439815510551    
20171116151439815520106    
20171116151439815520112    
20171116151439815520122    
20171116152757807710012    
20171116152757807710121    
20171116152757807750112    
20171116152757807710523    
20171116152757807716121    
201711161527578077161520   
20171116152757807710551    
20171116152757807710642    
20171116152757807710681    
20171116152757807720103    
20171116152757807720111    
20171116154442808010014    
201711161544428080100524   
20171116154442808010201    
20171116154442808010642    
20171116154442808010742    
20171116154442808016121    
201711161544428080161520   
20171116154442808020033    
201711161544428080200615   
20171116154442808020071    
20171116154442808020105    
20171116154442808040102    
20171116154442808050031    
20171116154442808050091    
20171116154442808050101    
20171116160933812110011    
20171116160933812110031    
20171116160933812110151    
20171116160933812120031    
20171116160933812120064    
20171116160933812120071    
20171116160933812110055    
20171116160933812110301    
20171116160933812116121    
201711161609338121161513   
20171116160933812110631    
20171116160933812120103    
20171116160933812120111    
201711161610118152100112   
20171116161011815210071    
20171116161011815210121    
20171116161011815210263    
20171116161011815220035    
201711161610118152200621   
20171116161011815220075    
20171116161011815250021    
20171116161011815250101    
20171116161011815250111    
201711161610118152100515   
20171116161011815210302    
20171116161011815210311    
20171116161011815210391    
20171116161011815210522    
20171116161011815216121    
201711161610118152161522   
20171116161011815210542    
20171116161011815210551    
20171116161011815210645    
20171116161011815220106    
20171116161011815220112    
20171116161011815220123    
20171116161110811910016    
20171116161110811910031    
201711161611108119100519   
20171116161110811910261    
20171116161110811910521    
20171116161110811910611    
20171116161110811916121    
201711161611108119161524   
20171116161110811920032    
201711161611108119200618   
20171116161110811920073    
20171116161110811920081    
20171116161110811920107    
20171116161110811920112    
20171116161110811920122    
20171116161110811950021    
20171116161110811950041    
20171116161110811950091    
20171116161110811950101    
20171116161114810910013    
20171116161114810910021    
20171116161114810910056    
20171116161114810910121    
20171116161114810910302    
20171116161114810910312    
20171116161114810910371    
20171116161114810910642    
20171116161114810910681    
20171116161114810910743    
20171116161114810916121    
201711161611148109161525   
20171116161114810920032    
20171116161114810920067    
20171116161114810920071    
20171116161114810920104    
20171116161114810930023    
20171116161114810950023    
20171116161117806310014    
201711161611178063100510   
20171116161117806310262    
20171116161117806310301    
20171116161117806310523    
20171116161117806310643    
20171116161117806310661    
20171116161117806310744    
20171116161117806311031    
201711161611178063161512   
20171116161117806320033    
201711161611178063200612   
20171116161117806320073    
20171116161117806320105    
20171116161117806320112    
20171116161117806320121    
20171116161117806330051    
20171116161117806350021    
20171116161259812210014    
20171116161259812210262    
201711161612598122200610   
20171116161259812220073    
201711161612598122100515   
20171116161259812210521    
20171116161259812216122    
201711161612598122161530   
20171116161259812220106    
20171116161259812220123    
20171116162341812216121    
20171116162603811610021    
20171116162603811620033    
201711161626038116200615   
20171116162603811620081    
20171116162603811640051    
20171116162603811650011    
20171116162603811650091    
20171116162603811650111    
20171116162603811630011    
201711161626038116100510   
20171116162603811610372    
20171116162603811610392    
20171116162603811610522    
20171116162603811616122    
201711161626038116161510   
20171116162603811620107    
20171116162603811620112    
20171116162603811620121    
20171116162607800210021    
201711161626078002200620   
20171116162607800220075    
201711161626078002201012   
20171116162607800220033    
20171116162607800220082    
20171116162607800220126    
201711161626078002161536   
20171116162607800216122    
20171116164554810410017    
20171116164554810410031    
201711161645548104100510   
20171116164554810410081    
20171116164554810410301    
20171116164554810410521    
20171116164554810410551    
20171116164554810410681    
201711161645548104161520   
20171116164554810420032    
201711161645548104200610   
20171116164554810420071    
20171116164554810420081    
201711161645548104201010   
20171116164554810420112    
20171116164554810420122    
20171116164554810440091    
20171116164636801810016    
20171116164636801810523    
20171116164636801810691    
20171116164636801816122    
201711161646368018161533   
20171116164636801820035    
20171116164636801820041    
201711161646368018200625   
20171116164636801820081    
201711161646368018201010   
20171116165437807810012    
20171116165437807810031    
20171116165437807810055    
20171116165437807810301    
20171116165437807810311    
20171116165437807810372    
20171116165437807810521    
20171116165437807816121    
201711161654378078161510   
20171116165437807820031    
20171116165437807820065    
20171116165437807820072    
20171116165437807820104    
20171116165437807820112    
20171116165437807820121    
20171116165437807830021    
20171116165712805510019    
20171116165712805510021    
201711161657128055100516   
20171116165712805510263    
20171116165712805510371    
20171116165712805510391    
20171116165712805510522    
20171116165712805510551    
20171116165712805516122    
201711161657128055161524   
20171116165712805520034    
201711161657128055200622   
20171116165712805520074    
20171116165712805520081    
20171116165712805520108    
20171116165712805520122    
20171116165712805530011    
20171116165712805550021    
20171116165712805550091    
20171116165712805550101    
20171116165818810710015    
20171116165818810710031    
201711161658188107100520   
20171116165818810710262    
20171116165818810710522    
20171116165818810710643    
20171116165818810716122    
201711161658188107161525   
20171116165818810720033    
201711161658188107200627   
20171116165818810720074    
20171116165818810720081    
20171116165818810720109    
20171116165818810720111    
20171116165818810720122    
20171116165818810750022    
20171116170643813410012    
20171116170643813410071    
20171116170643813410262    
20171116170643813410302    
20171116170643813416155    
20171116170643813420032    
201711161706438134200610   
20171116171225813810013    
201711161712258138100515   
20171116171225813810521    
20171116171225813810631    
20171116171225813816123    
201711161712258138161525   
20171116171225813820031    
20171116171225813820069    
20171116171225813820071    
20171116171225813820081    
20171116171225813820105    
20171116171225813830011    
20171116171225813850021    
20171116171225813850111    
20171116171225813860121    
20171116171226810310013    
20171116171226810310021    
20171116171226810310261    
20171116171226810320033    
201711161712268103200615   
20171116171226810320075    
20171116171226810350021    
20171116171226810350101    
20171116171226810330011    
20171116171226810310056    
20171116171226810310311    
20171116171226810310522    
20171116171226810316122    
201711161712268103161520   
20171116171226810320106    
20171116171226810320112    
20171116172102810810011    
20171116172102810810056    
20171116172102810810091    
20171116172102810810261    
20171116172102810810371    
20171116172102810810421    
20171116172102810810521    
20171116172102810810631    
20171116172102810810642    
20171116172102810810681    
20171116172102810816121    
201711161721028108161510   
20171116172102810820031    
201711161721028108200610   
20171116172102810820071    
20171116172102810820102    
20171116172102810850031    
20171116175813804810054    
20171116175813804810261    
20171116175813804810301    
20171116175813804820031    
20171116175813804820064    
20171116175813804820071    
20171116175813804820103    
20171116175813804840071    
20171116180319804810011    
20171116180319804816156    
20171116180429810920071    
