20170215195607103420061    
20170215195607103410034    
20170215195607103410051    
20170215195607103420263    
20170215214030103810034    
20170216093338103720081    
201702160933381037100210   
20170216093338103720262    
201702161009051006100210   
20170216103954104320091    
20170216103954104310161    
20170216103954104310012    
20170216105313104720091    
201702161053131047100210   
20170216105313104710081    
20170216105313104710012    
20170216105313104720231    
20170216105313104710034    
20170216121610103510032    
201702161303081052100310   
