20170113210511202640792    
20170113210511202673011    
20170113233659118520025    
20170113233659118520035    
20170113233659118520041    
20170113233659118520051    
20170113233659118520122    
20170113233659118520275    
20170113233659118520285    
20170113233659118531011    
20170114003111203540792    
20170114003111203531071    
20170114003111203530121    
201701140047041114200140   
20170114004704111420275    
20170114004704111420285    
20170114004704111420041    
20170114004704111420051    
20170114004704111420141    
20170114004704111420123    
20170114004704111431011    
20170114004704111430091    
20170114004704111430052    
201701140047041114201110   
20170114020346200940792    
20170114020346200940881    
20170114020346200941101    
20170114020346200941111    
20170114020346200941121    
20170114020346200941131    
20170114030035203940792    
20170114030035203931071    
20170114030035203941101    
20170114030035203941463    
20170114051747204240792    
20170114051747204240921    
20170114051747204241001    
20170114051747204241051    
20170114051747204241081    
20170114051747204241452    
