201707062221052024200160   
20170706222105202420061    
20170706222105202420071    
20170706222105202420081    
201707062221052024206510   
20170706222105202420921    
20170706222105202420931    
201707062259432061200180   
20170706225943206120061    
20170706225943206120321    
201707062259432061206510   
20170706225943206120911    
20170706225943206120921    
2017070623085622302001120  
20170706230856223020062    
20170706230856223020071    
20170706230856223020082    
20170706230856223020321    
201707062308562230206520   
20170706230856223020901    
20170706230856223021041    
20170706230856223021051    
2017070623361220912001140  
20170706233612209120062    
20170706233612209120072    
20170706233612209120082    
20170706233612209120321    
201707062336122091206525   
20170706233612209121051    
201707062336132226200120   
20170706233613222620655    
2017070623414220942001180  
20170706234142209420063    
20170706234142209420072    
20170706234142209420091    
20170706234142209420321    
201707062341422094206520   
20170706234142209420901    
20170706234142209420911    
20170706234142209421021    
2017070623434020262001120  
20170706234340202620061    
20170706234340202620071    
20170706234340202620081    
20170706234340202620321    
201707062343402026206510   
20170706234340202620911    
2017070623525521152001180  
20170706235255211520062    
20170706235255211520072    
20170706235255211520081    
20170706235255211520322    
201707062352552115206520   
20170706235255211520901    
20170706235255211520921    
20170706235255211521041    
2017070700075720692001160  
20170707000757206920061    
20170707000757206920071    
20170707000757206920081    
20170707000757206920321    
201707070007572069206515   
20170707000757206920901    
20170707000757206920931    
20170707000757206921021    
201707070018082027200180   
20170707001808202720061    
20170707001808202720071    
20170707001808202720081    
20170707001808202720161    
20170707001808202720321    
201707070018082027206510   
20170707001808202720911    
20170707001808202721041    
2017070701082520342001300  
201707070108252034200510   
20170707010825203420065    
20170707010825203420073    
20170707010825203420084    
20170707010825203420301    
20170707010825203420322    
201707070108252034206525   
2017070701121020322001200  
20170707011210203220063    
20170707011210203220072    
20170707011210203220081    
20170707011210203220321    
201707070112102032206520   
20170707011210203221041    
2017070701222620432001200  
20170707012226204320063    
20170707012226204320072    
20170707012226204320082    
20170707012226204320301    
20170707012226204320322    
201707070122262043206525   
20170707012226204320911    
20170707012226204321041    
20170707012226204321051    
20170707012226204321121    
2017070702014513812001100  
20170707020145138120062    
20170707020145138120161    
20170707020145138120301    
20170707020145138120321    
20170707020145138120072    
201707070201451381206510   
20170707020145138121041    
