20170515154028104610292    
20170515181025114910104    
20170515181025114910367    
20170515181025114910372    
20170515181025114910392    
20170515181025114920023    
20170515181025114920091    
20170515181025114930061    
20170515181025114930223    
20170515181025114930242    
20170515181025114930252    
20170515181025114930514    
20170515181025114930641    
201705151810251149401310   
20170515181025114940301    
20170515181025114960272    
201705151810251149919320   
201705151810251149921510   
20170515210220110610012    
20170515210220110610131    
20170515210220110610142    
20170515210220110610292    
20170515210220110620011    
20170515210220110620023    
20170515210220110620061    
20170515210220110620101    
20170515210220110630041    
20170515210220110630103    
20170515210220110630221    
20170515210220110630261    
20170515210220110630271    
20170515210220110630281    
20170515210220110630291    
20170515210220110630491    
20170515210220110630511    
20170515210220110630641    
20170515210220110640051    
20170515210220110640125    
20170515210220110640251    
20170515210220110640321    
20170515210220110660202    
20170515210220110660292    
20170515220110105110011    
20170515220110105110131    
20170515220110105110171    
20170515220110105120022    
20170515220110105130121    
20170515220110105140181    
20170515220110105140311    
20170515220110105160062    
20170515220110105160222    
20170515220110105160281    
20170515220110105160292    
20170515223413114410372    
20170515223413114450012    
20170515223413114492152    
20170515224249108410011    
20170515224249108410142    
20170515224249108410291    
20170515224249108420021    
20170515224249108430052    
20170515224249108430221    
20170515224249108430311    
20170515224249108460032    
20170515235808112410014    
20170515235808112410292    
20170515235808112420021    
20170515235808112440271    
20170515235808112460043    
20170515235808112460223    
20170516000813108720013    
20170516000813108720062    
20170516000813108730223    
20170516000813108730232    
20170516000813108730272    
20170516000813108730282    
20170516000813108730293    
20170516000813108730331    
20170516000813108730512    
20170516000813108730641    
201705160008131087400110   
201705160008131087400310   
201705160008131087401210   
20170516000813108740211    
20170516000813108750081    
20170516000813108760021    
20170516000813108760102    
20170516000813108760171    
20170516000813108760201    
201705160008131087602910   
20170516000813108792781    
20170516000813108792905    
20170516000813108793012    
20170516010404101210013    
20170516010404101210292    
20170516010404101220014    
20170516010404101230103    
20170516010404101250042    
20170516010404101250052    
20170516010404101250081    
20170516010404101260212    
20170516010536102610012    
20170516010536102610131    
20170516010536102610171    
20170516010536102620022    
20170516010536102630221    
20170516010536102630321    
20170516010536102630352    
20170516010536102630511    
20170516010536102660101    
20170516032257101910171    
20170516032257101920022    
20170516032257101930261    
20170516032257101930271    
20170516032257101930281    
20170516032257101940125    
