20171122210114100310421    
20171122210114100310671    
20171122210114100310682    
20171122210114100315111    
20171122215743104610792    
20171122215743104610812    
20171122215743104615061    
20171122215743104625261    
20171122215743104630081    
20171122215743104630382    
20171122220321106410173    
20171122220321106410253    
20171122220321106410327    
20171122220321106410643    
20171122220321106410861    
20171122220321106415211    
20171122220321106415331    
20171122220321106420205    
20171122220321106420402    
20171122220321106425121    
20171122220321106425231    
20171122220321106430017    
20171122220321106430461    
20171122220321106430501    
20171122220321106430891    
20171122220321106430921    
20171122220803105710071    
20171122220803105710122    
20171122220803105710252    
20171122220803105710271    
20171122220803105710344    
20171122220803105710361    
20171122220803105710861    
20171122220803105710871    
20171122220803105710971    
20171122220803105710991    
20171122220803105715401    
20171122220803105715421    
20171122220803105715461    
20171122220803105725091    
20171122220803105725111    
20171122220803105730015    
20171122220803105730034    
20171122220803105730251    
20171122220803105730691    
20171122220803105730701    
20171122220803105730891    
20171122221600104410255    
20171122221600104410272    
201711222216001044103415   
20171122221600104410362    
20171122221600104410435    
20171122221600104410581    
20171122221600104410685    
20171122221600104410971    
20171122221600104415041    
20171122221600104415181    
20171122221600104415251    
20171122221600104415371    
20171122221600104420021    
20171122221600104420101    
20171122221600104420311    
20171122221600104425031    
20171122221600104430081    
20171122221600104430461    
20171122221600104430921    
20171122221600104430932    
20171122221600104430942    
20171122221600104430961    
20171122224330104110071    
20171122224330104110141    
20171122224330104110384    
20171122224330104110422    
20171122224330104110471    
201711222243301041106210   
20171122224330104110651    
20171122224330104110661    
20171122224330104115161    
20171122224330104115261    
20171122224330104120111    
20171122224330104125241    
201711222243301041300110   
20171122224330104130036    
20171122224330104130061    
20171122224330104130071    
20171122224330104130081    
20171122224330104130112    
20171122224330104130193    
20171122224330104130203    
20171122224330104130252    
20171122224330104130272    
20171122224330104130381    
20171122224330104130521    
20171122224330104130691    
20171122224330104130921    
20171122224330104130962    
20171122224550110510174    
20171122224550110510211    
20171122224550110510221    
20171122224550110510304    
20171122224550110510421    
20171122224550110510632    
20171122224550110510661    
20171122224550110510671    
20171122224550110510681    
20171122224550110510861    
20171122224550110510953    
20171122224550110515211    
20171122224550110515421    
20171122224550110530012    
20171122224550110530042    
20171122224550110530195    
20171122224550110530203    
20171122224550110530271    
20171122224550110530381    
20171122224550110530521    
201711222246341026103010   
20171122224634102610491    
20171122224634102610652    
20171122224634102610861    
20171122224634102615041    
20171122224634102615061    
20171122224634102615261    
20171122224634102615291    
20171122224634102615371    
20171122224634102615402    
20171122224634102630035    
20171122224634102630262    
20171122224634102630272    
20171122224634102630301    
20171122224634102630361    
20171122224721106410252    
20171122224721106430071    
20171122230019103510025    
20171122230019103510121    
20171122230019103510255    
20171122230019103510351    
20171122230019103510361    
20171122230019103510471    
20171122230019103510623    
20171122230019103510652    
20171122230019103515071    
20171122230019103515211    
20171122230019103515291    
20171122230019103520111    
20171122230019103520191    
201711222300191035202012   
20171122230019103520331    
20171122230019103520402    
20171122230019103525091    
20171122230019103530018    
20171122230019103530032    
20171122230019103530061    
20171122230019103530071    
20171122230019103530193    
20171122230019103530351    
20171122230019103530381    
20171122230019103530891    
20171122232837101110271    
20171122232837101110471    
20171122232837101115071    
20171122232837101115251    
20171122232837101120101    
20171122232837101120201    
20171122232837101130015    
20171122232837101130251    
20171122232837101130271    
20171122232837101130351    
20171122232837101130461    
20171122232837101130891    
20171122233450106810325    
20171122233450106810421    
20171122233450106810491    
20171122233450106810632    
20171122233450106810651    
20171122233450106810681    
20171122233450106815071    
20171122233450106820205    
20171122233450106820421    
20171122233450106830015    
20171122233450106830031    
20171122233450106830381    
20171123001630108010347    
20171123001630108010681    
20171123001630108010972    
20171123001630108030015    
20171123001630108030053    
20171123001630108030061    
20171123001630108030382    
20171123001944108910624    
20171123001944108910671    
20171123001944108910791    
20171123001944108910861    
20171123001944108930271    
20171123001944108930381    
20171123001944108910953    
20171123001944108910831    
20171123003122100510122    
20171123003122100510323    
20171123003122100510343    
20171123003122100510624    
20171123003122100510681    
20171123003122100510981    
20171123003122100530351    
20171123004011100110871    
20171123004011100110955    
20171123004011100110971    
20171123004011100120092    
20171123004011100130082    
20171123005226106910023    
201711230052261069102520   
20171123005226106910271    
201711230052261069103258   
20171123005226106910381    
20171123005226106910431    
20171123005226106910682    
20171123005226106915042    
20171123005226106915181    
20171123005226106920115    
201711230052261069300110   
20171123005226106930061    
20171123005226106930272    
20171123005226106930382    
20171123005226106930892    
20171123013133107610651    
20171123013133107610681    
20171123013133107615041    
20171123013133107615401    
20171123013133107630032    
20171123013133107630271    
20171123014718110310122    
20171123014718110310345    
20171123014718110310421    
20171123014718110310471    
20171123014718110310625    
20171123014718110310681    
20171123014718110310861    
20171123014718110310981    
20171123014718110315061    
201711230147181103202012   
20171123014718110325161    
20171123014718110330015    
20171123014718110330055    
20171123014718110330491    
20171123014718110330501    
20171123020509102410122    
20171123020509102410141    
20171123020509102410175    
20171123020509102410211    
20171123020509102410221    
20171123020509102410255    
20171123020509102410305    
20171123020509102410323    
20171123020509102410342    
20171123020509102410471    
20171123020509102410625    
20171123020509102410651    
20171123020509102410661    
20171123020509102415041    
20171123020509102415211    
20171123020509102415291    
20171123020509102415421    
20171123020509102425241    
20171123020509102430015    
20171123020509102430081    
20171123020509102430193    
20171123020509102430203    
20171123020509102430251    
20171123020509102430351    
