20171228171618201411011    
20171228171618201411031    
20171228171943300511022    
20171228171943300511013    
20171228174733302411012    
20171228174733302411021    
201712281802382001110110   
20171228180238200111026    
20171228180238200111042    
20171228180238200111051    
20171228180238200111061    
201712281802382001111120   
20171228180238200111141    
20171228180238200112071    
20171228181259302011012    
20171228181259302011021    
20171228192712200411011    
20171228195240301111011    
20171228195240301111021    
20171228195242200311022    
20171228195242200311012    
20171228195519302211011    
20171228195519302211021    
20171228200914301411012    
20171228200914301411021    
20171228201831201011021    
20171228201831201011051    
20171228201831201011012    
20171228202953200511022    
20171228202953200511014    
