20170221172539100711014    
20170221172539100711023    
20170221172617301511021    
20170221172617301511041    
20170221172617301511061    
20170221172617301511012    
20170221172617301511142    
20170221172617301512061    
20170221172617301512071    
20170221173218302411012    
20170221173218302411021    
20170221180945201411011    
20170221181105101211012    
20170221181105101211021    
20170221181519302211021    
20170221181519302211041    
20170221181519302211012    
20170221181519302213121    
20170221183332101011012    
20170221183332101011021    
20170221195357202311011    
20170221195441201011021    
20170221195441201011012    
20170221204209200111013    
20170221204209200111041    
20170221204245200711011    
20170221204245200711021    
20170221204245200711031    
20170221210338200811011    
20170221210338200811021    
