20170117144856107510362    
20170117144856107510371    
20170117144856107530221    
20170117144856107530641    
201701171448561075401210   
20170117144856107540211    
20170117144856107540321    
20170117144856107550053    
201701171448561075919310   
20170117144856107592054    
20170117150142107520024    
20170117204939109210131    
20170117204939109210171    
20170117204939109210291    
20170117204939109220026    
20170117204939109230072    
20170117204939109230122    
20170117204939109230512    
20170117204939109240252    
20170117204939109240272    
20170117204939109260012    
20170117204939109260225    
201701172049391092800510   
20170117212502104730031    
20170117220526110930286    
20170117220526110940113    
20170117220526110940123    
20170117220526110950011    
20170117220526110960111    
20170117220526110960292    
201701172205261109919310   
20170117220526110992153    
20170117232136110310143    
20170117232136110320023    
20170117232136110330081    
20170117232136110391934    
20170117233527112710173    
20170117233527112710292    
20170117233527112730101    
20170117233527112730123    
20170117233527112730221    
20170117233527112730284    
20170117233527112730293    
20170117233527112730491    
20170117233527112730682    
20170117233527112740172    
20170117233527112740271    
20170117233527112750061    
20170117233527112760022    
20170117233527112760162    
20170117233527112760223    
20170117233527112760281    
20170117234149110510362    
20170117234149110520024    
20170117234149110530221    
20170117234149110530311    
20170117234149110560221    
20170117234149110560261    
20170117234149110560271    
201701172341491105607810   
20170117234149110591935    
20170117234149110591942    
20170117234224111010173    
20170117234224111020013    
20170117234224111020023    
20170117234224111030032    
20170117234224111030102    
20170117234224111030221    
20170117234224111030292    
20170117234224111030312    
20170117234224111040231    
20170117234224111040321    
20170117234224111050011    
20170117234224111060011    
20170117234224111060101    
20170117234224111060252    
20170117234224111092153    
20170118022650112140311    
20170118022650112150032    
20170118022650112150131    
20170118022650112160253    
