20171020074723101910013    
201710200747231019100225   
20171020074723101910042    
20171020074723101910081    
20171020074723101911045    
20171020074723101911083    
201710200747231019130110   
20171020074723101913021    
20171020074723101914011    
20171020074723101915043    
20171020103336102710015    
201710201033361027100210   
20171020103336102711011    
20171020103336102711025    
20171020103336102711043    
20171020103336102711082    
20171020103336102712025    
20171020103336102713016    
20171020103336102713022    
20171020103336102715021    
20171020103336102715031    
20171020103336102720102    
20171020103336102720112    
20171020103336102720122    
20171020103336102740091    
201710201054081020100215   
20171020105408102010042    
20171020105408102011025    
20171020105408102011045    
201710201054081020130115   
20171020105408102014011    
20171020105408102015012    
20171020105408102015022    
20171020105408102015032    
20171020105408102020022    
20171020105823101010012    
20171020105823101010028    
20171020105823101010041    
20171020105823101010101    
20171020105823101011023    
20171020105823101011031    
20171020105823101011043    
20171020105823101011071    
20171020105823101012026    
20171020105823101013018    
20171020105823101013021    
20171020105823101015021    
20171020111524102610013    
201710201115241026100210   
20171020111524102610041    
20171020111524102610101    
20171020111524102611023    
20171020111524102611031    
20171020111524102611042    
20171020111524102612013    
20171020111524102612027    
20171020111524102613018    
20171020111524102615031    
20171020111524102616021    
20171020111759101610015    
201710201117591016100220   
20171020111759101610041    
20171020111759101611011    
20171020111759101611027    
20171020111759101611044    
20171020111759101611083    
20171020111759101612031    
201710201117591016130113   
201710201159081017100110   
201710201159081017100220   
20171020115908101711011    
201710201159081017110210   
20171020115908101711045    
20171020115908101711061    
201710201159081017110810   
201710201159081017130110   
20171020115908101713025    
20171020121216100910011    
201710201212161009100212   
20171020121216100910041    
20171020121216100911044    
20171020121216100911051    
20171020121216100911072    
201710201212161009120210   
20171020121216100913017    
20171020121216100913021    
20171020121216100920021    
20171020121539101110012    
20171020121539101110023    
20171020121539101110041    
20171020121539101111022    
20171020121539101111042    
20171020121539101112025    
20171020121539101115011    
20171020121539101115021    
20171020121539101120052    
20171020122851100110016    
201710201228511001100210   
20171020122851100111086    
20171020122851100112012    
201710201228511001130110   
20171020122851100113022    
20171020122851100130031    
20171020123102102410013    
20171020123102102410027    
20171020123102102411011    
20171020123102102411023    
20171020123102102411032    
20171020123102102411042    
20171020123102102411051    
20171020123102102411082    
20171020123102102412011    
20171020123102102413014    
20171020123102102413021    
20171020123102102413051    
20171020123102102415011    
20171020123102102415061    
20171020123730100710021    
20171020123730100711031    
20171020123730100713011    
201710201244331002100212   
20171020124433100210103    
20171020124433100211043    
20171020124433100212028    
20171020124433100213016    
20171020124433100213021    
20171020124433100215012    
20171020124433100220022    
20171020124815100810014    
201710201248151008100210   
20171020124815100810041    
20171020124815100811024    
20171020124815100811084    
201710201248151008120218   
20171020124815100812032    
201710201248151008130110   
20171020124815100813023    
20171020124815100815021    
20171020124815100816021    
20171020124815100818013    
20171020124815100830021    
