20171112122156203910011    
20171112122156203910022    
20171112122156203920091    
20171112122156203940031    
20171112122156203940052    
20171112122156203940106    
20171112122156203940129    
20171112122156203940151    
20171112122156203941032    
20171112122156203978061    
20171112160926102010011    
20171112160926102010021    
20171112160926102010032    
20171112160926102010042    
20171112160926102010105    
20171112160926102010138    
201711121609261020101810   
20171112160926102010192    
20171112160926102010202    
20171112160926102010224    
20171112160926102020002    
20171112160926102020062    
20171112160926102020072    
20171112160926102031031    
20171112160926102040052    
20171112160926102040151    
20171112160926102041033    
20171112160926102041041    
20171112161412102040191    
20171112163058202910011    
20171112163058202910024    
20171112163058202910032    
20171112163058202910061    
20171112163058202910073    
20171112163058202910131    
20171112163058202910184    
20171112163058202910202    
20171112163058202910223    
20171112163058202910263    
20171112163058202920072    
20171112163058202920081    
20171112163058202940051    
20171112163058202940061    
20171112163058202940151    
20171112163058202941037    
20171112165515203410022    
20171112165515203410061    
20171112165515203410135    
20171112165515203410185    
20171112165515203410222    
20171112165515203410263    
20171112165515203440122    
20171112175316100110021    
20171112175316100110031    
20171112175316100110041    
20171112175316100110061    
20171112175316100110075    
20171112175316100110091    
20171112175316100110103    
20171112175316100110131    
20171112175316100110188    
20171112175316100110203    
20171112175316100110223    
20171112175316100120001    
20171112175316100130071    
20171112175316100131031    
20171112175316100140031    
20171112175316100140052    
20171112175316100140071    
20171112175316100140122    
201711121753161001401610   
20171112175316100140191    
20171112175316100141032    
20171112175316100141041    
20171112175316100160083    
20171112183534203440052    
20171112194056203510011    
20171112194056203510021    
201711121940562035100320   
20171112194056203510102    
20171112194056203510131    
20171112194056203510186    
20171112194056203510223    
20171112194056203541033    
20171112194056203541042    
20171112195241204910021    
20171112195241204910041    
20171112195241204910191    
20171112195241204910201    
20171112195241204910261    
20171112195241204920001    
20171112195241204940051    
20171112195241204940061    
20171112195241204950031    
20171112195241204977811    
20171112200117204010021    
20171112200117204010031    
20171112200117204010132    
20171112200117204010182    
20171112200117204010221    
20171112200117204010261    
20171112200117204031031    
20171112200117204041032    
20171112200117204060081    
20171112200117204061033    
20171112200117204061042    
20171112202512103410011    
20171112202512103410031    
20171112202512103410042    
20171112202512103410136    
20171112202512103410183    
20171112202512103410203    
20171112202512103410226    
20171112202512103410263    
20171112202512103430121    
20171112202512103440031    
20171112202512103440061    
20171112202512103440191    
20171112202512103441035    
20171112202751202510011    
201711122027512025100320   
20171112202751202510131    
20171112202751202510188    
20171112202751202510191    
20171112202751202510201    
20171112202751202510222    
20171112202751202510261    
20171112202751202520001    
201711122027512025310320   
20171112202751202540052    
20171112202751202540151    
20171112202751202541031    
20171112202751202550011    
20171112202845104510021    
201711122028451045100320   
20171112202845104510041    
20171112202845104510101    
20171112202845104510181    
20171112202845104510191    
20171112202845104510201    
20171112202845104510221    
20171112202845104540001    
20171112202845104540012    
20171112202845104540021    
20171112202845104540051    
20171112202845104541032    
20171112202845104560081    
20171112202845104561021    
20171112202845104561035    
20171112202845104561042    
20171112204309103510021    
20171112204309103510031    
20171112204309103510191    
20171112204309103510202    
20171112204309103510262    
20171112204309103540001    
20171112204309103540012    
20171112204309103540021    
20171112204309103540061    
20171112204309103540071    
20171112204309103541032    
20171112204309103560081    
20171112211237103610021    
201711122112371036100320   
20171112211237103610183    
20171112211237103610223    
20171112211237103630061    
201711122112371036310320   
20171112211237103640051    
20171112211237103640153    
201711122112371036401610   
20171112211237103640191    
20171112211237103641033    
201711122112371036610310   
20171112213151204510021    
201711122131512045100330   
20171112213151204510042    
20171112213151204510134    
20171112213151204510201    
20171112213151204510221    
20171112213151204510261    
20171112213151204540031    
20171112213151204540071    
20171112213151204540151    
20171112213151204540191    
20171112213151204541033    
20171112213151204541041    
20171112213151204560071    
20171112213151204577791    
20171112213756103310021    
20171112213756103310041    
20171112213756103310136    
20171112213756103320061    
20171112213756103340011    
20171112213756103340021    
20171112213756103340053    
20171112213756103350031    
20171112213756103310032    
20171112213756103310202    
20171112213756103341032    
20171112213756103341041    
201711122137561033310320   
20171112213756103310181    
20171112213756103310221    
20171112213756103310261    
20171112213756103340191    
20171112213756103341051    
20171112213756103341071    
20171112213756103378121    
20171112214635104010021    
201711122146351040100340   
20171112214635104010041    
20171112214635104010102    
201711122146351040101310   
20171112214635104010191    
20171112214635104010203    
20171112214635104010223    
20171112214635104010263    
20171112214635104020001    
20171112214635104020061    
20171112214635104030061    
201711122146351040310310   
20171112214635104040002    
20171112214635104040013    
20171112214635104040021    
20171112214635104040031    
20171112214635104041034    
20171112214635104041041    
20171112214635104041051    
20171112215010203710021    
20171112215010203710041    
20171112215010203710091    
20171112215010203710132    
20171112215010203740013    
20171112215010203740031    
20171112215010203740051    
20171112215010203710031    
20171112215010203710201    
20171112215010203741033    
20171112215010203710191    
20171112215010203710221    
20171112215010203730121    
20171112215010203741061    
20171112215010203741071    
201711122156321041100340   
20171112215632104110042    
20171112215632104110133    
20171112215632104110202    
20171112215632104110222    
20171112215632104140151    
20171112215632104141032    
20171112220544204410021    
201711122205442044100325   
20171112220544204410042    
20171112220544204410133    
20171112220544204410162    
20171112220544204410186    
20171112220544204410202    
20171112220544204410223    
20171112220544204410251    
20171112220544204410262    
20171112220544204420061    
20171112220544204430061    
20171112220544204440002    
20171112220544204440012    
20171112220544204440022    
20171112220544204440052    
20171112220544204440151    
20171112220544204440191    
20171112220544204441032    
20171112220544204441042    
20171112220544204441061    
20171112220544204450011    
20171112221428103210011    
20171112221428103210021    
201711122214281032100330   
20171112221428103210134    
20171112221428103210202    
20171112221428103210224    
20171112221428103220072    
20171112221428103240018    
20171112221428103240023    
20171112221428103240151    
20171112221428103241035    
201711122234511046100340   
20171112223451104610041    
20171112223451104610132    
20171112223451104610183    
20171112223451104610191    
20171112223451104610203    
20171112223451104610222    
20171112223451104640051    
20171112223451104640191    
20171112223451104641032    
20171112223451104641041    
20171112223451104678041    
20171112223451104678061    
20171113013657104210021    
201711130136571042100320   
20171113013657104210132    
20171113013657104210182    
20171113013657104210201    
20171113013657104210222    
20171113013657104230061    
20171113013657104240001    
20171113013657104240012    
20171113013657104240021    
20171113013657104241032    
20171113013657104260091    
