20170227155136765610061    
20170227155136765610151    
20170227155136765610161    
20170227155136765610431    
20170227155136765610446    
20170227155136765610461    
20170227155136765610556    
20170227155136765610593    
20170227155136765610652    
20170227155136765610745    
20170227155136765610941    
2017022715513676561116160  
20170227155136765622361    
201702271551367656228218   
201702271551367656228310   
201702271551367656228910   
20170227155136765622935    
20170227204350528722183    
20170227204350528722971    
20170227204350528711141    
20170227204350528710531    
20170227204350528723012    
20170227204350528711661    
20170227204350528710325    
20170227204350528710441    
20170227204350528710311    
20170227204350528710951    
20170227204350528710333    
20170227204350528710342    
