20170319085543009500106    
20170319085543009500033    
20170319085543009500043    
20170319085543009500063    
20170319085543009500073    
20170319085543009500571    
20170319091814021300211    
20170319091814021300401    
20170319091814021300451    
20170319091814021300571    
20170319091814021300721    
20170319091814021300731    
20170319091814021300751    
20170319091814021300081    
20170319091814021305023    
20170319091814021305034    
20170319091814021305044    
20170319091814021305123    
20170319091814021305153    
20170319091814021340118    
20170319091814021340141    
20170319091814021305204    
20170319091814021340211    
20170319091814021340532    
201703190918140213405510   
20170319091814021300062    
201703190918140213000715   
20170319091814021302041    
20170319100013018900031    
20170319100013018900201    
20170319100013018900211    
20170319100013018900751    
20170319100013018900101    
20170319100013018905021    
20170319100013018905122    
20170319100013018905141    
20170319100013018905152    
20170319100013018905162    
20170319100013018940112    
20170319100013018940141    
20170319100013018905202    
20170319100013018900062    
20170319100013018900072    
20170319113005028100102    
20170319113005028100031    
20170319113005028100041    
20170319113005028105202    
20170319113005028105122    
20170319114929009305123    
20170319114929009302044    
20170319114929009300631    
201703191149290093050410   
20170319114929009305168    
20170319115244019300103    
20170319115244019300032    
20170319115244019300041    
20170319115244019300571    
20170319115244019300062    
20170319115244019300071    
20170319115244019300211    
20170319115244019302041    
20170319115244019300451    
20170319115244019340535    
20170319115244019340201    
20170319115244019380014    
20170319115244019380022    
20170319115244019380031    
20170319115244019305011    
20170319115244019305021    
20170319115244019305033    
20170319115244019305042    
20170319115244019305081    
20170319115244019305141    
20170319115244019305151    
20170319115244019305161    
20170319115244019340112    
20170319115244019340121    
20170319115244019340171    
20170319115244019340391    
20170319120623027900103    
20170319120623027900032    
20170319120623027900041    
20170319120623027900061    
20170319120623027900072    
20170319120623027900201    
20170319120623027900731    
20170319120623027902041    
20170319120623027900211    
20170319120623027900771    
20170319120623027940525    
20170319120623027940201    
20170319120623027940211    
20170319120623027940221    
20170319120623027940555    
20170319120623027980014    
20170319120623027905022    
20170319120623027905042    
20170319120623027905121    
20170319120623027905032    
20170319120623027940171    
20170319120722026600101    
20170319120722026600031    
20170319120722026600201    
20170319120722026600211    
20170319120722026640526    
20170319120722026680041    
20170319120722026605021    
20170319120722026605031    
20170319120722026605041    
20170319120722026605141    
20170319120722026605202    
20170319120722026605122    
20170319120812024800107    
20170319120812024800034    
20170319120812024800043    
20170319120812024800572    
20170319120812024800082    
20170319120812024800062    
20170319120812024800071    
20170319120812024800201    
20170319120812024805041    
20170319120812024805081    
20170319120812024805142    
20170319120812024805162    
20170319120812024840171    
20170319121318026100031    
20170319121318026100041    
20170319121318026100103    
20170319121318026105021    
20170319122302027800101    
20170319122302027800031    
20170319122302027800301    
20170319122302027805081    
20170319122302027840112    
20170319124826016100571    
20170319124826016140211    
201703191248260161405510   
20170319124826016180024    
20170319124826016105042    
20170319124826016105123    
20170319132359002700032    
20170319132359002700042    
20170319132359002700104    
20170319132616022100105    
20170319132616022100033    
20170319132616022100043    
20170319132616022100221    
20170319132616022105032    
20170319132616022102041    
20170319132616022100061    
20170319132616022100071    
20170319133406003200103    
20170319133406003200032    
20170319133406003200041    
20170319133406003200072    
20170319133406003205172    
20170319133839008900031    
20170319133839008900041    
20170319133839008900103    
20170319133839008900072    
20170319133839008900571    
20170319133839008900451    
20170319133839008900211    
20170319133839008905021    
20170319133839008905042    
20170319133839008905172    
20170319134359007600032    
20170319134359007600042    
20170319134359007600104    
20170319134359007605021    
20170319134359007605041    
20170319134359007640211    
20170319134359007640141    
20170319134359007605076    
20170319140643017802031    
20170319140643017800401    
20170319140643017800031    
20170319140643017800041    
20170319140643017800102    
20170319140643017805202    
20170319140643017805162    
20170319140643017800073    
20170319140643017800062    
20170319140643017840535    
20170319140643017840523    
20170319140643017800571    
20170319140643017800221    
20170319140643017840021    
20170319140643017800202    
20170319140643017800212    
20170319140643017802041    
20170319140643017805142    
20170319140643017805031    
20170319140643017805022    
20170319140643017805044    
20170319140643017800721    
20170319140643017805011    
20170319140817017805124    
20170319141531027600032    
20170319141531027600041    
20170319141531027600211    
20170319141531027600103    
20170319141531027605021    
20170319141531027605032    
20170319141531027640112    
20170319141531027640141    
20170319142335019600032    
20170319142335019600042    
20170319142335019600731    
20170319142335019600102    
20170319142335019605041    
20170319142335019605141    
20170319142335019640141    
20170319142335019640525    
20170319142335019640535    
20170319142335019640555    
20170319142335019600061    
20170319142335019600071    
20170319142335019640391    
20170319142335019602021    
20170319142739008700034    
20170319142739008700042    
20170319142739008700061    
20170319142739008700081    
20170319142739008700107    
20170319142739008700211    
20170319142739008700221    
20170319142739008700401    
20170319142739008700571    
20170319142739008700731    
20170319142739008702041    
20170319142739008705011    
20170319142739008705021    
20170319142739008705031    
20170319142739008705041    
20170319142739008705152    
20170319142739008740212    
20170319142739008740221    
20170319142739008740391    
20170319142739008740523    
20170319143046019800036    
20170319143046019800045    
201703191430460198001010   
20170319143046019800451    
20170319143046019800731    
20170319143123020000103    
20170319143123020000032    
20170319143123020000041    
20170319143123020000061    
20170319143123020000073    
20170319143123020000201    
20170319143123020000221    
20170319143123020002041    
20170319143123020040211    
201703191431230200405510   
20170319143123020005021    
20170319143123020005032    
20170319143123020005042    
20170319143123020005075    
20170319143123020005123    
20170319143123020005131    
20170319143123020005162    
20170319143300005700032    
20170319143300005700042    
20170319143300005700104    
20170319143300005700401    
20170319143300005705122    
20170319143300005780012    
20170319143300005700061    
20170319143300005700072    
20170319143300005740531    
20170319143300005740521    
20170319143300005700631    
20170319143408000300108    
20170319143408000300035    
20170319143408000300043    
20170319143408000300061    
20170319143408000300072    
20170319143408000300201    
20170319143408000305031    
20170319143408000305126    
20170319143408000305162    
20170319143454025100102    
20170319143454025100031    
20170319143454025100041    
20170319143454025100201    
20170319143454025100211    
20170319143454025100281    
20170319143454025100591    
20170319143454025180014    
20170319143454025180031    
20170319143454025105021    
20170319143454025105121    
20170319143454025102041    
20170319143454025105163    
20170319143454025105152    
20170319143454025105042    
20170319143514015785006    
20170319143514015700032    
20170319143514015700041    
20170319143514015700081    
20170319143514015700212    
20170319143514015702042    
20170319143514015700581    
20170319143514015700591    
201703191435140157405310   
20170319143514015740211    
20170319143514015780021    
20170319143514015780014    
20170319143514015780031    
20170319143514015705022    
20170319143514015705041    
20170319143514015705142    
20170319143517020700105    
20170319143517020700033    
20170319143517020700042    
20170319143517020700081    
20170319143517020700063    
20170319143517020700072    
20170319143517020700251    
20170319143517020700731    
20170319143517020705081    
20170319143517020740535    
20170319143517020740211    
20170319143517020740114    
20170319143517020705022    
20170319143517020705032    
20170319143517020780014    
20170319143517020780022    
20170319143517020705123    
20170319143711027400102    
20170319143711027400031    
20170319143711027400041    
20170319143711027402042    
20170319143711027400772    
20170319143711027440213    
20170319143711027480014    
20170319143711027405141    
20170319143711027405152    
201703191438190077001010   
20170319143819007700036    
20170319143819007700042    
20170319143819007700571    
20170319143819007700061    
20170319143819007700072    
20170319143819007740523    
20170319143819007705032    
20170319143819007700211    
20170319143819007700731    
20170319143832007200103    
20170319143832007200032    
20170319143832007200041    
20170319144539014400106    
20170319144539014400034    
20170319144539014400041    
20170319144539014405031    
20170319144539014400571    
20170319145223019500104    
20170319145223019500032    
20170319145223019500042    
20170319145223019500062    
20170319145223019500071    
20170319145223019500221    
201703191452230195405210   
201703191452230195405310   
20170319145223019540212    
20170319145223019580014    
20170319145223019580022    
20170319145223019505021    
20170319145223019505033    
20170319145223019505042    
20170319145223019505142    
20170319145223019505153    
20170319145223019540111    
20170319145223019540392    
20170319145223019540555    
20170319145256005702041    
20170319145306019540021    
20170319145517016900104    
20170319145517016900032    
20170319145517016900042    
20170319145517016900062    
20170319145517016900072    
20170319145517016900631    
20170319145517016900422    
20170319145517016940555    
20170319145517016940111    
20170319145609015900101    
20170319145609015900031    
20170319145609015900401    
20170319145609015900571    
20170319150014025500102    
20170319150014025500031    
20170319150014025500041    
20170319150014025500571    
20170319150014025500061    
20170319150014025500071    
20170319150014025500211    
20170319150014025580012    
20170319150014025505021    
20170319150014025505041    
20170319150157001100104    
20170319150157001100032    
20170319150157001100042    
20170319150157001100071    
20170319150157001100731    
20170319150245006600034    
20170319150245006600044    
20170319150245006600401    
20170319150245006600451    
20170319150245006600108    
20170319150431026900102    
20170319150431026900031    
20170319150431026900041    
20170319150431026900081    
20170319150431026900061    
20170319150431026900072    
20170319150431026900211    
20170319150431026900221    
20170319150431026900751    
20170319150431026940523    
20170319150431026940535    
20170319150431026940555    
20170319150431026980014    
20170319150431026980022    
20170319150431026980031    
20170319150431026905022    
20170319150431026940112    
20170319150602015600108    
20170319150602015600034    
20170319150602015600042    
20170319150602015600062    
20170319150602015600201    
20170319150602015600211    
20170319150602015600231    
20170319150602015602041    
20170319150602015600281    
20170319150602015600631    
20170319150602015640555    
20170319150602015605021    
20170319150602015605032    
20170319150602015605042    
20170319150602015605124    
20170319150602015605151    
20170319150602015605162    
20170319150602015605203    
20170319150834012500101    
20170319150834012500041    
20170319150834012500071    
20170319150834012500221    
20170319150834012500771    
20170319150834012540525    
20170319150834012580024    
20170319150834012505121    
20170319150834012540021    
20170319150938028200105    
20170319150938028200032    
20170319150938028200043    
20170319150938028200572    
20170319150938028200073    
20170319150938028200202    
20170319150938028202042    
20170319150938028240525    
20170319150938028240535    
20170319150938028240202    
20170319150938028240212    
201703191509380282405510   
20170319150938028205042    
20170319150938028205122    
20170319151154024600081    
20170319151154024600061    
20170319151154024600071    
20170319151154024605031    
20170319151154024605073    
20170319151154024605122    
20170319151154024605131    
20170319151154024605151    
20170319151154024640391    
20170319151154024680031    
20170319151154024602042    
20170319151154024600201    
20170319151421002000032    
20170319151421002000041    
20170319151421002000103    
20170319151421002000072    
20170319151421002000401    
20170319151421002005041    
20170319151505007900072    
20170319151505007900571    
20170319151505007905022    
20170319151714004840211    
20170319151714004840523    
20170319151714004840021    
20170319151714004880031    
20170319151714004840555    
20170319151714004805021    
20170319151949003300105    
20170319151949003300032    
20170319151949003300042    
20170319151949003300221    
20170319151949003305031    
20170319151949003305041    
20170319151949003305122    
20170319151949003340391    
20170319152322022400103    
20170319152322022400031    
20170319152322022400042    
20170319152322022405162    
20170319152322022400631    
20170319152322022400301    
20170319152322022400721    
20170319152322022405042    
20170319152500028300102    
20170319152500028300031    
20170319152500028300041    
20170319152500028300571    
20170319152500028300211    
20170319152500028300281    
20170319152500028340532    
20170319152500028380021    
20170319152500028305041    
20170319152500028305121    
20170319152500028305171    
20170319152556009800032    
20170319152556009800042    
20170319152556009800061    
20170319152556009800073    
20170319152556009800571    
20170319152556009800104    
20170319152556009800301    
20170319152556009805081    
20170319152556009805021    
20170319152556009805031    
20170319152556009805075    
20170319152556009805122    
20170319152556009805131    
20170319152556009805152    
20170319152556009805161    
20170319152556009840117    
20170319152556009840211    
20170319152556009840555    
20170319152951022700102    
20170319152951022700031    
20170319152951022700041    
20170319152951022700061    
20170319152951022700071    
20170319152951022700221    
20170319152951022705043    
20170319152951022740391    
201703191529510227405310   
20170319153356022900102    
20170319153356022900041    
20170319153356022900062    
20170319153356022900211    
20170319153356022905021    
20170319153724006700041    
20170319153724006700101    
20170319153724006705141    
20170319153724006740021    
20170319153950006200102    
20170319153950006200031    
20170319153950006200041    
20170319153950006280041    
20170319154034011405023    
20170319154034011405141    
20170319154034011400062    
20170319154034011405045    
20170319154034011400031    
20170319154034011400041    
20170319154034011400102    
20170319154738006300109    
20170319154738006300035    
20170319154738006300044    
20170319154738006300572    
20170319154738006300062    
20170319154738006300076    
20170319154738006300211    
20170319154738006300231    
20170319154738006300251    
20170319154738006300281    
20170319154738006300751    
20170319154738006302026    
20170319154738006302031    
20170319154738006300401    
20170319154738006300451    
20170319154738006300581    
20170319154738006340201    
20170319154738006340221    
20170319154738006380018    
20170319154738006380022    
20170319154738006305021    
20170319154738006305041    
20170319154738006305081    
20170319154738006305125    
20170319154738006305143    
20170319154738006305152    
20170319154738006340021    
20170319154738006340171    
20170319155130803305121    
20170319155130803305142    
20170319155130803340201    
20170319155130803340525    
20170319155130803340535    
201703191551308033405510   
20170319155130803380041    
20170319155325803302021    
20170319155325803302031    
20170319155335022300102    
20170319155335022300031    
20170319155335022300041    
20170319155335022300071    
20170319155335022300281    
20170319155335022305173    
20170319155335022300301    
20170319155335022305141    
20170319155335022305032    
20170319155335022380012    
20170319155441023900103    
20170319155441023900032    
20170319155441023900041    
20170319155441023900061    
20170319155441023900211    
20170319155441023900221    
20170319155441023900301    
20170319155441023900581    
20170319155441023905042    
20170319155441023905081    
20170319155441023940211    
20170319155441023940555    
20170319155441023980031    
20170319155441023980041    
20170319155446013000102    
20170319155446013000033    
20170319155446013000063    
20170319155446013000281    
20170319155446013005021    
20170319155446013005132    
201703191554460130050711   
20170319155911023200034    
20170319155911023200044    
20170319155911023200201    
20170319155911023200211    
20170319155911023200571    
20170319155911023200752    
20170319155911023200108    
20170319155911023200281    
20170319155911023205033    
20170319155911023205041    
20170319155911023205124    
20170319155911023205167    
20170319155911023205177    
20170319155911023280018    
20170319155911023200063    
20170319155911023200074    
20170319160057010800105    
20170319160057010800033    
20170319160057010800042    
20170319160057010800062    
20170319160057010800073    
20170319160057010805123    
20170319160057010880015    
20170319160057010805021    
