20170823153846302111012    
20170823153846302111021    
20170823153846302111041    
20170823153846302111051    
20170823160618100911012    
20170823160618100911021    
20170823160618100911061    
20170823172232101211014    
20170823172232101211022    
20170823173241302211021    
20170823173241302211051    
20170823173241302211012    
20170823173456100211022    
20170823173456100211016    
20170823174704102711022    
20170823174704102711015    
20170823184330101911012    
20170823184330101911021    
20170823184330101911031    
20170823184330101912031    
20170823191429102711031    
20170823195210201011021    
20170823195210201011011    
20170823202450200611012    
20170823202450200611021    
20170823203738200811011    
20170823203738200811021    
