20170206080841110710255    
20170206080841110710272    
20170206080841110710305    
20170206080841110710492    
20170206080841110710635    
20170206080841110710682    
20170206080841110710872    
20170206080841110715041    
20170206080841110715351    
20170206080841110730015    
20170206080841110730071    
201702060808411107304415   
20170206080841110730451    
20170206080841110730701    
201702062130371052102510   
20170206213037105210382    
20170206213037105210633    
20170206213037105210672    
20170206213037105210682    
20170206213037105210701    
20170206213037105210871    
20170206213037105215061    
20170206213037105215181    
20170206213037105215251    
20170206213037105220021    
20170206213037105220181    
20170206213037105220311    
20170206213037105225072    
20170206213037105225082    
20170206213037105225093    
20170206213037105225141    
20170206213037105225151    
20170206213037105230015    
20170206213037105230271    
20170206213037105230691    
20170206230638103910271    
20170206230638103910305    
20170206230638103910811    
20170206230638103910871    
20170206230638103930053    
20170206230638103930401    
20170206230638103930541    
20170206234735109110255    
20170206234735109110302    
20170206234735109110431    
20170206234735109110681    
20170206234735109130382    
20170206234735109130893    
20170206234735109130961    
20170207001211109310325    
20170207001211109310345    
20170207001211109310471    
20170207001211109310632    
20170207001211109310651    
20170207001211109310682    
20170207001211109310821    
20170207001211109310871    
20170207001211109315042    
20170207001211109315061    
20170207001211109315161    
20170207001211109315351    
20170207001211109315421    
201702070012111093300110   
20170207001211109330055    
20170207001211109330941    
20170207001211109330961    
20170207001742100310183    
20170207001742100310255    
20170207001742100310303    
20170207001742100310422    
20170207001742100310651    
20170207001742100315091    
20170207001742100315211    
20170207001742100320206    
20170207001742100320212    
20170207001742100325082    
20170207001742100325091    
20170207001742100330052    
20170207001742105910123    
20170207001742105910141    
20170207001742105910172    
20170207001742105910271    
20170207001742105910302    
20170207001742105910323    
20170207001742105910347    
20170207001742105910471    
20170207001742105910625    
20170207001742105910661    
20170207001742105910683    
20170207001742105915041    
20170207001742105915061    
20170207001742105915162    
20170207001742105915371    
20170207001742105920101    
20170207001742105925121    
20170207001742105930034    
20170207001742105930042    
20170207001742105930053    
20170207001742105930271    
20170207001742105930371    
20170207001742105930571    
20170207001742105930691    
20170207001742105930892    
20170207001742105930961    
20170207003102102510121    
20170207003102102510841    
20170207003102102520083    
20170207003102102530031    
20170207003102102530193    
20170207003102102530203    
20170207003102102530891    
20170207004624108110141    
20170207004624108110342    
20170207004624108110351    
201702070046241081202060   
20170207004624108125121    
20170207004624108115241    
20170207004624108115251    
20170207004624108110681    
20170207004624108115401    
20170207004624108125241    
20170207004624108130031    
20170207004624108130112    
20170207004624108130151    
20170207004624108130251    
20170207004624108130451    
20170207004624108130691    
20170207004624108130701    
20170207004624108120194    
20170207004624108110931    
20170207004921110110123    
20170207004921110110255    
20170207004921110110271    
20170207004921110110351    
20170207004921110110361    
20170207004921110110491    
20170207004921110110681    
20170207004921110110861    
20170207004921110110931    
20170207004921110115071    
20170207004921110115111    
20170207004921110120051    
201702070049211101202012   
20170207004921110125221    
20170207004921110130013    
20170207004921110130195    
20170207004921110130205    
20170207004921110130381    
20170207004921110130431    
20170207004921110130451    
20170207004921110130571    
20170207004921110130891    
20170207004921110130921    
20170207004921110130961    
20170207005204100210271    
20170207005204100210421    
20170207005204100215041    
20170207005204100220401    
20170207005204100215371    
20170207005204100230031    
20170207005204100215061    
20170207011707108810623    
20170207011707108810681    
20170207011707108810862    
20170207011707108820221    
20170207011707108820461    
20170207011707108825261    
20170207011707108830013    
20170207011707108830271    
20170207011707108830891    
20170207013054101210302    
20170207013054101210421    
20170207013054101210821    
20170207013054101210911    
20170207013054101215351    
20170207013054101215401    
20170207013054101220021    
20170207013054101230013    
20170207013054101230034    
20170207013054101230052    
20170207013054101230061    
20170207013138109710021    
20170207013138109710345    
20170207013138109715111    
20170207013138109715351    
20170207013138109720011    
201702070131381097202012   
20170207013138109730891    
20170207013138109730921    
20170207014633104310253    
20170207014633104310305    
20170207014633104310344    
20170207014633104310681    
20170207014633104310861    
20170207014633104315161    
20170207014633104315371    
20170207014633104320051    
20170207014633104320111    
20170207014633104320281    
20170207014633104330061    
20170207014633104330451    
20170207022031104110305    
20170207022031104120101    
20170207022031104120111    
20170207022031104120271    
20170207022031104120281    
20170207022031104130034    
20170207022031104130252    
20170207022031104130272    
20170207022031104130521    
20170207022031104130531    
20170207022031104130691    
