20170927121404630820013    
20170927121404630820072    
20170927121404630820373    
20170927121404630820612    
20170927223332603020012    
20170927223332603020072    
20170927230748606520013    
20170927233004606920061    
20170927233004606920071    
20170927233004606920301    
20170928003011606220041    
20170928003011606220067    
201709280030116062200710   
20170928011230500620013    
20170928011230500620062    
20170928011230500620071    
20170928011230500620301    
20170928011230500640191    
20170928011230500640241    
