20171219165441200111014    
20171219165441200111023    
20171219165441200111061    
20171219165441200113131    
20171219165507200113121    
20171219173434302411012    
20171219173434302411022    
20171219175342301511021    
20171219175342301511012    
20171219175342301511131    
20171219180132302211021    
20171219180132302211061    
20171219180132302211012    
20171219180132302213121    
20171219180132302213132    
20171219180825302311012    
20171219180825302311022    
20171219180831300511021    
201712191808313005111110   
20171219180831300511012    
20171219191608301411012    
20171219191608301411022    
20171219193019200411012    
20171219193019200411021    
20171219193927200311021    
20171219193927200311012    
20171219201508200811011    
20171219201508200811021    
20171219201550201011021    
20171219201550201011012    
20171219202953200511021    
20171219202953200511012    
