20170116195754121201141    
201701161957541212021110   
20170116195754121202241    
20170116195754121213111    
201701161957541212014410   
20170116195754121202527    
201701162257281205010110   
20170116225728120501131    
20170116225728120501191    
201701162257281205021110   
20170116225728120502522    
20170116225728120560851    
201701162337161237010130   
20170116233716123701142    
20170116233716123703081    
20170116233716123702118    
20170116233716123702202    
20170116233716123702172    
20170116233716123703173    
20170116233716123701442    
20170116233716123702522    
20170116233716123701472    
20170116233716123702721    
20170116233716123702822    
201701162338031212010110   
20170116235523131803011    
201701162355231318021110   
201701170101171296010120   
20170117010117129601071    
20170117010117129602115    
20170117010117129602172    
20170117010117129602205    
20170117010117129602341    
20170117010117129603011    
20170117010117129603081    
201701170109441323010120   
20170117010944132301061    
20170117010944132301071    
20170117010944132301121    
20170117010944132301131    
20170117010944132301442    
20170117010944132302071    
20170117010944132302113    
20170117010944132302341    
20170117010944132303071    
20170117010944132313081    
201701170110541326010120   
20170117011054132601051    
20170117011054132601071    
20170117011054132601121    
20170117011054132602071    
20170117011054132613081    
201701170110541326021120   
20170117011054132602281    
20170117011054132660011    
20170117011054132660981    
20170117011054132601475    
20170117011054132602823    
20170117015702126201072    
20170117015702126201142    
20170117015702126202231    
20170117015702126202825    
20170117015702126260851    
20170117015702126260981    
201701170308231251010120   
20170117030823125101121    
20170117030823125101141    
20170117030823125103011    
20170117030823125160011    
