20171228223118100210343    
20171228223118100215251    
20171228223118100210622    
20171228223118100215261    
20171228223118100225241    
20171228223118100225251    
20171228223118100215061    
20171228223118100220191    
20171228233456103910172    
20171228233456103910271    
20171228233456103910302    
20171228233456103910322    
20171228233456103910345    
20171228233456103910361    
20171228233456103910432    
20171228233456103910623    
20171228233456103910651    
20171228233456103910661    
20171228233456103910681    
20171228233456103910791    
20171228233456103910821    
20171228233456103910861    
20171228233456103910972    
20171228233456103915111    
20171228233456103915161    
20171228233456103915331    
20171228233456103930014    
20171228233456103930031    
20171228233456103930052    
20171228233456103930251    
20171228233456103930331    
20171228233456103930381    
20171228233456103930392    
20171228233456103930891    
20171228234600109710123    
20171228234600109710211    
20171228234600109710221    
201712282346001097103410   
20171228234600109710432    
20171228234600109710651    
20171228234600109710861    
20171228234600109710944    
20171228234600109710957    
20171228234600109710971    
20171228234600109715111    
20171228234600109715241    
20171228234600109720401    
20171228234600109725251    
20171228234600109725261    
20171228234600109730017    
20171228234600109730037    
20171228234600109730045    
20171228234600109730055    
20171228234600109730121    
20171228234600109730204    
20171228234600109730691    
20171228234600109730701    
20171228234600109730891    
20171228234600109740351    
20171228235023109110023    
20171228235023109110211    
201712282350231091102510   
20171228235023109110321    
201712282350231091103410   
20171228235023109110433    
20171228235023109110643    
20171228235023109110661    
20171228235023109110841    
20171228235023109110953    
20171228235023109115031    
20171228235023109115371    
20171228235023109120191    
20171228235023109120402    
20171228235023109125261    
20171228235023109130015    
20171228235023109130031    
20171228235023109130041    
20171228235023109130081    
20171228235023109130383    
20171228235023109130921    
20171228235612104010303    
20171228235612104010322    
20171228235612104010623    
20171228235612104010635    
20171228235612104010682    
20171228235612104010861    
20171228235612104015331    
20171228235612104020011    
201712282356121040202012   
201712282356121040300110   
20171228235612104030032    
20171228235612104030043    
20171228235612104030081    
20171228235612104030351    
20171228235737104020101    
20171229000624104310381    
20171229000624104310623    
20171229000624104310681    
20171229000624104310791    
20171229000624104315331    
20171229000624104315371    
20171229000624104315421    
20171229000624104320051    
20171229000624104325121    
20171229000624104325261    
20171229000624104330251    
20171229000624104330271    
20171229000624104330451    
20171229000624104330921    
20171229000730104330015    
20171229000742107310141    
201712290007421073101710   
20171229000742107310255    
201712290007421073103010   
20171229000742107310323    
20171229000742107310491    
20171229000742107310633    
20171229000742107310651    
20171229000742107310661    
20171229000742107310671    
20171229000742107310681    
20171229000742107310821    
20171229000742107310861    
20171229000742107310953    
20171229000742107310981    
20171229000742107315351    
20171229000742107315421    
20171229000742107320011    
20171229000742107320021    
20171229000742107320053    
20171229000742107320061    
20171229000742107320101    
20171229000742107325011    
20171229000742107325092    
20171229000742107325251    
20171229000742107325261    
20171229000742107325271    
20171229000742107330032    
201712290007421073300510   
20171229000742107330081    
20171229000742107330121    
20171229000742107330271    
20171229000742107330351    
20171229000742107330381    
20171229000742107330701    
20171229000742107330891    
20171229002216110210123    
20171229002216110210173    
20171229002216110210211    
20171229002216110210221    
20171229002216110210253    
20171229002216110210271    
20171229002216110210343    
20171229002216110210634    
20171229002216110210651    
20171229002216110210952    
20171229002216110210991    
20171229002216110230013    
20171229002216110230032    
20171229002216110230111    
20171229005635106110071    
20171229005635106110123    
20171229005635106110175    
20171229005635106110255    
20171229005635106110325    
20171229005635106110343    
20171229005635106110471    
20171229005635106110625    
20171229005635106110682    
20171229005635106110862    
20171229005635106115351    
20171229005635106130015    
20171229005635106130033    
20171229005635106130081    
20171229005635106130252    
20171229005635106130351    
20171229010151105910071    
20171229010151105910126    
20171229010151105910141    
20171229010151105910171    
20171229010151105910212    
20171229010151105910221    
201712290101511059102515   
20171229010151105910272    
20171229010151105910303    
20171229010151105910323    
201712290101511059103412   
20171229010151105910351    
201712290101511059106215   
20171229010151105910643    
20171229010151105910655    
20171229010151105910685    
20171229010151105910831    
20171229010151105910841    
20171229010151105910973    
20171229010151105915041    
20171229010151105915163    
20171229010151105915261    
20171229010151105915351    
20171229010151105915371    
20171229010151105915403    
20171229010151105915421    
20171229010151105920021    
20171229010151105920411    
201712290101511059300110   
20171229010151105930033    
20171229010151105930043    
20171229010151105930121    
20171229010151105930241    
20171229010151105930271    
20171229010151105930371    
20171229010151105930571    
20171229010151105930701    
20171229010151105930733    
20171229010151105930894    
20171229010151105930921    
20171229010214109310212    
20171229010214109310222    
201712290102141093102510   
20171229010214109310307    
20171229010214109310351    
20171229010214109310651    
20171229010214109310661    
20171229010214109310671    
20171229010214109310683    
20171229010214109315061    
20171229010214109315071    
20171229010214109315211    
20171229010214109315261    
20171229010214109315351    
20171229010214109315421    
20171229010214109325041    
201712290102141093300110   
20171229010214109330035    
20171229010214109330351    
20171229010214109330892    
20171229011820106910022    
20171229011820106910124    
20171229011820106910175    
201712290118201069102515   
20171229011820106910272    
20171229011820106910346    
20171229011820106910625    
201712290118201069106315   
20171229011820106910671    
20171229011820106910684    
20171229011820106910863    
20171229011820106915042    
20171229011820106915161    
20171229011820106915182    
20171229011820106915421    
20171229011820106920046    
20171229011820106920083    
20171229011820106920103    
20171229011820106930055    
20171229011820106930204    
20171229011820106930274    
20171229011820106930352    
20171229011820106930381    
20171229011820106930691    
20171229012916100410271    
20171229012916100410345    
20171229012916100410661    
20171229012916100410681    
20171229012916100410955    
20171229012916100410971    
20171229013232106110991    
20171229013522105810121    
20171229013522105810256    
20171229013522105810681    
20171229013522105810955    
20171229013522105810971    
20171229013522105815161    
20171229013522105815191    
20171229013522105820191    
20171229013522105820311    
20171229013522105830015    
20171229013522105830451    
20171229013522105830701    
20171229013522105830891    
20171229020306104110141    
20171229020306104110307    
20171229020306104110385    
20171229020306104110422    
20171229020306104110627    
20171229020306104115262    
20171229020306104115422    
20171229020306104120011    
20171229020306104120021    
20171229020306104120111    
20171229020306104125011    
20171229020306104125021    
20171229020306104125241    
20171229020306104130035    
20171229020306104130061    
20171229020306104130113    
20171229020306104130205    
20171229020306104130253    
20171229020306104130272    
20171229020306104130381    
20171229020343102910071    
20171229020343102910127    
20171229020343102910141    
201712290203431029101710   
20171229020343102910213    
20171229020343102910223    
201712290203431029102530   
20171229020343102910272    
201712290203431029103015   
20171229020343102910325    
201712290203431029103420   
20171229020343102910433    
20171229020343102910471    
201712290203431029106215   
20171229020343102910635    
20171229020343102910653    
20171229020343102910662    
20171229020343102910686    
20171229020343102910865    
201712290203431029109520   
20171229020343102910975    
20171229020343102915041    
20171229020343102915162    
20171229020343102915182    
20171229020343102915262    
20171229020343102915371    
20171229020343102915422    
20171229020343102920013    
20171229020343102920023    
20171229020343102920085    
20171229020343102920101    
20171229020343102920111    
20171229020343102920192    
20171229020343102920312    
201712290203431029300130   
20171229020343102930035    
20171229020343102930045    
20171229020343102930062    
20171229020343102930082    
20171229020343102930112    
20171229020343102930351    
20171229020343102930383    
20171229020343102930492    
20171229020343102930603    
20171229020343102930703    
20171229020343102930961    
20171229020511107610021    
20171229020511107610256    
20171229020511107610345    
20171229020511107610381    
20171229020511107610421    
20171229020511107610431    
20171229020511107610635    
20171229020511107610681    
20171229020511107610861    
20171229020511107610955    
20171229020511107610972    
20171229020511107610981    
20171229020511107610991    
20171229020511107620011    
20171229020511107625121    
20171229020511107630015    
20171229020511107630032    
20171229020511107630205    
20171229020511107630381    
20171229020511107630691    
20171229020925105410111    
20171229020925105410177    
20171229020925105410257    
20171229020925105410326    
20171229020925105410623    
20171229020925105410651    
20171229020925105410661    
20171229020925105410681    
20171229020925105410841    
20171229020925105415161    
20171229020925105415261    
20171229020925105430032    
20171229020925105430195    
20171229020925105430271    
20171229020925105430392    
20171229020925105430891    
20171229025819106710121    
20171229025819106710306    
20171229025819106710323    
20171229025819106710343    
20171229025819106710351    
20171229025819106710626    
20171229025819106710651    
20171229025819106710661    
20171229025819106715111    
20171229025819106715211    
20171229025819106715351    
20171229025819106715421    
20171229025819106720012    
20171229025819106730017    
20171229025819106730044    
20171229025819106730081    
20171229025819106730182    
