20170728001514400110322    
20170728001514400110651    
20170728001514400110681    
20170728001514400110955    
20170728001514400111011    
20170728001514400130012    
20170728001514400130061    
20170728001514400130271    
20170728005804400210122    
20170728005804400210342    
20170728005804400210632    
20170728005804400217013    
20170728005804400230052    
20170728005804400230251    
20170728005804400230381    
20170728005804400230661    
20170728005804400230961    
20170728023746400110123    
20170728023746400115461    
