20170107005536704150013    
20170107005536704150136    
201701070114391030316010   
201701070114391030316210   
20170107011439103030031    
20170107011439103031581    
20170107011439103031571    
20170107011439103030251    
201701070122261072300110   
20170107012226107230031    
20170107012226107231312    
201701070142381030316010   
201701070142381030316210   
20170107014238103030391    
20170107014238103030401    
20170107014238103050982    
20170107014238103031571    
20170107014238103030251    
20170107020413107230322    
