20170425083106009500104    
20170425083106009500032    
20170425083106009500042    
20170425083106009500062    
20170425083106009500072    
20170425101742802000104    
20170425101742802000032    
20170425101742802000042    
20170425101742802000201    
20170425101742802002042    
20170425101742802005023    
20170425101742802005043    
20170425101742802005122    
20170425101742802005151    
20170425102745027100032    
20170425102745027100041    
20170425102745027100103    
20170425102745027100571    
20170425102745027100063    
20170425102745027100073    
20170425102745027100201    
20170425110139801900034    
20170425110139801900042    
20170425110139801900202    
20170425110139801900431    
20170425110139801900106    
20170425110139801905032    
20170425110139801905042    
20170425110139801905122    
20170425110139801905152    
20170425110139801905172    
20170425110139801940211    
201704251101398019405510   
20170425110139801900061    
20170425110139801940391    
20170425110139801902043    
20170425111350009800032    
20170425111350009800042    
20170425111350009800212    
20170425111350009800104    
20170425111350009800281    
20170425111350009805011    
20170425111350009805021    
20170425111350009805032    
20170425111350009805121    
20170425111350009805152    
20170425111350009840111    
20170425111350009840171    
20170425111350009802041    
20170425132214802100031    
20170425132214802100041    
20170425132214802100201    
20170425132214802100102    
20170425132214802105042    
20170425132214802105121    
20170425132214802105162    
20170425132214802140112    
20170425132214802180041    
20170425132214802102042    
201704251322157996000730   
201704251322157996990224   
201704251322407995000712   
201704251322407995990130   
201704251322407995990230   
201704251323137994000712   
20170425132313799400491    
201704251323137994990118   
201704251323137994990218   
201704251323317993990118   
201704251323317993990218   
201704251324208000000754   
20170425132420800000404    
20170425132420800000731    
201704251324208000990154   
201704251324208000990254   
20170425132758801800031    
20170425132758801800211    
20170425132758801800251    
20170425132758801800751    
20170425132758801800102    
20170425132758801800771    
20170425132758801805021    
20170425132758801805032    
20170425132758801805041    
20170425132758801805121    
20170425132758801805152    
20170425132758801805161    
20170425132758801840112    
20170425132758801840211    
20170425132758801840538    
20170425132758801802041    
20170425133132007200104    
20170425133132007200032    
20170425133132007200042    
20170425133132007200211    
20170425133340023700103    
20170425133340023700031    
20170425133340023700042    
20170425133340023700061    
20170425133340023700071    
20170425133340023705041    
20170425133340023780013    
20170425133340023780022    
20170425133340023705123    
20170425133412801300036    
20170425133412801300044    
201704251334128013001015   
20170425133422023705161    
20170425133920801400033    
20170425133920801400041    
20170425133920801400201    
20170425133920801400581    
20170425133920801400105    
20170425133920801405021    
20170425133920801405043    
20170425133920801405122    
20170425133920801405152    
20170425133920801405171    
20170425133920801405201    
20170425133920801400061    
20170425133920801400071    
201704251353170157850010   
20170425135317015700032    
20170425135317015700042    
20170425135317015700571    
20170425135317015700071    
20170425135317015700202    
20170425135317015702042    
20170425135317015700251    
20170425135317015740201    
20170425135317015740213    
20170425135317015740221    
201704251353170157405520   
20170425135317015780014    
20170425135317015705022    
20170425135317015705032    
20170425135317015705044    
201704251353170157050720   
20170425135317015705133    
20170425135317015705141    
20170425135317015740021    
20170425135840023200033    
20170425135840023200042    
20170425135840023200201    
20170425135840023200451    
20170425135840023200106    
20170425135840023200772    
20170425135840023200281    
20170425135840023205032    
20170425135840023205041    
20170425135840023205124    
20170425135840023205154    
20170425135840023205163    
20170425135840023205173    
20170425135840023240212    
20170425135840023280018    
20170425135840023200062    
20170425135840023200072    
20170425140017019800037    
20170425140017019800045    
20170425140017019800109    
20170425140017019800731    
20170425140217027700102    
20170425140217027700031    
20170425140217027700041    
20170425140217027700072    
20170425140217027700201    
20170425140217027702041    
20170425140217027740533    
20170425140217027705021    
20170425140217027705042    
20170425140217027705121    
20170425140217027705151    
20170425140217027705162    
20170425140217027740011    
20170425140218802800032    
20170425140218802800042    
20170425140218802800104    
20170425140218802805021    
20170425140218802805045    
20170425140218802800073    
20170425140443006200104    
20170425140443006200032    
20170425140443006200041    
20170425140443006205021    
20170425140729025500101    
20170425140729025500031    
20170425140729025500061    
20170425140729025500071    
20170425140729025580012    
20170425140729025540131    
20170425140729025500281    
20170425140932017800031    
20170425140932017800041    
20170425140932017800102    
20170425140932017805122    
201704251409320178405310   
20170425140932017840523    
20170425141301015600105    
20170425141301015600033    
20170425141301015600044    
20170425141301015600062    
20170425141301015600072    
20170425141301015600201    
20170425141301015600211    
20170425141301015600221    
20170425141301015602041    
20170425141301015600421    
20170425141301015640211    
20170425141301015640553    
20170425141301015605021    
20170425141301015605032    
20170425141301015605042    
20170425141301015605123    
20170425141301015605141    
20170425141301015605152    
20170425141301015605163    
20170425141301015605203    
20170425141709004800102    
20170425141709004800042    
20170425141709004805042    
20170425141709004800071    
20170425141709004800401    
20170425142501802500033    
20170425142501802500042    
20170425142501802500221    
20170425142501802500571    
20170425142501802500105    
20170425142501802505021    
20170425142501802505042    
20170425142501802505121    
20170425142501802540112    
20170425142501802500061    
20170425142518500200032    
20170425142518500200041    
20170425142518500200103    
20170425142518500205023    
201704251425185002051520   
20170425142518500240203    
201704251425185002020230   
20170425142518500280054    
20170425142518500280064    
20170425142703012500101    
20170425142703012500031    
20170425142703012500211    
20170425142703012540212    
20170425142703012580014    
20170425142703012505122    
20170425142703012505152    
20170425142703012505172    
20170425142916801000401    
20170425142916801000731    
201704251429168010007515   
20170425142916801040205    
201704251429168010402150   
20170425142916801040225    
2017042514291680104055300  
20170425142916801080035    
20170425142927020700104    
20170425142927020700032    
20170425142927020700041    
20170425142927020700571    
20170425142927020700062    
20170425142927020700073    
20170425142927020700211    
20170425142927020702041    
20170425142927020700721    
20170425142927020700751    
201704251429270207405310   
20170425142927020740211    
201704251429270207405520   
20170425142927020740113    
20170425142927020705021    
20170425142927020705031    
201704251429270207050710   
20170425142927020705131    
20170425142927020780013    
20170425142927020780021    
20170425142927020705123    
201704251430488005051520   
201704251430488005800128   
201704251430488005000718   
201704251430488005990136   
201704251430488005990218   
20170425143225803000032    
20170425143225803000041    
20170425143225803000103    
20170425143225803005042    
20170425143225803005125    
20170425143225803005203    
20170425143225803000061    
20170425143225803000072    
20170425143240800300213    
20170425143240800300223    
20170425143240800305038    
20170425143240800305155    
20170425143240800380041    
20170425143240800300076    
20170425143240800399016    
20170425143427026600101    
20170425143427026600031    
20170425143427026600061    
20170425143427026600071    
20170425143427026602041    
20170425143427026680012    
20170425143427026605021    
20170425143427026605041    
20170425143427026605122    
20170425143427026605131    
20170425143427026605161    
20170425143427026605202    
20170425143427026640021    
20170425143427026605075    
20170425143703018900031    
20170425143703018900201    
20170425143703018900221    
20170425143703018900591    
20170425143703018900102    
20170425143703018905122    
20170425143703018905162    
20170425143703018940011    
20170425143703018940112    
20170425143703018980024    
20170425143703018980041    
20170425143703018940391    
20170425143929007900032    
20170425143929007900061    
20170425143929007905022    
20170425143929007905151    
20170425143929007940211    
20170425143929007940555    
20170425143929007900102    
20170425143957005700032    
20170425143957005700103    
20170425143957005700571    
20170425143957005780011    
20170425143957005740521    
20170425143957005700061    
20170425143957005700072    
20170425143957005705121    
20170425143957005702041    
20170425143957005740552    
20170425144035027400103    
20170425144035027400032    
20170425144035027400041    
20170425144035027400063    
20170425144035027402042    
20170425144035027400401    
20170425144035027440201    
201704251440350274405520   
20170425144035027480014    
20170425144035027405152    
20170425144046024700102    
20170425144046024700031    
20170425144046024700041    
20170425144046024700064    
20170425144046024700211    
20170425144046024740523    
20170425144046024740533    
20170425144046024740211    
20170425144046024705042    
20170425144046024705201    
20170425144046024702031    
20170425144046024702041    
20170425144431801500033    
20170425144431801500043    
20170425144431801500201    
20170425144431801500211    
20170425144431801500221    
20170425144431801500107    
20170425144431801505032    
20170425144431801505042    
20170425144431801505122    
20170425144431801505132    
20170425144431801505142    
20170425144431801505153    
20170425144431801505161    
20170425144431801505202    
20170425144431801540211    
20170425144431801500063    
20170425144431801500071    
20170425144431801540391    
20170425144431801502041    
20170425144646027900102    
20170425144646027900031    
20170425144646027900041    
20170425144646027900201    
20170425144646027900301    
20170425144646027900581    
20170425144646027900591    
20170425144646027902041    
20170425144646027980014    
20170425144646027905021    
20170425144646027905041    
20170425144646027905162    
20170425144646027905142    
20170425144646027905151    
20170425144910021300571    
20170425144910021300721    
20170425144910021300731    
20170425144910021300081    
20170425144910021305021    
20170425144910021305032    
20170425144910021305151    
20170425144910021305203    
20170425144910021300062    
20170425144910021302041    
201704251450000248001013   
20170425145000024800036    
20170425145000024800046    
20170425145000024800571    
20170425145000024800081    
20170425145000024800063    
20170425145000024800072    
20170425145000024800201    
20170425145000024802041    
201704251450000248007510   
20170425145000024800401    
20170425145000024805041    
201704251450000248050720   
20170425145000024805134    
20170425145000024805145    
20170425145000024805155    
20170425145000024805161    
201704251452118000000310   
20170425145211800000043    
201704251452118000001010   
20170425145211800000202    
20170425145211800000214    
20170425145211800000222    
20170425145211800000402    
20170425145211800000451    
20170425145211800000572    
20170425145211800000591    
20170425145211800000724    
20170425145211800000755    
20170425145211800002042    
20170425145211800005011    
20170425145211800005021    
20170425145211800005042    
20170425145211800005126    
20170425145211800005173    
20170425145211800040525    
201704251452118000405310   
20170425145211800080033    
20170425145211800099016    
20170425145251024600103    
20170425145251024600032    
20170425145251024600071    
20170425145251024600531    
20170425145251024605032    
20170425145251024605123    
20170425145251024605171    
20170425145302011405011    
20170425145302011400062    
20170425145302011400071    
20170425145302011400031    
20170425145302011400041    
20170425145302011400102    
20170425145352802300103    
20170425145352802300032    
20170425145352802300042    
20170425145352802300201    
20170425145352802300221    
20170425145352802300591    
20170425145352802340212    
20170425145352802340221    
20170425145352802305021    
20170425145352802305033    
20170425145352802305043    
20170425145352802305123    
20170425145352802305142    
20170425145352802305203    
20170425145352802340112    
20170425145352802340391    
20170425145352802302041    
20170425145352802300211    
20170425145352802340525    
20170425145352802340535    
20170425145448802400102    
20170425145448802400031    
20170425145448802400041    
20170425145448802400063    
20170425145448802400211    
20170425145448802400221    
20170425145644007600034    
20170425145644007600042    
20170425145644007600106    
20170425145644007605021    
20170425145644007605041    
20170425145644007600061    
20170425145644007600071    
20170425145644007640211    
20170425145659801600033    
20170425145659801600042    
20170425145659801600202    
20170425145659801600211    
20170425145659801600221    
20170425145659801600581    
20170425145659801600105    
20170425145659801600081    
20170425145659801600771    
20170425145659801605034    
20170425145659801605045    
20170425145659801605122    
20170425145659801605141    
20170425145659801605154    
20170425145659801605164    
20170425145659801600063    
20170425145659801600071    
20170425145659801602042    
20170425145735000300102    
20170425145735000300031    
20170425145735000300041    
20170425145735000300061    
20170425145735000305123    
20170425145735000305161    
20170425145752024800101    
20170425145752024800031    
20170425145752024800041    
20170425150026007700034    
20170425150026007700044    
20170425150026007700109    
20170425150026007700075    
20170425150026007705033    
20170425150026007700211    
20170425150026007705011    
20170425150059022400102    
20170425150059022400031    
20170425150059022400041    
20170425150059022440525    
20170425150059022402031    
20170425150317026100031    
20170425150317026100101    
20170425150317026100281    
20170425150317026105132    
20170425150317026105031    
20170425150317026140211    
20170425150317026105163    
20170425150317026180013    
20170425150317026105152    
20170425150414006300107    
20170425150414006300035    
20170425150414006300043    
20170425150414006300571    
20170425150414006300074    
20170425150414006300212    
20170425150414006302031    
20170425150414006340535    
20170425150414006340212    
201704251504140063405520   
201704251504140063800112   
20170425150414006380024    
20170425150414006305022    
20170425150414006305042    
20170425150414006305143    
20170425150414006305152    
20170425150555006700031    
20170425150555006700101    
20170425150555006700071    
20170425150653020000105    
20170425150653020000033    
20170425150653020000042    
20170425150653020000073    
20170425150653020000211    
20170425150653020000401    
20170425150653020000441    
20170425150653020005042    
201704251506530200050710   
20170425150653020005132    
20170425150653020005141    
20170425150653020005162    
20170425150833004100104    
20170425150833004100032    
20170425150833004100042    
20170425150833004100061    
20170425150833004100071    
20170425150833004100211    
20170425150833004100301    
20170425150833004105021    
20170425150833004105161    
20170425151331028200102    
20170425151331028200031    
20170425151331028200063    
20170425151331028200075    
20170425151331028200212    
20170425151331028280014    
20170425151331028280024    
20170425151331028205023    
201704251513310282050720   
20170425151331028205122    
20170425151342001100109    
20170425151342001100033    
20170425151342001100043    
20170425151342001100631    
20170425151342001140021    
20170425151351802405044    
20170425151351802405033    
20170425151351802405152    
20170425151351802440021    
20170425151351802480031    
201704251513518024405510   
20170425151351802440211    
20170425151351802440527    
20170425151351802400731    
20170425151351802402041    
20170425151351802400201    
20170425151516027800101    
20170425151516027800041    
20170425151516027805162    
20170425151516027840112    
20170425151516027805131    
20170425151516027805075    
20170425151904022305203    
20170425151904022300102    
20170425151904022300031    
20170425151904022300041    
20170425151904022300212    
20170425151904022380012    
20170425151904022380022    
20170425151904022340171    
20170425151904022340391    
20170425151904022302041    
20170425151904022340525    
20170425151904022305075    
20170425151904022305131    
20170425151904022300221    
20170425151904022305171    
20170425151904022305141    
20170425151904022340111    
20170425152326801700034    
20170425152326801700042    
20170425152326801700202    
20170425152326801700212    
20170425152326801700722    
20170425152326801700751    
20170425152326801700106    
20170425152326801705022    
20170425152326801705033    
20170425152326801705046    
20170425152326801705124    
20170425152326801705141    
20170425152326801705151    
20170425152326801705164    
20170425152326801740112    
20170425152326801740131    
20170425152326801705204    
20170425152326801700062    
20170425152326801700072    
20170425152326801702042    
20170425152504002005041    
20170425152504002005161    
20170425152504002000211    
20170425152504002000072    
20170425152504002040113    
20170425152504002000032    
20170425152504002000041    
20170425152504002000103    
20170425152514015900103    
20170425152514015900031    
20170425152514015900042    
20170425152514015900571    
20170425152514015900061    
20170425152609022100105    
20170425152609022100033    
20170425152609022100042    
20170425152609022100571    
20170425152609022100062    
20170425152609022105011    
20170425152609022105032    
20170425152636023000032    
20170425152636023000042    
20170425152636023000105    
20170425152636023005122    
20170425152636023005172    
20170425152636023000201    
20170425152636023002041    
20170425152636023005041    
20170425152636023040535    
201704251526360230405510   
20170425152636023000061    
20170425152824025100102    
20170425152824025100031    
20170425152824025100041    
20170425152824025100081    
20170425152824025100062    
20170425152824025100281    
20170425152824025180014    
20170425152824025180022    
20170425152824025105042    
20170425152824025105121    
20170425152824025105152    
20170425152824025105163    
20170425152824025140131    
20170425152928002700033    
20170425152928002700042    
20170425152928002700104    
20170425152928002705204    
20170425153052008900031    
20170425153052008900041    
20170425153052008900103    
20170425153052008900061    
20170425153052008900072    
20170425153052008905042    
20170425153052008905075    
20170425153052008905172    
20170425153052008940021    
20170425153152003300103    
20170425153152003300031    
20170425153152003300041    
20170425153152003300061    
20170425153152003300071    
20170425153152003300211    
20170425153152003300301    
20170425153152003300281    
20170425153152003300441    
20170425153152003305021    
20170425153152003305031    
20170425153152003305041    
20170425153152003305126    
20170425153156019300102    
20170425153156019300032    
20170425153156019300042    
20170425153156019300071    
20170425153156019300212    
20170425153156019300221    
20170425153156019302041    
20170425153156019300281    
20170425153156019300401    
20170425153156019340535    
20170425153156019340555    
20170425153156019380014    
20170425153156019380031    
20170425153156019305011    
20170425153156019305022    
20170425153156019305042    
20170425153156019305081    
20170425153156019305151    
20170425153156019305162    
20170425153156019340111    
20170425153156019340391    
20170425153215008700033    
20170425153215008700041    
20170425153215008700061    
20170425153215008700104    
201704251532150087050715   
20170425153215008705133    
20170425153215008705141    
20170425153215008705152    
20170425153215008705162    
20170425153215008740212    
20170425153215008740391    
20170425153215008740535    
20170425153215008780014    
20170425153337026900101    
20170425153337026900031    
20170425153337026900061    
20170425153337026900072    
20170425153337026900281    
20170425153337026900581    
20170425153337026905171    
20170425153337026980031    
20170425153337026940112    
20170425153623014400033    
20170425153623014400042    
20170425153623014400441    
20170425153623014400451    
20170425153623014400571    
20170425153623014400631    
20170425153623014400105    
20170425153623014405031    
20170425153623014405043    
20170425153623014405162    
20170425153623014440021    
20170425153623014480032    
20170425153623014400061    
20170425153623014400073    
20170425153705003305123    
20170425154012028600033    
20170425154012028600042    
20170425154012028600072    
20170425154012028600106    
20170425154012028605122    
20170425154012028605202    
20170425154052022700102    
20170425154052022700031    
20170425154052022700041    
20170425154052022700071    
20170425154052022740535    
20170425154209016100062    
20170425154209016100073    
20170425154209016100401    
20170425154209016140533    
20170425154209016180022    
20170425154209016105123    
20170425154209016105151    
20170425154209016105174    
20170425154308028300102    
20170425154308028300031    
20170425154308028300041    
20170425154328013100105    
20170425154328013100032    
20170425154328013100042    
20170425154328013100571    
20170425154328013100071    
20170425154328013100211    
20170425154328013102042    
20170425154328013100441    
20170425154328013140201    
20170425154328013140212    
20170425154328013140221    
201704251543280131405520   
20170425154328013180014    
20170425154328013105021    
20170425154328013105042    
201704251543280131050730   
20170425154328013105134    
20170425154328013105141    
20170425154328013105151    
20170425154328013105162    
20170425154328013140111    
20170425154328013140392    
20170425154332013000103    
20170425154332013000033    
20170425154332013000041    
20170425154332013000571    
20170425154332013000201    
20170425154332013000281    
20170425154332013005021    
20170425154332013005132    
201704251543320130050710   
20170425154332013005122    
20170425154457803300031    
20170425154457803300041    
20170425154457803300451    
20170425154457803300102    
20170425154457803305121    
20170425154457803340171    
20170425154800028500033    
20170425154800028500042    
20170425154800028500061    
20170425154800028500077    
20170425154800028500105    
20170425154800028500201    
20170425154800028500212    
20170425154800028500281    
20170425154800028500752    
20170425154800028500771    
20170425154800028502041    
201704251548000285050710   
20170425154800028505081    
20170425154800028505122    
20170425154800028505135    
20170425154800028505155    
20170425154800028505163    
20170425154800028540221    
20170425154800028540392    
201704251548000285405510   
20170425154832023900571    
20170425154832023900061    
20170425154832023905123    
20170425154832023940201    
20170425154922016900422    
20170425154922016940211    
20170425154922016940555    
20170425154922016905152    
20170425155131025800033    
20170425155131025800042    
20170425155131025800201    
20170425155131025800221    
20170425155131025800105    
20170425155131025800281    
201704251551310258050710   
20170425155131025805203    
20170425155131025800062    
20170425155131025802041    
20170425155255022900101    
20170425155255022900031    
20170425155255022900071    
20170425155255022940211    
201704251552550229405510   
20170425155255022905021    
20170425155255022905032    
20170425155255022905043    
201704251552550229050720   
20170425155255022905081    
20170425155255022905134    
20170425155620006600033    
20170425155620006600043    
20170425155620006600106    
