20170817103416802000106    
20170817103416802000033    
20170817103416802000043    
20170817103416802000061    
20170817103416802000202    
20170817103416802002042    
20170817103416802000751    
20170817103416802005011    
20170817103416802005022    
20170817103416802005035    
20170817103416802005045    
20170817103416802005123    
20170817111944801900033    
20170817111944801900043    
20170817111944801900202    
20170817111944801900571    
20170817111944801900107    
20170817111944801905033    
20170817111944801905044    
20170817111944801905123    
20170817111944801905154    
20170817111944801905174    
20170817111944801900061    
20170817111944801902042    
20170817113344801800031    
20170817113344801800221    
20170817113344801800571    
20170817113344801800101    
20170817113344801800771    
20170817113344801805021    
20170817113344801805041    
20170817113344801805141    
20170817113344801805152    
20170817113344801805164    
20170817113344801840131    
20170817113344801840535    
20170817113344801800071    
20170817120424019500031    
20170817120424019500041    
20170817120424019500102    
20170817124246020000033    
20170817124246020000042    
20170817124246020000105    
20170817124246020005021    
20170817124246020005032    
20170817124246020005042    
20170817124246020005134    
20170817124246020000061    
20170817124246020000073    
20170817124246020002041    
20170817124312020005162    
20170817125249802100031    
20170817125249802100041    
20170817125249802100201    
20170817125249802100211    
20170817125249802100102    
20170817125249802105021    
20170817125249802105042    
20170817125249802105121    
20170817125249802105151    
20170817125249802105162    
20170817125249802140211    
20170817125249802180031    
20170817125249802100071    
20170817125249802102041    
20170817130028800800733    
201708171300288008990160   
201708171300288008990260   
20170817130256800400453    
20170817130256800400574    
20170817130256800400731    
20170817130256800400088    
201708171302568004050810   
201708171302568004051430   
201708171302568004051550   
201708171303488031000730   
201708171303488031990130   
201708171303488031990230   
20170817130507802700402    
201708171305078027000730   
201708171305078027990130   
201708171305078027990230   
20170817130652800300721    
20170817130652800300751    
20170817130652800305155    
20170817130652800340131    
20170817130652800399016    
20170817130652800399026    
20170817130652800302041    
201708171307448011000730   
201708171307448011990142   
20170817131210801400031    
20170817131210801400041    
20170817131210801400071    
20170817131210801400102    
20170817131210801400202    
20170817131210801400571    
20170817131210801400581    
20170817131210801405011    
20170817131210801405021    
20170817131210801405032    
20170817131210801405042    
20170817131210801405075    
20170817131210801405121    
20170817131210801405131    
20170817131210801405141    
20170817131210801405152    
20170817131210801405173    
20170817131210801405202    
20170817132724500200032    
20170817132724500200042    
20170817132724500200571    
20170817132724500200752    
20170817132724500200104    
20170817132724500205021    
20170817132724500205155    
20170817132724500240535    
20170817132724500200073    
20170817132724500280096    
20170817132724500280106    
201708171348278013000310   
20170817134827801300049    
20170817134827801300206    
20170817134827801300216    
20170817134827801300401    
20170817134827801300451    
201708171348278013001020   
20170817135059801500033    
20170817135059801500043    
20170817135059801500201    
20170817135059801500211    
20170817135059801500231    
20170817135059801500571    
20170817135059801500108    
20170817135059801505034    
20170817135059801505043    
20170817135059801505122    
20170817135059801505154    
20170817135059801505162    
20170817135059801540113    
20170817135059801505203    
20170817135059801500062    
20170817135059801500071    
20170817135059801502041    
20170817135113023200034    
20170817135113023200041    
20170817135113023200201    
20170817135113023200106    
20170817135113023200281    
20170817135113023205033    
20170817135113023205041    
20170817135113023205123    
20170817135113023205164    
20170817135113023205174    
20170817135113023205203    
20170817135113023280018    
20170817135113023200061    
20170817135113023200072    
20170817135237801500631    
201708171352378015405310   
20170817135743801800041    
20170817135743801800101    
20170817135848801600032    
20170817135848801600041    
20170817135848801600202    
20170817135848801600211    
20170817135848801600221    
20170817135848801600401    
20170817135848801600631    
20170817135848801600104    
20170817135848801600081    
20170817135848801600771    
20170817135848801605033    
20170817135848801605043    
20170817135848801605141    
20170817135848801605163    
20170817135848801640113    
20170817135848801640213    
201708171358488016405210   
201708171358488016405320   
20170817135848801600062    
20170817135848801600072    
20170817135848801640391    
20170817135848801602042    
20170817140012801840523    
20170817140012801800061    
20170817140720800000036    
20170817140720800000045    
20170817140720800000076    
201708171407208000001011   
20170817140720800000574    
20170817140918780400066    
20170817140918780400072    
20170817140918780400082    
20170817140918780400212    
20170817140918780400283    
20170817140918780402042    
20170817140918780405042    
20170817140918780405143    
20170817140918780405152    
20170817140918780405172    
201708171409187804405310   
20170817140918780499016    
20170817140918780499026    
20170817141017799800753    
20170817141017799805038    
20170817141017799805153    
20170817141017799805175    
20170817141017799840202    
20170817141017799899016    
20170817141157006700072    
20170817141157006705042    
20170817141157006705172    
20170817141157006705152    
20170817141157006702041    
20170817141157006740141    
20170817141157006705142    
20170817141157006780012    
20170817141157006780022    
20170817141157006700401    
20170817141222802500032    
20170817141222802500042    
20170817141222802500201    
20170817141222802500571    
20170817141222802500104    
20170817141222802505042    
20170817141222802505152    
20170817141222802540211    
20170817141222802500072    
20170817141222802540391    
20170817141222802502042    
20170817141308780000034    
20170817141308780000042    
20170817141308780000104    
20170817141308780000213    
20170817141308780000722    
20170817141308780002042    
20170817141308780005022    
20170817141308780005123    
20170817141308780005141    
20170817141308780005153    
20170817141308780080033    
20170817141308780099016    
20170817141308780099026    
20170817141420024700102    
20170817141420024700031    
20170817141420024700041    
20170817141420024700401    
20170817141420024705152    
20170817141616780200032    
20170817141616780200041    
20170817141616780200103    
20170817141616780205171    
20170817141616780299016    
20170817141739780500066    
20170817141739780500082    
20170817141739780500282    
20170817141739780502043    
20170817141739780505154    
20170817141739780505173    
20170817141739780540172    
201708171417397805405210   
201708171417397805405345   
20170817141739780599016    
20170817141739780599026    
20170817141846000300102    
20170817141846000300031    
20170817141846000300041    
20170817141846000300451    
20170817141846000340525    
20170817141846000305031    
20170817142013000300201    
20170817142110022900103    
20170817142110022900031    
20170817142110022900041    
20170817142110022900081    
20170817142110022900071    
20170817142110022900451    
20170817142110022905031    
20170817142110022905042    
20170817142110022940112    
20170817142833007200103    
20170817142833007200032    
20170817142833007200041    
20170817143031007900103    
20170817143031007900032    
20170817143031007900041    
20170817143031007900071    
20170817143031007900401    
20170817143031007905033    
20170817143031007905151    
20170817143625020700103    
20170817143625020700031    
20170817143625020700041    
20170817143625020700062    
20170817143625020700073    
20170817143625020700211    
20170817143625020700451    
20170817143625020740212    
201708171436250207405510   
20170817143625020705021    
20170817143625020705032    
20170817143625020705042    
201708171436250207050730   
20170817143625020705136    
20170817143625020780013    
20170817143625020780021    
20170817144214024600103    
20170817144214024600032    
20170817144214024600041    
20170817144214024600072    
20170817144214024602041    
20170817144214024605032    
20170817144214024605041    
20170817144214024605124    
20170817144214024640533    
20170817144214024605171    
20170817144214024605021    
20170817144327780600066    
20170817144327780600076    
20170817144327780600083    
20170817144327780600202    
201708171443277806002110   
20170817144327780600222    
20170817144327780600252    
20170817144327780600302    
20170817144327780600723    
20170817144327780600753    
20170817144327780600773    
20170817144327780602042    
20170817144327780605027    
201708171443277806050310   
20170817144327780605081    
201708171443277806051510   
20170817144327780605175    
20170817144327780640132    
201708171443277806405240   
201708171443277806405340   
201708171443277806405530   
20170817144327780680033    
201708171443277806990118   
201708171443277806990212   
20170817144403027700105    
20170817144403027700033    
20170817144403027700042    
20170817144403027700061    
20170817144403027700071    
20170817144403027700211    
20170817144403027702041    
20170817144403027740171    
20170817144403027740121    
20170817144403027740114    
20170817144403027705042    
20170817144403027705201    
20170817144403027705122    
20170817144403027705163    
20170817144628006700031    
20170817144628006700041    
20170817144628006700102    
20170817144632021300571    
20170817144632021300751    
20170817144632021300081    
20170817144632021305021    
20170817144632021305032    
20170817144632021305042    
201708171446320213050730   
20170817144632021305152    
20170817144632021340113    
20170817144632021305202    
20170817144632021340522    
20170817144632021340532    
20170817144632021300062    
20170817144632021300076    
20170817144632021340391    
20170817144639025800032    
20170817144639025800042    
20170817144639025800201    
20170817144639025800221    
20170817144639025800104    
20170817144639025840113    
20170817144639025840141    
20170817144639025800062    
20170817144639025802041    
201708171447048006401410   
201708171447048006402130   
2017081714470480064055300  
201708171447048006800140   
20170817144822803300031    
20170817144822803300041    
20170817144822803300401    
20170817144822803300102    
20170817144822803300081    
20170817144822803300071    
20170817145026780300492    
20170817145026780399016    
20170817145242009800061    
20170817145242009800073    
20170817145242009802041    
20170817145242009800401    
20170817145242009800591    
20170817145242009840522    
20170817145242009840535    
20170817145242009840212    
20170817145242009880013    
20170817145242009880021    
20170817145242009805075    
20170817145242009805122    
20170817145242009805131    
20170817145242009805152    
20170817145242009805161    
20170817145540802300103    
20170817145540802300032    
20170817145540802300041    
20170817145540802300571    
20170817145540802300201    
20170817145540802300221    
20170817145540802302041    
20170817145540802305021    
20170817145540802305033    
20170817145540802305042    
20170817145540802305122    
20170817145540802305174    
20170817145540802305201    
20170817145540802340113    
20170817145540802340391    
20170817145612008700031    
20170817145612008700201    
20170817145612008700211    
20170817145612008700221    
20170817145612008700101    
20170817145612008705031    
20170817145612008705041    
20170817145612008705075    
20170817145612008705131    
20170817145612008705141    
20170817145612008740121    
20170817145612008740525    
20170817145612008740535    
20170817145612008780014    
20170817145612008700061    
20170817145612008702041    
20170817145851802300041    
20170817145926004100104    
20170817145926004100032    
20170817145926004100042    
20170817145926004100061    
20170817145926004100071    
20170817145926004100231    
20170817145926004100441    
20170817145926004105031    
201708171459490063001010   
20170817145949006300037    
20170817145949006300043    
20170817145949006300572    
20170817145949006300076    
20170817145949006300201    
20170817145949006300212    
20170817145949006300221    
20170817145949006300301    
20170817145949006302042    
20170817145949006300581    
20170817145949006340535    
20170817145949006340212    
20170817145949006380018    
20170817145949006380026    
20170817145949006380051    
20170817145949006305022    
20170817145949006305042    
20170817145949006305125    
20170817145949006305152    
20170817145949006305164    
20170817145949006340141    
20170817145949006340392    
20170817150048020100102    
20170817150048020100031    
20170817150048020100041    
20170817150048020105042    
20170817150048020105152    
20170817150048020140112    
20170817150130026100041    
20170817150130026100101    
20170817150130026105032    
20170817150134005700032    
20170817150134005700041    
20170817150134005700104    
20170817150134005700401    
20170817150134005705121    
20170817150134005780011    
20170817150134005700071    
20170817150134005740521    
20170817150153500300752    
20170817150153500305155    
20170817150153500380054    
20170817150153500380072    
20170817150153500380093    
20170817150153500380103    
20170817150159012500101    
20170817150159012500031    
20170817150159012500211    
20170817150159012500221    
20170817150159012500281    
20170817150159012540525    
20170817150159012580014    
20170817150159012505022    
20170817150159012505043    
20170817150159012505121    
20170817150159012505152    
20170817150159012505172    
20170817150243006600035    
20170817150243006600044    
20170817150243006600401    
20170817150243006600109    
20170817150308011400031    
20170817150308011400101    
20170817150308011400071    
20170817150358801700034    
20170817150358801700043    
20170817150358801700201    
20170817150358801700211    
20170817150358801700251    
20170817150358801700721    
20170817150358801700751    
20170817150358801700107    
20170817150358801700081    
20170817150358801705022    
20170817150358801705033    
20170817150358801705043    
20170817150358801705124    
201708171503588017051613   
20170817150358801740112    
20170817150358801705204    
20170817150358801780033    
20170817150358801700061    
20170817150358801700071    
20170817150358801702041    
20170817150748028600281    
20170817150748028605141    
20170817150748028640211    
20170817150748028680011    
20170817150845010700034    
20170817150845010700042    
20170817150845010700106    
20170817150845010700073    
20170817150845010700571    
20170817150845010700631    
20170817150855028700031    
20170817150855028700041    
20170817150855028700102    
20170817150855028700211    
20170817150855028705022    
20170817150855028705033    
20170817150855028705131    
20170817150855028740391    
20170817151246014400035    
20170817151246014400044    
20170817151246014400202    
20170817151246014400221    
20170817151246014400571    
201708171512460144001010   
20170817151246014405031    
20170817151246014405042    
20170817151246014440211    
20170817151246014402041    
20170817151355013100103    
20170817151355013100032    
20170817151355013100041    
20170817151355013100072    
20170817151355013100061    
20170817151355013100211    
20170817151355013180014    
20170817151355013180041    
20170817151355013180024    
20170817151355013105021    
20170817151355013105041    
20170817151355013105132    
20170817151355013105151    
20170817151355013105161    
20170817151648025500102    
20170817151648025500031    
20170817151648025500281    
20170817151648025580012    
20170817151648025505041    
20170817151651003200032    
20170817151651003200042    
20170817151651003200104    
20170817151651003200571    
20170817151651003200075    
20170817151651003200064    
20170817151651003240113    
20170817151651003200221    
20170817151651003200281    
20170817151651003205172    
20170817151651003200753    
20170817151651003200401    
201708171518150131050710   
20170817151823006340535    
20170817151857018900031    
20170817151857018900041    
20170817151857018900211    
20170817151857018900102    
20170817151857018905021    
20170817151857018905075    
20170817151857018905122    
20170817151857018905141    
20170817151857018905163    
20170817151857018905202    
201708171518570189405510   
20170817151857018980024    
20170817151857018980041    
20170817151857018900062    
20170817151916023900071    
20170817151916023999016    
20170817151916023999026    
20170817151916023905122    
20170817151916023905141    
20170817152101007600032    
20170817152101007600103    
20170817152101007605021    
20170817152101007602041    
20170817152101007600201    
20170817152101007600221    
20170817152101007600071    
20170817152101007605041    
20170817152101007640211    
201708171522000248001018   
20170817152200024800039    
20170817152200024800048    
20170817152200024800571    
20170817152200024800082    
20170817152200024800064    
20170817152200024800075    
20170817152200024802031    
20170817152200024802041    
20170817152200024800631    
20170817152200024800721    
20170817152200024800771    
20170817152200024805042    
201708171522000248050720   
20170817152200024805081    
20170817152200024805134    
20170817152200024805147    
201708171522000248051520   
20170817152200024805162    
20170817152200024840535    
20170817152311026600102    
20170817152311026600031    
20170817152311026600041    
20170817152311026600211    
20170817152311026640523    
20170817152311026640533    
20170817152311026640211    
20170817152311026680012    
20170817152311026680022    
20170817152311026605041    
20170817152311026605151    
20170817152311026605161    
20170817152311026605202    
20170817152311026640111    
20170817152346027400102    
201708171523460274405310   
20170817152346027480014    
20170817152346027405152    
20170817152347027900102    
20170817152347027900031    
20170817152347027900041    
20170817152347027900071    
20170817152347027900201    
20170817152347027900281    
20170817152347027900581    
20170817152347027900591    
20170817152347027940537    
20170817152347027980014    
20170817152347027980024    
20170817152347027905021    
20170817152347027905121    
20170817152347027905141    
20170817152347027905162    
20170817152347027940111    
20170817152347027940391    
20170817152503028300102    
20170817152503028300031    
20170817152503028300041    
20170817152503028300072    
20170817152503028300281    
20170817152503028340211    
20170817152503028340555    
20170817152503028305021    
20170817152503028305042    
20170817152503028305075    
20170817152503028305131    
20170817152503028305172    
20170817152503028340021    
20170817152731803000031    
20170817152731803000041    
20170817152731803000201    
20170817152731803000211    
20170817152731803000451    
20170817152731803000301    
20170817152731803000102    
20170817152731803000771    
20170817152731803005042    
20170817152731803005121    
20170817152731803005201    
20170817152731803000071    
20170817152731803040391    
20170817152814780700038    
20170817152814780700046    
20170817152814780700066    
201708171528147807000712   
201708171528147807001014   
20170817152814780700201    
20170817152814780700211    
20170817152814780700301    
20170817152814780700401    
20170817152814780700574    
20170817152814780700581    
20170817152814780700591    
20170817152814780700731    
20170817152814780700753    
20170817152814780702041    
20170817152814780705024    
20170817152814780705044    
20170817152814780705126    
20170817152814780705174    
20170817152814780740116    
20170817152814780740221    
201708171528147807990112   
201708171528147807990212   
20170817152834802400031    
20170817152834802400041    
20170817152834802400201    
20170817152834802400212    
20170817152834802400104    
20170817152834802405022    
20170817152834802405032    
20170817152834802405042    
20170817152834802405152    
20170817152834802400061    
20170817152834802400072    
20170817152834802402031    
20170817152834802402042    
20170817152859023000032    
20170817152859023000042    
20170817152859023000104    
20170817152859023005122    
20170817152859023000571    
20170817152859023005021    
20170817152859023005141    
20170817152859023005172    
20170817152859023005041    
20170817152859023000201    
20170817152859023002041    
20170817152912001100107    
20170817152912001100033    
20170817152912001100044    
20170817152912001100062    
20170817152912001100072    
20170817152912001102042    
20170817152912001140211    
201708171529120011405510   
20170817152912001105042    
20170817153152025100102    
20170817153152025100031    
20170817153152025100041    
20170817153152025100081    
20170817153152025100201    
20170817153152025100281    
20170817153240015600107    
20170817153240015600032    
20170817153240015600043    
20170817153240015600571    
20170817153240015600071    
20170817153240015600201    
20170817153240015600221    
20170817153240015600281    
20170817153240015600731    
20170817153240015640521    
20170817153240015640531    
20170817153240015605032    
20170817153240015605042    
20170817153240015605123    
20170817153240015605203    
20170817153428008900033    
20170817153428008900042    
20170817153428008900105    
20170817153428008900062    
20170817153428008900072    
20170817153428008900081    
20170817153428008900401    
20170817153428008900211    
20170817153428008905021    
20170817153428008905032    
20170817153428008905042    
20170817153428008905152    
20170817153428008905172    
20170817153428008980031    
20170817153433022700102    
20170817153433022700031    
20170817153433022700041    
20170817153433022700211    
20170817153433022705031    
20170817153433022740391    
20170817153433022740533    
20170817153457027600031    
20170817153457027600041    
20170817153457027600102    
20170817153518022300102    
20170817153518022300031    
20170817153518022300041    
20170817153518022305203    
20170817153518022300211    
20170817153518022340533    
20170817153518022300221    
20170817153518022305041    
20170817153518022305075    
20170817153518022305131    
20170817153518022340211    
201708171535180223405510   
20170817153518022300061    
20170817153518022340111    
20170817153518022305032    
20170817153518022305022    
20170817153518022305011    
201708171535180223405210   
20170817153612016100101    
20170817153612016100031    
20170817153612016100041    
20170817153612016100571    
20170817153612016100062    
20170817153612016100073    
20170817153612016100201    
20170817153612016100221    
20170817153612016100281    
20170817153612016100752    
20170817153612016100772    
20170817153612016105123    
20170817153612016105172    
20170817153623022400103    
20170817153623022400032    
20170817153649007700064    
20170817153649007705011    
20170817153649007700202    
20170817153649007700231    
20170817153649007700211    
20170817153649007700036    
20170817153649007700044    
201708171536490077001011   
20170817153649007700077    
20170817153649007700571    
20170817153752009899016    
201708171537520098990212   
20170817153803009300214    
20170817153803009302044    
20170817153803009300251    
20170817153803009300631    
201708171538030093405580   
20170817153916019300104    
20170817153916019300032    
20170817153916019300042    
20170817153916019300571    
20170817153916019300062    
20170817153916019300071    
20170817153916019300201    
20170817153916019300212    
20170817153916019302041    
20170817153916019305021    
20170817153916019305032    
20170817153916019305042    
201708171539160193050715   
20170817153916019305081    
20170817153916019305133    
20170817153916019305141    
20170817153916019305163    
20170817153916019340113    
20170817153916019340171    
20170817153916019340391    
20170817153916019340525    
20170817153916019340535    
20170817153916019340211    
201708171539160193405515   
20170817154005003340391    
20170817154005003305151    
20170817154005003305141    
20170817154005003305123    
20170817154005003305041    
20170817154005003305032    
20170817154005003302041    
20170817154005003300061    
20170817154005003300042    
20170817154005003300033    
20170817154005003300105    
20170817154050015900102    
20170817154050015900031    
20170817154050015900041    
20170817154547028500031    
20170817154547028500041    
20170817154547028500061    
20170817154547028500102    
20170817154547028500571    
20170817154547028500751    
20170817154547028502041    
20170817154547028505032    
20170817154547028505043    
20170817154547028505122    
20170817154547028505141    
20170817154547028505151    
20170817154547028540392    
20170817154547028580022    
20170817154632013000104    
20170817154632013000033    
20170817154632013000041    
20170817154632013000201    
20170817154632013000211    
20170817154632013000062    
20170817154632013005021    
20170817154632013000072    
20170817154632013005123    
20170817154632022100104    
20170817154632022100032    
20170817154632022100042    
20170817154632022100281    
20170817154632022102041    
20170817154632022100062    
20170817154632022100071    
20170817154957023700105    
20170817154957023700032    
20170817154957023700042    
20170817154957023700061    
20170817154957023700071    
20170817154957023700221    
20170817154957023702041    
20170817154957023700281    
20170817154957023740211    
201708171549570237405510   
20170817154957023705201    
20170817154957023705021    
20170817154957023705031    
20170817154957023705041    
20170817154957023705074    
20170817154957023705131    
20170817154957023705141    
20170817154957023705162    
20170817154957023740391    
20170817155050023705075    
20170817155118025100401    
20170817155118025180014    
20170817155118025140555    
20170817155118025105033    
20170817155118025105121    
20170817155118025105141    
20170817155118025140171    
20170817155118025102041    
20170817155249016900104    
20170817155249016900032    
20170817155249016900041    
20170817155249016900073    
20170817155249016940535    
20170817155249016940211    
20170817155249016940555    
20170817155249016905075    
20170817155249016905152    
20170817155249016940111    
20170817155353026900102    
20170817155353026900031    
20170817155353026900041    
20170817155353026900071    
20170817155353026900201    
20170817155353026900211    
20170817155353026900221    
20170817155353026902041    
20170817155353026900751    
20170817155353026980031    
20170817155353026905021    
20170817155353026905041    
20170817155824027800101    
20170817155824027800031    
20170817155959013300103    
20170817155959013300032    
20170817155959013300041    
201708171559590133050720   
201708171600080278405510   
20170817160008027840212    
20170817160008027880041    
