20170807203434100210211    
20170807203434100210221    
201708072034341002102510   
20170807203434100210325    
20170807203434100210622    
20170807203434100210651    
20170807203434100210681    
20170807203434100230015    
20170807203434100230381    
20170807203434100230891    
20170807203434100230921    
20170807203434100220411    
20170807203434100220421    
20170807230105100220221    
20170807230105100230331    
20170807233029103810253    
20170807233029103810323    
20170807233029103810345    
20170807233029103810362    
20170807233029103815041    
20170807233029103820021    
20170807233029103810632    
20170807233029103820402    
20170807233029103810652    
20170807233029103810172    
20170807233029103810821    
20170807233029103815261    
20170807233029103810861    
20170807233029103810871    
20170807233029103830015    
20170807233029103830053    
20170807233029103830251    
20170807233029103830452    
20170807233029103830891    
20170807233848103910173    
20170807233848103910211    
20170807233848103910221    
20170807233848103910303    
20170807233848103910323    
20170807233848103910341    
20170807233848103910381    
20170807233848103910421    
20170807233848103910431    
20170807233848103910491    
20170807233848103910623    
20170807233848103910651    
20170807233848103910861    
20170807233848103915401    
201708072338481039202012   
20170807233848103930042    
20170807233848103930251    
20170807233848103930381    
20170807233848103930392    
20170807233848103930891    
20170807233924104310101    
20170807233924104310122    
20170807233924104310271    
20170807233924104310305    
20170807233924104310421    
20170807233924104310661    
20170807233924104310682    
20170807233924104310861    
20170807233924104315181    
20170807233924104315261    
20170807233924104315401    
20170807233924104325251    
20170807233924104325261    
20170807233924104330015    
20170807233924104330032    
20170807233924104330061    
20170807233924104330131    
20170807233924104330351    
20170807233924104330361    
20170807233924104330891    
20170807233924104330911    
20170807233924104330921    
20170808002804100310255    
20170808002804100310305    
20170808002804100310422    
20170808002804100310681    
20170808002804100310791    
20170808002804100310811    
20170808002804100315041    
20170808002804100315071    
20170808002804100315331    
20170808002804100315351    
20170808002804100320112    
20170808002804100320181    
20170808002804100325093    
20170808003507108810173    
20170808003507108810303    
20170808003507108810625    
20170808003507108810632    
20170808003507108810651    
20170808003507108810682    
20170808003507108810861    
20170808003507108810942    
20170808003507108815041    
20170808003507108815251    
20170808003507108815261    
20170808003507108815371    
20170808003507108815401    
20170808003507108820011    
20170808003507108820021    
20170808003507108820221    
20170808003507108830015    
20170808003507108830891    
20170808003507108830921    
201708080044471004102510   
20170808004447100410305    
20170808004447100411002    
20170808004447100415261    
20170808004447100430055    
20170808004447100430452    
20170808004747110110173    
20170808004747110110211    
20170808004747110110625    
20170808004747110110633    
20170808004747110110791    
20170808004747110110921    
20170808004747110110957    
20170808004747110110981    
20170808004747110110991    
20170808004747110111001    
20170808004747110115041    
20170808004747110115211    
20170808004747110115241    
20170808004747110115261    
20170808004747110120051    
20170808004747110120093    
20170808004747110120161    
201708080047471101202012   
20170808004747110120421    
20170808004747110130194    
20170808004747110130351    
20170808005047109310122    
20170808005047109310255    
20170808005047109310305    
20170808005047109310325    
20170808005047109310623    
20170808005047109310633    
20170808005047109310661    
20170808005047109310671    
20170808005047109310683    
20170808005047109310931    
20170808005047109315061    
20170808005047109315071    
20170808005047109315351    
20170808005047109315371    
20170808005047109315421    
201708080050471093300110   
20170808005047109330035    
20170808005047109330045    
201708080050471093300510   
20170808005047109330451    
20170808005047109330691    
20170808005047109330701    
20170808005047109330892    
20170808012032107610383    
20170808012032107610425    
20170808012032107620011    
20170808012032107625082    
20170808012032107625092    
20170808012032107630081    
201708080156101081102510   
20170808015610108110271    
20170808015610108110323    
20170808015610108110343    
20170808015610108110381    
20170808015610108110421    
20170808015610108120011    
20170808015610108120054    
20170808015610108110635    
20170808015610108120405    
20170808015610108110651    
20170808015610108110682    
20170808015610108130035    
20170808015610108130121    
20170808015610108130361    
20170808015610108130381    
20170808015610108130692    
20170808020921109110023    
20170808020921109110173    
201708080209211091102520   
20170808020921109110271    
20170808020921109110323    
201708080209211091103412   
20170808020921109110433    
20170808020921109110491    
201708080209211091106210   
201708080209211091106310   
20170808020921109110651    
20170808020921109110661    
20170808020921109110682    
20170808020921109110861    
20170808020921109110957    
20170808020921109115111    
20170808020921109115161    
20170808020921109115211    
20170808020921109115371    
20170808020921109115401    
20170808020921109120051    
20170808020921109120101    
20170808020921109120191    
201708080209211091202012   
20170808020921109120311    
20170808020921109125081    
20170808020921109125091    
20170808020921109125111    
20170808020921109125141    
20170808020921109125151    
20170808020921109125181    
20170808020921109125251    
20170808020921109125261    
201708080209211091300115   
20170808020921109130032    
20170808020921109130042    
20170808020921109130053    
20170808020921109130081    
20170808020921109130111    
201708080209211091301912   
20170808020921109130202    
20170808020921109130271    
20170808020921109130387    
20170808020921109130392    
20170808020921109130401    
20170808020921109130691    
20170808020921109130891    
20170808030625109610813    
20170808030625109610868    
20170808030625109615172    
20170808030625109615402    
20170808030625109620161    
201708080306251096300310   
20170808030625109630253    
20170808030625109630381    
20170808030625109630531    
20170808030625109630701    
20170808032036105910124    
20170808032036105910172    
20170808032036105910211    
20170808032036105910221    
201708080320361059102515   
20170808032036105910271    
20170808032036105910304    
20170808032036105910324    
201708080320361059103413   
201708080320361059106215   
20170808032036105910634    
20170808032036105910652    
20170808032036105910683    
20170808032036105910863    
20170808032036105910971    
20170808032036105910981    
20170808032036105910991    
20170808032036105915061    
20170808032036105915161    
20170808032036105915191    
20170808032036105915351    
20170808032036105915371    
20170808032036105915401    
20170808032036105915421    
20170808032036105920022    
20170808032036105920082    
20170808032036105920101    
20170808032036105925121    
20170808032036105925141    
201708080320361059300115   
20170808032036105930041    
20170808032036105930082    
20170808032036105930121    
20170808032036105930271    
20170808032036105930351    
20170808032036105930892    
20170808032036105930961    
20170808032036105940012    
20170808035334109710211    
20170808035334109710221    
20170808035334109710271    
20170808035334109710345    
20170808035334109710651    
20170808035334109710681    
20170808035334109710861    
20170808035334109710871    
20170808035334109710942    
20170808035334109710955    
20170808035334109715261    
20170808035334109720051    
20170808035334109720083    
20170808035334109720101    
20170808035334109720111    
20170808035334109725092    
20170808035334109730015    
20170808035334109730043    
20170808035334109730061    
20170808035334109730121    
20170808035334109730691    
20170808035334109730701    
20170808035334109730891    
