20171019102155802000108    
20171019102155802000034    
20171019102155802000044    
20171019102155802000201    
20171019102155802002043    
20171019102155802080017    
20171019102155802080023    
20171019102155802005023    
20171019102155802005034    
20171019102155802005044    
20171019102155802005124    
20171019102155802005154    
20171019114054799800211    
20171019114054799805021    
20171019114054799805165    
20171019114236800000036    
20171019114236800000044    
20171019114236800000066    
20171019114236800000076    
201710191142368000001010   
20171019114236800000451    
20171019114236800002034    
20171019114613780600031    
20171019114613780600066    
20171019114613780600076    
20171019114613780600082    
20171019114613780600217    
20171019114613780600773    
201710191146137806050210   
20171019114613780605035    
20171019114613780605143    
201710191146137806051510   
20171019114613780605173    
201710191146137806405230   
201710191146137806405330   
20171019114613780680032    
20171019114613780680071    
201710191146137806990118   
201710191146137806990212   
20171019121109025800032    
20171019121109025800201    
20171019121109025800221    
20171019121109025800231    
20171019121109025800571    
20171019121109025800102    
20171019121109025800281    
20171019121109025840021    
20171019121109025840113    
20171019121109025805203    
20171019121109025800062    
20171019121109025800073    
20171019121109025840391    
20171019121109025802041    
20171019121109025880071    
20171019125242801300038    
20171019125242801300048    
20171019125242801300401    
201710191252428013001016   
20171019125242801305142    
20171019125812801400031    
20171019125812801400041    
20171019125812801400201    
20171019125812801400102    
20171019125812801405021    
20171019125812801405032    
20171019125812801405042    
20171019125812801405122    
20171019125812801405141    
20171019125812801405152    
20171019125812801405175    
20171019125812801405202    
20171019125812801480015    
20171019125812801480022    
20171019125812801480031    
20171019125812801400071    
20171019130230802000591    
20171019130850023700104    
20171019130850023700032    
20171019130850023700041    
20171019130850023700281    
20171019131020006200102    
20171019131020006200031    
20171019131020006200041    
20171019131626020700102    
20171019131626020700031    
20171019131626020700041    
20171019131626020700062    
20171019131626020700073    
20171019131626020700281    
20171019131626020780071    
20171019131626020740171    
20171019131626020700401    
20171019131626020740525    
20171019131626020740535    
20171019131626020740114    
20171019131626020705021    
20171019131626020705031    
20171019131626020705142    
20171019131626020780013    
20171019131626020780021    
20171019132838802100032    
20171019132838802100042    
20171019132838802100203    
20171019132838802100251    
20171019132838802100301    
20171019132838802100104    
20171019132838802105042    
20171019132838802105122    
20171019132838802105151    
20171019132838802105168    
20171019132838802140171    
20171019132838802105202    
20171019132838802180014    
20171019132838802180024    
20171019132838802180031    
20171019132838802100061    
20171019132838802100072    
20171019132838802102041    
20171019133319020700631    
20171019133447007200103    
20171019133447007200032    
20171019133447007200041    
20171019133447007200211    
20171019133447007200451    
20171019134426028500031    
20171019134426028500041    
20171019134426028500062    
20171019134426028500072    
20171019134426028500102    
20171019134426028500201    
20171019134426028500211    
20171019134426028500221    
20171019134426028505011    
20171019134426028505021    
20171019134426028505032    
20171019134426028540171    
201710191344260285405310   
20171019134426028580022    
20171019134426028580101    
20171019134456802500032    
20171019134456802500042    
20171019134456802500571    
20171019134456802500731    
20171019134456802500104    
20171019134456802505021    
20171019134456802505042    
20171019134456802505121    
20171019134456802505152    
20171019134456802540112    
20171019134456802580013    
20171019134456802500061    
20171019134456802502042    
20171019134617007600032    
20171019134617007600042    
20171019134617007600104    
20171019134617007600581    
20171019134624009500104    
20171019134624009500032    
20171019134624009500042    
20171019134741028540535    
20171019135250015600571    
20171019135250015600201    
20171019135250015605033    
20171019135250015605042    
20171019135250015605141    
20171019135250015605152    
20171019135250015605201    
20171019135450801800031    
20171019135450801800041    
20171019135450801800102    
20171019135450801805031    
20171019135450801805041    
20171019135450801805141    
20171019135450801805152    
20171019135450801805164    
20171019135450801840536    
20171019135450801800071    
20171019135644007640525    
20171019135644007605042    
20171019135644007600061    
20171019135644007600071    
20171019140128023200107    
20171019140128023200035    
20171019140128023200042    
20171019140128023200073    
20171019140128023200201    
20171019140128023200281    
20171019140128023202041    
20171019140128023240201    
20171019140128023200451    
20171019140128023240212    
201710191401280232800112   
20171019140128023280032    
20171019140128023205032    
20171019140128023205043    
20171019140128023205125    
20171019140128023205156    
20171019140128023205161    
20171019140128023205172    
201710191401570198000310   
20171019140157019800047    
201710191401570198001013   
20171019140157019800063    
20171019140157019800731    
20171019140157019800401    
20171019140157019805011    
20171019140157019800571    
20171019140308027700102    
20171019140308027700031    
20171019140308027700041    
20171019140308027700081    
20171019140308027700071    
20171019140308027700211    
20171019140308027700281    
20171019140308027740391    
20171019140308027740171    
201710191403080277405510   
20171019140308027740112    
20171019140308027705141    
20171019140308027705201    
20171019140308027705121    
20171019140308027705151    
20171019140308027705162    
20171019140731020100102    
20171019140731020100031    
20171019140731020100041    
20171019140731020100571    
20171019140731020105042    
20171019140731020105121    
20171019140928005700032    
20171019140928005700041    
20171019140928005700103    
20171019140928005700571    
20171019140928005780011    
20171019140928005700061    
20171019141107803000031    
20171019141107803000041    
20171019141107803000231    
20171019141107803000301    
20171019141107803000102    
20171019141107803005123    
20171019141107803005203    
20171019141107803080021    
20171019141107803000061    
20171019141107803000071    
20171019141634003200032    
20171019141634003200042    
20171019141634003200104    
20171019141634003205172    
20171019141634003205153    
20171019141634003200063    
20171019141634003200231    
20171019141634003200731    
20171019141634003280071    
20171019141650023000032    
20171019141650023000041    
20171019141650023000103    
20171019141650023080014    
20171019141650023080024    
20171019141650023005122    
20171019141650023000071    
20171019141650023000581    
20171019141650023000731    
20171019141650023000061    
20171019141650023005021    
20171019141650023000631    
20171019141650023005042    
20171019141650023000211    
20171019141939008200032    
20171019141939008200041    
20171019141939008200104    
20171019141939008205032    
20171019141939008205043    
20171019141939008240211    
20171019142423500200032    
20171019142423500200042    
20171019142423500200571    
20171019142423500200105    
20171019142423500205145    
20171019142423500205155    
20171019142423500240212    
20171019142423500240535    
20171019142423500280041    
20171019142423500280055    
201710191424235002800912   
201710191424235002801012   
20171019142507025500102    
20171019142507025500031    
20171019142507025500041    
20171019142507025500771    
20171019142507025500061    
20171019142507025580012    
20171019142507025505041    
20171019142633028200105    
20171019142633028200033    
20171019142633028200041    
20171019142633028240131    
20171019142633028200772    
20171019143101801500034    
20171019143101801500044    
20171019143101801500202    
20171019143101801500221    
20171019143101801500571    
20171019143101801500301    
20171019143101801500109    
20171019143101801505032    
20171019143101801505122    
20171019143101801505141    
20171019143101801505152    
20171019143101801505164    
20171019143101801505203    
20171019143101801580013    
20171019143101801580022    
20171019143101801500071    
20171019143101801540391    
20171019143101801502041    
20171019143345004800102    
20171019143345004800031    
20171019143345004800041    
20171019143345004805045    
20171019143345004805141    
20171019143345004805152    
20171019143513801600032    
20171019143513801600042    
20171019143513801600202    
20171019143513801600301    
20171019143513801600104    
20171019143513801600081    
20171019143513801600771    
20171019143513801605022    
20171019143513801605033    
20171019143513801605043    
20171019143513801605121    
20171019143513801605166    
20171019143513801640201    
201710191435138016405310   
20171019143513801680015    
20171019143513801680022    
20171019143513801600061    
20171019143513801600072    
20171019143513801640391    
20171019143513801602041    
20171019143653000300107    
20171019143653000300034    
20171019143653000300043    
20171019143653000300571    
20171019143653000300071    
20171019143653000340525    
20171019143653000305041    
20171019143653000305124    
20171019143653000305162    
20171019143653000340171    
20171019143918023400031    
20171019143918023400041    
20171019143918023400102    
20171019143918023400211    
20171019143918023405202    
20171019143918023405155    
20171019143949006600034    
20171019143949006600043    
20171019143949006600401    
20171019143949006600451    
20171019143949006600109    
20171019144202022700102    
20171019144202022700031    
20171019144202022700041    
20171019144202022700071    
20171019144202022700721    
20171019144202022700771    
20171019144202022705042    
20171019144233009800201    
20171019144233009800211    
20171019144233009800591    
20171019144233009805021    
20171019144233009805032    
20171019144233009805121    
20171019144233009805154    
20171019144233009805164    
20171019144233009840522    
20171019144233009840535    
20171019144233009880011    
20171019144233009880021    
20171019144233009800061    
20171019144233009800072    
20171019144233009899016    
20171019144233009899026    
20171019144233009802041    
20171019144309028800061    
20171019144309028800081    
20171019144309028800211    
20171019144309028802041    
20171019144309028805021    
20171019144309028840521    
20171019144309028840531    
20171019144434801540525    
20171019144639028600031    
20171019144639028600041    
20171019144639028600102    
20171019144639028605031    
20171019144639028640391    
20171019144639028680012    
20171019144659801700036    
20171019144659801700045    
20171019144659801700202    
20171019144659801700212    
20171019144659801700221    
20171019144659801700251    
20171019144659801700431    
20171019144659801700441    
20171019144659801700571    
20171019144659801700581    
20171019144659801700722    
20171019144659801700751    
201710191446598017001011   
20171019144659801705022    
20171019144659801705032    
20171019144659801705043    
20171019144659801705124    
20171019144659801705142    
20171019144659801705153    
201710191446598017051610   
20171019144659801740112    
20171019144659801705204    
201710191446598017800110   
20171019144659801780023    
20171019144659801700062    
20171019144659801700073    
20171019144659801702041    
20171019144941780500723    
20171019144941780502042    
20171019144941780505045    
20171019144941780505154    
20171019144941780505172    
20171019144941780540221    
201710191449417805405210   
201710191449417805405325   
20171019144941780599016    
20171019144941780599026    
20171019145049780300073    
20171019145049780340115    
20171019145049780399016    
20171019145049780399026    
20171019145117009300401    
20171019145117009300731    
20171019145117009300754    
201710191451170093990112   
201710191451170093990212   
20171019145117009305024    
20171019145117009305048    
20171019145117009305156    
20171019145155780200032    
20171019145155780200041    
20171019145155780200084    
20171019145155780200103    
20171019145155780200213    
20171019145155780200771    
201710191451557802405225   
201710191451557802405335   
20171019145430780000036    
20171019145430780000045    
201710191454307800000618   
201710191454307800001011   
20171019145430780000213    
20171019145430780000722    
20171019145430780000753    
20171019145430780002042    
20171019145430780005035    
20171019145430780005124    
20171019145430780005142    
20171019145430780005152    
20171019145430780005176    
20171019145430780040392    
201710191454307800405220   
201710191454307800405320   
20171019145430780080032    
20171019145451008900031    
20171019145451008900041    
20171019145451008900102    
20171019145451008900072    
20171019145451008900451    
20171019145451008905021    
20171019145451008905151    
20171019145451008905172    
20171019145453006700033    
20171019145453006700043    
20171019145453006700107    
20171019145453006740141    
20171019145453006780014    
20171019145453006700221    
20171019145453006702041    
20171019145453006705042    
20171019145453006705171    
20171019145453006705152    
20171019145655004100102    
20171019145655004100031    
20171019145655004100041    
20171019145655004100071    
20171019145655004100731    
20171019145655004105021    
20171019145809016900102    
20171019145809016900031    
20171019145809016900041    
20171019145809016900072    
20171019145809016980102    
20171019145821008700571    
20171019145821008700771    
20171019145821008705031    
20171019145821008705041    
20171019145821008705141    
20171019145821008705152    
20171019145821008740522    
20171019145821008740532    
20171019145821008780014    
20171019145821008740391    
20171019145947014400035    
20171019145947014400043    
20171019145947014400211    
20171019145947014400451    
20171019145947014400571    
20171019145947014400109    
20171019145947014400081    
20171019145947014400771    
20171019145947014405021    
20171019145947014405041    
20171019145947014400061    
20171019150009009305122    
20171019150233500200031    
20171019150233500200041    
20171019150233500200063    
20171019150233500200072    
20171019150233500200103    
20171019150233500200202    
20171019150233500200221    
20171019150233500202041    
20171019150446023999016    
20171019150446023999026    
20171019150446023900581    
20171019150446023980031    
20171019150446023980041    
20171019150446023905042    
20171019150514020000033    
20171019150514020000042    
20171019150514020000201    
20171019150514020000221    
20171019150514020000231    
20171019150514020000105    
20171019150514020005021    
20171019150514020005141    
20171019150514020005162    
20171019150514020000072    
20171019150520018900031    
20171019150520018900041    
20171019150520018900211    
20171019150520018900221    
20171019150520018900581    
20171019150520018900102    
20171019150520018905021    
20171019150520018905042    
20171019150520018905122    
20171019150520018940011    
20171019150520018940112    
20171019150520018980014    
20171019150520018900072    
20171019150520018902041    
20171019150649027400102    
20171019150649027400032    
20171019150649027400062    
20171019150649027440535    
20171019150649027480014    
20171019150649027405045    
20171019150649027405141    
20171019150649027405152    
20171019150801006300035    
20171019150801006300042    
20171019150801006300105    
20171019150801006300571    
20171019150801006300066    
20171019150801006300074    
20171019150801006380093    
20171019150801006380103    
20171019150801006300202    
20171019150801006300212    
20171019150801006300221    
20171019150801006302042    
20171019150801006300401    
20171019150801006300441    
20171019150801006300581    
20171019150801006340535    
201710191508010063800112   
20171019150801006380026    
20171019150801006380041    
20171019150801006380052    
20171019150801006305022    
20171019150801006305038    
20171019150801006305044    
201710191508010063051210   
20171019150801006305152    
20171019150801006305164    
20171019150801006300771    
20171019150801006340113    
20171019150801006340141    
20171019150801006340392    
20171019150832028300102    
20171019150832028300032    
20171019150832028300041    
20171019150832028300571    
20171019150832028300071    
20171019150832028300211    
20171019150832028300752    
20171019150832028305022    
20171019150832028305121    
20171019150832028305141    
20171019150832028300771    
20171019150832028340021    
20171019150911027900101    
20171019150911027900031    
20171019150911027900041    
20171019150911027900571    
20171019150911027900061    
20171019150911027900211    
20171019150911027900771    
20171019150911027905021    
20171019150911027905032    
20171019150911027940525    
20171019150911027940535    
20171019150911027980014    
20171019150911027905152    
20171019150911027940391    
20171019150911027905141    
20171019150911027980024    
20171019150938021300221    
20171019150938021300721    
20171019150938021300081    
20171019150938021305032    
20171019150938021305042    
201710191509380213050710   
20171019150938021305152    
20171019150938021340112    
20171019150938021305202    
20171019150938021340211    
20171019150938021340533    
201710191509380213405520   
20171019150938021300062    
20171019150938021300073    
20171019150938021340391    
20171019150938021399016    
20171019150938021399026    
20171019151034027905121    
201710191512170248001016   
20171019151217024800037    
20171019151217024800047    
20171019151217024800082    
20171019151217024800571    
20171019151217024800064    
20171019151217024800072    
20171019151217024802041    
201710191512170248007510   
20171019151217024800771    
20171019151217024805041    
20171019151217024805146    
201710191512170248051510   
20171019151217024805163    
20171019151217024840171    
20171019151443007700109    
20171019151443007700035    
20171019151443007700044    
20171019151443007700571    
20171019151443007700075    
20171019151443007700213    
20171019151443007700231    
20171019151454024700103    
20171019151454024700031    
20171019151454024700042    
20171019151454024700062    
20171019151454024700072    
20171019151454024700211    
20171019151454024700401    
20171019151454024700451    
20171019151454024740526    
20171019151454024740211    
20171019151454024705043    
20171019151454024705121    
20171019151454024705151    
20171019151454024740171    
20171019151454024740391    
20171019151600026600101    
20171019151600026600041    
20171019151600026600061    
20171019151600026600071    
20171019151600026600211    
20171019151600026600401    
20171019151600026680012    
20171019151600026680022    
20171019151600026605122    
20171019151600026605161    
20171019151600026605202    
20171019151848007900106    
20171019151848007900033    
20171019151848007900042    
20171019151848007900071    
20171019151848007900221    
20171019151848007905022    
20171019151848007905034    
20171019151848007905152    
20171019151848007940391    
20171019152016007200102    
20171019152016007200031    
20171019152016007200041    
20171019152108022900103    
20171019152108022900031    
20171019152108022900041    
20171019152108022900071    
20171019152108022905022    
20171019152108022905042    
20171019152108022905152    
20171019152156025100101    
20171019152156025100031    
20171019152156025100201    
20171019152156025140141    
20171019152156025140522    
20171019152156025105031    
20171019152156025105141    
20171019152156025180014    
20171019152156025105201    
20171019152156025105121    
20171019152156025105161    
20171019152214011405022    
20171019152214011400231    
20171019152214011440523    
20171019152214011405032    
20171019152214011405141    
20171019152214011400031    
20171019152214011400041    
20171019152214011400102    
20171019152214011400072    
20171019152219019300104    
20171019152219019300032    
20171019152219019300042    
20171019152219019300061    
20171019152219019300071    
20171019152219019300201    
20171019152219019300211    
20171019152219019300221    
20171019152219019302041    
20171019152219019300751    
20171019152219019300581    
20171019152219019300591    
20171019152219019305021    
20171019152219019305042    
20171019152219019305152    
20171019152219019305161    
20171019152219019340391    
20171019152224803300032    
20171019152224803300041    
20171019152224803300571    
20171019152224803300721    
20171019152224803300103    
20171019152224803300281    
20171019152224803305151    
20171019152224803340171    
20171019152224803340212    
20171019152224803380014    
20171019152224803380041    
20171019152224803300072    
20171019152224803340391    
20171019152322006700072    
20171019152322006780024    
201710191525127807000311   
20171019152512780700047    
20171019152512780700066    
20171019152512780700072    
20171019152512780700081    
201710191525127807001018   
20171019152512780700213    
20171019152512780700401    
20171019152512780700441    
20171019152512780700574    
20171019152512780702042    
20171019152512780705022    
20171019152512780705122    
20171019152512780740115    
20171019152512780740131    
20171019152512780799016    
20171019152512780799026    
20171019152517802300101    
20171019152517802300031    
20171019152517802300041    
20171019152517802300211    
20171019152517802300222    
20171019152517802380021    
20171019152517802305021    
20171019152517802305121    
20171019152517802305154    
20171019152517802305176    
20171019152517802305202    
20171019152543013100104    
20171019152543013100032    
20171019152543013100041    
20171019152543013100571    
20171019152543013100202    
20171019152543013100211    
20171019152543013140392    
20171019152543013140111    
20171019152543013105021    
20171019152605003300103    
20171019152605003300031    
20171019152605003300042    
20171019152605003300571    
20171019152605003300061    
20171019152605003300071    
20171019152605003300221    
20171019152605003302041    
20171019152605003340021    
20171019152605003300401    
20171019152605003305031    
20171019152605003305041    
20171019152605003305123    
20171019152605003305151    
20171019152605003340211    
20171019152625002000104    
20171019152625002000032    
20171019152625002000042    
20171019152625002000071    
20171019152625002005042    
20171019152828016100211    
20171019152828016100251    
20171019152828016140535    
20171019152828016180022    
20171019152828016180031    
20171019152828016105021    
20171019152828016105122    
20171019152828016105143    
20171019152828016105151    
20171019152937013300103    
20171019152937013300032    
20171019152937013300041    
20171019152950001100106    
20171019152950001100033    
20171019152950001100043    
20171019152950001100072    
20171019152950001102042    
20171019152950001100401    
20171019152950001105153    
20171019152950001140021    
20171019153407028700032    
20171019153407028700041    
20171019153407028700062    
20171019153407028700103    
20171019153407028700281    
20171019153407028700301    
20171019153407028700571    
20171019153407028700771    
20171019153407028705032    
20171019153407028705075    
20171019153407028705123    
20171019153407028705131    
20171019153407028740393    
20171019153407028780013    
20171019153407028780022    
20171019153432022100103    
20171019153432022100032    
20171019153432022100041    
20171019153432022100062    
20171019153432022100071    
20171019153432022140112    
20171019153432022100281    
20171019153432022100221    
20171019153432022100401    
20171019153550801900034    
20171019153550801900043    
20171019153550801900203    
20171019153550801900591    
20171019153550801900107    
20171019153550801905033    
20171019153550801905043    
20171019153550801905122    
20171019153550801905152    
20171019153550801905174    
20171019153550801900062    
20171019153550801902042    
20171019154114026100031    
20171019154114026100101    
20171019154114026100281    
20171019154114026180022    
20171019154114026105041    
20171019154122012500101    
20171019154122012500031    
20171019154122012500071    
20171019154122012500211    
20171019154122012500231    
20171019154122012500221    
20171019154122012500281    
20171019154122012580014    
20171019154122012580024    
20171019154122012505041    
20171019154122012505121    
20171019154122012502041    
20171019154201025780021    
20171019154201025780011    
20171019154201025740535    
20171019154201025705161    
20171019154201025705151    
20171019154201025740112    
20171019154201025705141    
20171019154201025700031    
20171019154201025700041    
20171019154201025700101    
20171019154350025140391    
20171019154413022300222    
20171019154413022300201    
20171019154413022300061    
20171019154413022340111    
20171019154413022300071    
20171019154413022380014    
20171019154413022380041    
20171019154730023705041    
20171019154730023705141    
20171019154730023705202    
20171019154730023705123    
20171019154730023705151    
20171019154730023705162    
20171019154819015900102    
20171019154819015900031    
20171019154819015900041    
20171019154819015905122    
20171019155015027800062    
20171019155015027800072    
20171019155015027805162    
20171019155015027840112    
20171019155028013000203    
20171019155028013000213    
20171019155028013000062    
20171019155028013000281    
20171019155028013005023    
20171019155115024600105    
20171019155115024600032    
20171019155115024600041    
20171019155115024600061    
20171019155115024600071    
20171019155115024600201    
20171019155115024602042    
20171019155115024600231    
20171019155115024605021    
20171019155115024605043    
20171019155115024605173    
20171019155115024605122    
20171019155545026900102    
20171019155545026900032    
20171019155545026900041    
20171019155545026900571    
20171019155545026900081    
20171019155545026900061    
20171019155545026900072    
20171019155545026900211    
20171019155545026940533    
20171019155545026905041    
20171019155936022400104    
20171019155936022400032    
20171019155936022400042    
20171019155936022400081    
20171019155936022405042    
20171019155936022405152    
201710191559360224405210   
20171019155936022440171    
20171019160114027100104    
20171019160114027100032    
20171019160114027100042    
20171019160114027100061    
20171019160114027100072    
20171019160114027100571    
20171019160114027100281    
20171019160114027105032    
20171019160114027105162    
20171019160114027180014    
