20171204125754170340001    
20171204125754170350101    
20171204125754170360321    
20171204125754170360391    
20171204125754170360451    
20171204141653542750101    
20171204141653542760001    
20171204141653542760011    
20171204141830260159991    
20171204141830260160321    
20171204141830260160331    
20171204141830260160411    
20171204142319141740001    
20171204142319141750101    
20171204142319141750111    
20171204142319141750151    
20171204142319141759951    
20171204142319141760321    
20171204142352760260331    
20171204142352760260461    
20171204142457012560321    
20171204142457012569991    
20171204142800700640001    
20171204142800700640011    
20171204142800700640011    
20171204142800700650102    
20171204142800700659951    
20171204142800700660001    
20171204142800700660321    
20171204142800700660331    
