20170611185238900100081    
20170611185238900100171    
20170611185238900110095    
201706121922231101100910   
201706121922231101101010   
20170612192223110130021    
20170612192223110140021    
20170612192223110150061    
20170612192223110180091    
20170612192223110180102    
201706122219083102100910   
20170612221908310210111    
20170612221908310220062    
20170612221908310240021    
20170612221908310280091    
20170612221908310280103    
20170612221908310280141    
20170612233051120510095    
20170612233051120510105    
20170612233051120530012    
