20170919200030395911274    
20170919200030395911334    
20170919200030395911341    
20170919200030395911351    
20170919200030395911425    
20170919200030395911651    
20170919200030395911742    
20170919200030395911962    
20170919200030395911992    
20170919200030395912021    
20170919200030395923006    
20170919200030395920141    
20170919200030395910022    
20170919200030395910101    
20170919200030395910171    
20170919200030395910271    
20170919200030395910301    
201709192000303959103210   
201709192000303959103310   
20170919200030395910423    
20170919200030395910492    
20170919200030395910652    
20170919200030395910741    
20170919200030395910355    
20170919200030395910855    
20170919200030395925091    
20170919200030395911021    
20170919200030395910511    
20170919200030395910701    
20170919201502528722184    
20170919201502528722971    
20170919201502528711612    
20170919201502528710291    
20170919201502528710742    
20170919201502528711621    
20170919201502528720711    
20170919201502528711991    
20170919201502528722222    
20170919201502528710041    
20170919201502528711141    
20170919201502528723015    
20170919201502528710581    
20170919201502528710921    
20170919201502528725091    
20170919201502528711841    
20170919201502528711641    
201709192015025287103210   
20170919201502528711711    
20170919201502528710311    
20170919201502528710821    
20170919201502528711412    
20170919201502528711423    
20170919201502528722951    
20170919201502528710496    
20170919201502528725081    
20170919201502528710871    
20170919201502528710334    
20170919201502528710342    
20170919201629528722991    
20170919202957339023011    
20170919202957339011331    
20170919202957339010422    
20170919202957339011241    
20170919202957339010281    
20170919202957339010323    
20170919202957339010333    
20170919202957339025071    
20170919202957339011162    
