20170911173323765610031    
20170911173323765610446    
20170911173323765610843    
2017091117332376561116120  
20170911173323765620124    
201709111733237656228218   
201709111733237656230218   
20170911173323765623102    
20170911201010395910091    
20170911201010395910151    
20170911201010395910272    
20170911201010395910301    
20170911201010395910325    
201709112010103959103310   
20170911201010395910392    
20170911201010395910492    
20170911201010395910592    
20170911201010395910643    
20170911201010395910741    
20170911201010395910751    
20170911201010395911122    
20170911201010395925072    
20170911201010395911181    
20170911201010395911274    
20170911201010395911301    
20170911201010395911332    
20170911201010395911351    
20170911201010395911415    
20170911201010395911835    
20170911201010395911961    
20170911201010395911992    
20170911201010395912021    
20170911201010395923004    
20170911201010395920701    
20170911210954528723014    
20170911210954528710151    
20170911210954528711351    
20170911210954528710325    
20170911210954528711241    
20170911210954528710821    
20170911210954528725081    
20170911210954528710496    
