201708012157460040001110   
20170801215746004000585    
20170801215746004001111    
20170801223053004006013    
201708012321280636000210   
20170801232128063606012    
201708020042450051000410   
20170802004245005102181    
20170802011113135801111    
201708020111131358031710   
201708020204510630000415   
20170802020451063001111    
20170802020451063000621    
201708020243400744000210   
20170802024340074400711    
201708020320460815000220   
20170802032046081506015    
20170802040644001800042    
20170802040644001800117    
20170802043139131000113    
20170802043139131000143    
201708020700301354001110   
201708020706090080000430   
201708020706560024000410   
20170802070656002401111    
20170802070656002406013    
20170802070656002406222    
20170802070656002406241    
20170802070720004101111    
201708020707200041031515   
20170802070720004103181    
20170802070759139901151    
20170802070759139901311    
201708020707591399060110   
20170802070759139906243    
201708020708331401008010   
201708020708331401012480   
201708020708481353000410   
20170802070848135306011    
20170802070908001600774    
201708020709080016008020   
201708020709080016012480   
201708020714040901006310   
20170802071404090100711    
20170802071404090101112    
201708020714040901031715   
201708020717030809000210   
