20171013011347400210141    
20171013011347400210221    
20171013011347400210302    
20171013011347400210623    
20171013011347400210681    
20171013011347400210952    
20171013011347400210991    
20171013011347400215041    
20171013011347400217013    
20171013011347400220021    
20171013011347400220261    
20171013011347400220461    
20171013011347400225241    
20171013011347400230052    
20171013011347400230381    
20171013011347400230701    
20171013012300400110121    
20171013012300400110322    
20171013012300400110343    
20171013012300400110624    
20171013012300400110681    
20171013012300400110861    
20171013012300400110953    
20171013012300400117013    
20171013012300400130014    
20171013012300400130271    
20171013012300400130451    
20171013012300400130891    
