20170709085020101610013    
201707090850201016100218   
20170709085020101610042    
20170709085020101611011    
20170709085020101611025    
20170709085020101611042    
201707090850201016130110   
20170709085020101614011    
201707090910021018100210   
20170709091002101817012    
20170709091002101817021    
20170709091002101818012    
20170709091002101850052    
20170709102038101910013    
201707091020381019100215   
20170709102038101911012    
20170709102038101911025    
20170709102038101913015    
20170709102038101913032    
20170709102038101914011    
20170709102038101915032    
20170709102038101917012    
20170709102038101930031    
20170709102631102010013    
201707091026311020100210   
20170709102631102010051    
20170709102631102011011    
20170709102631102011025    
20170709102631102011043    
20170709102631102011083    
20170709102631102012015    
20170709102631102013015    
20170709102631102015023    
20170709102631102015061    
20170709102631102017012    
20170709102631102017021    
20170709102631102020053    
20170709102631102030012    
20170709102631102030023    
20170709102631102030031    
20170709103242102015043    
20170709115926102210012    
201707091159261022100215   
20170709115926102210041    
20170709115926102211011    
20170709115926102211025    
20170709115926102211043    
20170709115926102211051    
20170709115926102211061    
20170709115926102211081    
20170709115926102212011    
201707091159261022120210   
201707091159261022130110   
20170709115926102213021    
20170709115926102215021    
20170709115926102217011    
20170709115926102217031    
20170709115926102220051    
20170709115926102220121    
20170709115926102220131    
20170709115926102230021    
201707091233401014100210   
20170709123340101411022    
20170709123340101411041    
20170709123340101411081    
20170709123340101412023    
20170709123340101413013    
20170709123340101415011    
20170709123340101415032    
20170709123340101411092    
