2017031021255621052001120  
20170310212556210520071    
20170310212556210520321    
20170310212556210520061    
20170310212556210520657    
20170310212556210520051    
20170310212556210520551    
20170310212556210521021    
201703102210521005200160   
20170310221052100520061    
20170310221052100520071    
20170310221052100520081    
20170310221052100520901    
2017031022324020862001100  
20170310223240208620051    
20170310223240208620062    
20170310223240208620072    
20170310223240208620082    
20170310223240208620322    
20170310223240208620525    
201703102232402086206520   
2017031022413813712001100  
20170310224138137120061    
20170310224138137120072    
20170310224138137120321    
20170310224138137120655    
20170310224138137121021    
201703102241552031200180   
20170310224155203120051    
20170310224155203120062    
20170310224155203120071    
20170310224155203120655    
20170310224155203120931    
2017031022425421072001120  
20170310224254210720653    
20170310224254210720061    
20170310224254210720322    
20170310224254210720081    
201703102256331369200180   
20170310225633136920052    
20170310225633136920062    
20170310225633136920071    
20170310225633136920082    
20170310225633136920161    
20170310225633136920271    
20170310225633136920322    
20170310225633136920521    
20170310225633136920551    
201703102256331369206510   
20170310225633136920901    
20170310225633136920921    
2017031023000810222001140  
20170310230008102220063    
20170310230008102220071    
20170310230008102220083    
20170310230008102220171    
20170310230008102220322    
201703102300081022206514   
20170310230008102220901    
20170310230008102220921    
20170310230008102220931    
20170310230008102221041    
2017031023061610262001120  
20170310230616102620061    
20170310230616102620071    
20170310230616102620081    
201703102315241011200180   
20170310231524101120901    
20170310231524101121041    
2017031023252921242001120  
20170310232529212420051    
20170310232529212420061    
20170310232529212420071    
20170310232529212420321    
20170310232529212420657    
20170310232529212421041    
20170310232529212421051    
201703102330041015200140   
20170310233004101520061    
20170310233004101520071    
20170310233004101520161    
20170310233004101520655    
20170310233347101520321    
2017031023343220882001160  
20170310233432208820062    
20170310233432208820071    
20170310233432208820081    
20170310233432208820321    
20170310233432208820655    
2017031023390513572001100  
20170310233905135720052    
20170310233905135720062    
20170310233905135720071    
20170310233905135720081    
20170310233905135720111    
20170310233905135720321    
20170310233905135720551    
20170310233905135720652    
20170310233905135721041    
201703102345551025200160   
20170310234555102520061    
20170310234555102520071    
20170310234555102520655    
2017031023500621132001160  
20170310235006211320062    
20170310235006211320072    
20170310235006211320082    
20170310235006211320271    
20170310235006211320658    
20170310235006211320931    
2017031100045720232001160  
20170311000457202320062    
20170311000457202320072    
20170311000457202320322    
201703110004572023206510   
2017031100051210182002120  
20170311000512101820051    
20170311000512101820062    
20170311000512101820071    
20170311000512101820081    
20170311000512101820321    
2017031101131220682001120  
20170311011312206820061    
20170311011312206820071    
20170311011312206820081    
20170311011312206820271    
20170311011312206820321    
20170311011312206820655    
20170311011312206820901    
20170311011312206820931    
201703110115501370200180   
20170311011550137020656    
20170311011550137020551    
2017031101295810022001100  
20170311012958100220062    
20170311012958100220081    
20170311012958100220321    
20170311012958100220072    
20170311012958100220656    
2017031101382414652001160  
20170311013824146520062    
20170311013824146520082    
20170311013824146520321    
20170311013824146520072    
20170311013824146520657    
20170311013824146520901    
20170311013824146520931    
2017031102322722292001100  
20170311023227222920053    
20170311023227222920062    
20170311023227222920082    
20170311023227222920321    
20170311023227222920551    
20170311023227222920072    
201703110232272229206520   
20170311023227222921021    
2017031102350720292001160  
20170311023507202920053    
20170311023507202920062    
20170311023507202920072    
20170311023507202920081    
20170311023507202920321    
201703110235072029206515   
20170311023507202921021    
2017031103240713672001100  
20170311032407136720063    
20170311032407136720071    
20170311032407136720081    
20170311032407136720321    
20170311032407136720161    
20170311032407136720657    
201703110443141021200180   
20170311044314102120061    
20170311044314102120071    
20170311044314102120321    
20170311044314102120658    
201703110612092147200180   
20170311061209214720061    
20170311061209214720071    
20170311061209214720091    
20170311061209214720322    
201703110612092147206512   
20170311061209214720911    
20170311061209214721051    
