20170627224829100310183    
20170627224829100310253    
20170627224829100310271    
20170627224829100310421    
20170627225348102610141    
20170627225348102610411    
20170627225348102610491    
20170627225348102610581    
20170627225348102615162    
20170627225348102615371    
201706272253481026300510   
20170627225348102630892    
20170627225348102630921    
20170627230927105810123    
20170627230927105810172    
20170627230927105810303    
20170627230927105810322    
20170627230927105810623    
20170627230927105810681    
20170627230927105810861    
20170627230927105820011    
20170627230927105820191    
201706272309271058300110   
20170627231748101610252    
20170627231748101610342    
20170627231748101610471    
20170627231748101610621    
20170627231748101615111    
20170627231748101625031    
20170627231748101625251    
20170627231748101625261    
20170627231748101630012    
20170627231748101630271    
20170628001203104010421    
20170628001203104010681    
20170628001203104030017    
20170628001203104030033    
20170628001203104030121    
20170628002849106410173    
20170628002849106410271    
20170628002849106410633    
20170628002849106410941    
20170628002849106410955    
20170628002849106410971    
20170628002849106415161    
20170628002849106415401    
20170628003220102710122    
20170628003220102710211    
20170628003220102710221    
20170628003220102710305    
20170628003220102710343    
20170628003220102710381    
20170628003220102710631    
20170628003220102710651    
20170628003220102710661    
20170628003220102710681    
20170628003220102710861    
20170628003220102710911    
20170628003220102720011    
20170628003220102720021    
20170628003220102720403    
20170628003220102725011    
20170628003220102730016    
20170628003220102730032    
20170628003220102730112    
20170628003220102730451    
20170628003220102730491    
20170628003220102730691    
20170628003220102730891    
20170628005059102310271    
20170628005059102310651    
20170628005059102310681    
20170628005059102310861    
20170628005059102315421    
20170628005059102325082    
20170628005126102910125    
20170628005126102910211    
20170628005126102910221    
20170628005126102910255    
20170628005126102910271    
20170628005126102910305    
20170628005126102910325    
201706280051261029103410   
20170628005126102910351    
20170628005126102910361    
20170628005126102910625    
20170628005126102910635    
20170628005126102910661    
20170628005126102910681    
20170628005126102910861    
201706280051261029109520   
20170628005126102910971    
20170628005126102910982    
20170628005126102910991    
20170628005126102915131    
20170628005126102915251    
20170628005126102915371    
20170628005126102915421    
20170628005126102920101    
20170628005126102920192    
20170628005126102925241    
201706280051261029300110   
20170628005126102930035    
20170628005126102930081    
20170628005126102930241    
20170628005126102930351    
20170628005126102930381    
20170628010454107620402    
20170628010454107630055    
20170628010454107630701    
20170628010454107630921    
20170628010604106610123    
20170628010604106610681    
20170628010604106610861    
20170628010604106610955    
20170628010604106630451    
20170628010604106630701    
20170628012058105410252    
20170628012058105410901    
20170628012058105415161    
20170628012058105430111    
20170628012355107310122    
20170628012355107310253    
20170628012355107310305    
20170628012355107310633    
20170628012355107310955    
20170628012355107330891    
20170628013657106710322    
20170628013657106710344    
20170628013657106720011    
20170628013657106720021    
20170628013657106730018    
20170628013657106730061    
20170628013657106730241    
20170628020547106110173    
20170628020547106110271    
20170628020547106110625    
20170628020547106110683    
20170628020547106110861    
20170628020547106110955    
20170628020547106115061    
20170628020547106115401    
20170628020547106120101    
20170628020547106130015    
20170628020547106130252    
20170628020547106130892    
20170628025655109610255    
20170628025655109610305    
20170628025655109610383    
20170628025655109610421    
20170628025655109610683    
20170628025655109610791    
20170628025655109620021    
20170628025655109620311    
20170628025655109620401    
20170628025655109630033    
20170628025655109630252    
20170628025655109630351    
20170628025655109630393    
20170628025655109630402    
20170628025655109630701    
20170628030040109625041    
20170628030040109625271    
20170628030040109630571    
