20180228222948400010211    
20180228222948400010221    
20180228222948400010323    
20180228222948400010382    
20180228222948400010682    
20180228222948400010861    
20180228222948400010971    
20180228222948400010981    
20180228222948400010991    
20180228222948400015171    
20180228222948400015351    
20180228222948400015421    
20180228222948400017014    
20180228222948400020021    
20180228222948400020051    
20180228222948400030032    
20180228222948400030043    
20180228222948400030381    
20180228222948400030581    
20180228222948400030671    
20180228222948400030692    
201802282229484000307014   
20180228222948400030891    
20180228222948400030961    
