201807061940082204100140   
20180706194008220410061    
20180706194008220410131    
20180706194008220410141    
20180706194008220410221    
20180706194008220412791    
20180706194008220415991    
20180706194008220470005    
201807061943010156100160   
20180706194301015610061    
20180706194301015615991    
2018070620112705941002200  
201807062013132064100160   
201807062015501394100120   
20180706201550139410181    
20180706201550139410312    
20180706201550139413392    
2018070620174516141002100  
20180706201745161410051    
20180706201745161410134    
20180706201745161410171    
20180706201745161410295    
201807062021221734100180   
20180706202122173410061    
20180706202122173410131    
20180706202122173410295    
20180706202122173410303    
20180706202122173410422    
20180706202122173410432    
20180706202122173415991    
201807062025180170100160   
2018070620265718541001100  
20180706202657185410061    
20180706202657185410132    
20180706202657185410293    
20180706202657185410571    
20180706202657185413494    
20180706202657185470005    
20180706202657185470025    
201807062033340200100180   
20180706203334020010131    
20180706203334020010141    
20180706203334020015992    
20180706203334020018291    
201807062036201724100160   
20180706203620172410131    
20180706203620172410141    
20180706203620172410181    
20180706203620172410251    
20180706203620172410297    
20180706203620172413393    
20180706203620172415991    
201807062036201724186910   
201807062036201724196910   
20180706203620172470002    
20180706203620172470012    
20180706203620172470022    
20180706203741121410132    
20180706203741121410311    
20180706203741121410431    
20180706203741121410572    
20180706203741121413492    
201807062037411214100240   
201807062115040244100160   
20180706211504024410132    
20180706211504024410141    
20180706211504024410171    
20180706211504024410181    
