20180420204846063000045    
20180420204846063000291    
20180420204846063000931    
20180420204846063001111    
201804202312121408005810   
20180420231212140806013    
201804202315102003001120   
201804202331400744000210   
20180420233140074400931    
20180420235026122300115    
20180420235026122300582    
20180420235026122300072    
20180420235026122301065    
20180420235026122300133    
20180420235026122300145    
20180420235026122300354    
20180420235026122301111    
20180420235026122302181    
201804210109330051000420   
20180421010933005100921    
20180421010933005102232    
201804210109330051060130   
20180421010933005106241    
201804210109330051007525   
20180421011314008400131    
20180421011314008400142    
20180421011314008401063    
201804210113140084060110   
201804210121051354001110   
20180421012105135400041    
20180421012105135401111    
20180421012105135402181    
201804210140390400005860   
20180421014039040000712    
20180421014039040000981    
201804210140390400010610   
20180421014039040001112    
20180421014039040002181    
20180421014039040006221    
20180421025617135800355    
201804210256171358031715   
20180421061425009800143    
20180421061425009801041    
20180421061425009801096    
20180421061425009801111    
20180421061425009801191    
20180421061747200200142    
20180421061747200200295    
201804210617472002005820   
20180421061747200201111    
20180421061747200202181    
201804210618170024000415   
20180421061817002400761    
20180421061817002401111    
20180421061817002406015    
20180421061817002406222    
20180421061817002406242    
201804210618502001001120   
20180421061850200100145    
20180421061850200100305    
20180421061850200100585    
20180421061850200101093    
20180421061850200101111    
20180421061850200106015    
2018042106191814010079140  
201804210619181401008040   
20180421061949001600183    
20180421061949001600774    
2018042106194900160079180  
201804210619490016008015   
20180421061949001601255    
2018042106221600800004110  
20180421062216008000712    
20180421062216008001119    
20180421062216008001195    
20180421062344005700113    
20180421062344005700131    
20180421062344005700141    
20180421062344005700588    
20180421062344005700711    
20180421062344005701141    
