20180102160632600010022    
201801021606326000100360   
20180102160632600010042    
20180102160632600010133    
20180102160632600010185    
20180102160632600010205    
20180102160632600010264    
201801021606326000310320   
20180102160632600040032    
20180102160632600040055    
20180102160632600041038    
20180102160632600041042    
20180102160632600060083    
20180102160632600061021    
201801021606326000610310   
20180102160632600061045    
20180102170255100110021    
20180102170255100110032    
20180102170255100110041    
20180102170255100110185    
20180102170255100110223    
20180102170255100120052    
20180102170255100120073    
20180102170255100120101    
20180102170255100131031    
20180102170255100140052    
20180102170255100140191    
20180102170255100141032    
20180102170255100141041    
20180102170255100141071    
20180102172548102010011    
20180102172548102010021    
20180102172548102010031    
20180102172548102010041    
20180102172548102010061    
20180102172548102010104    
20180102172548102010134    
201801021725481020101810   
20180102172548102010202    
20180102172548102031031    
20180102172548102040052    
20180102172548102040123    
20180102172548102041036    
20180102180014103410011    
201801021800141034100360   
20180102180014103410041    
20180102180014103410138    
20180102180014103410201    
20180102180014103410224    
20180102180014103410262    
201801021800141034310320   
20180102180014103440151    
20180102180014103440191    
20180102180014103441036    
20180102191436203710021    
20180102191436203710042    
20180102191436203710081    
20180102191436203710101    
20180102191436203710133    
20180102191436203740014    
20180102191436203740151    
20180102191436203710032    
20180102191436203720001    
20180102191436203710202    
20180102191436203741033    
20180102191436203741041    
20180102191436203731031    
20180102191436203710222    
20180102191436203730121    
201801021954371040100330   
20180102195437104010041    
20180102195437104010101    
20180102195437104010135    
20180102195437104010191    
20180102195437104010201    
20180102195437104010222    
20180102195437104010251    
20180102195437104010263    
20180102195437104020001    
20180102195437104020061    
20180102195437104040001    
20180102195437104040012    
20180102195437104040031    
20180102195437104041033    
20180102195437104041041    
20180102202311204010022    
20180102202311204010031    
20180102202311204010041    
20180102202311204010051    
20180102202311204010073    
20180102202311204010132    
20180102202311204010162    
20180102202311204010182    
20180102202311204010191    
20180102202311204010201    
20180102202311204010221    
20180102202311204010261    
20180102202311204020071    
20180102202311204040151    
20180102202311204041032    
20180102202311204050011    
20180102202827103210011    
20180102202827103210022    
201801022028271032100325   
20180102202827103210041    
20180102202827103210051    
20180102202827103210137    
20180102202827103210205    
20180102202827103210225    
20180102202827103220075    
201801022028271032400114   
20180102202827103240026    
20180102202827103240031    
20180102202827103240061    
20180102202827103240151    
20180102202827103241037    
20180102204315202510021    
201801022043152025100320   
20180102204315202510041    
20180102204315202510061    
20180102204315202510202    
20180102204315202510221    
20180102204315202520001    
20180102204315202520061    
20180102204315202540151    
20180102213512204510021    
201801022135122045100330   
20180102213512204510042    
20180102213512204510133    
20180102213512204510202    
20180102213512204510223    
20180102213512204510262    
20180102213512204520001    
201801022135122045310320   
20180102213512204540031    
20180102213512204540151    
20180102213512204541035    
20180102220030103310032    
20180102220030103310041    
20180102220030103310136    
20180102220030103310181    
20180102220030103310203    
20180102220030103310222    
20180102220030103310261    
20180102220030103330041    
20180102220030103330071    
20180102220030103340012    
20180102220030103340022    
20180102220030103340052    
201801022200301033401610   
20180102220030103340191    
20180102220030103341033    
20180102220030103341041    
20180102220030103341051    
20180102220030103341071    
20180102220030103378121    
201801022234031041100320   
20180102223403104110041    
20180102223403104110051    
20180102223403104110132    
20180102223403104110165    
20180102223403104110201    
20180102223403104110222    
20180102223403104110262    
20180102223403104120001    
20180102223403104130121    
20180102223403104140031    
20180102223403104140191    
20180102223403104141034    
20180102223403104141051    
