20180130224243103830561    
20180130224243103830695    
20180130224243103830725    
20180130224243103830741    
20180130224243103831101    
20180130224243103831367    
20180130224243103831391    
20180130224243103831431    
201801302341227002500110   
20180130234122700250031    
20180130234122700250042    
20180130234122700250052    
20180130234122700250061    
20180130234122700250071    
20180130234122700250133    
20180130234122700250221    
20180130234122700250411    
20180130234122700251052    
20180130234122700251271    
20180131001912703250221    
20180131001912703250291    
20180131001912703250625    
20180131001912703250961    
20180131001912703250342    
20180131001912703251061    
20180131001912703250981    
20180131001912703250043    
20180131001912703250071    
20180131001912703250741    
201801310019127032500130   
201801310049327053500110   
20180131004932705350041    
20180131004932705350071    
20180131004932705350133    
20180131004932705350221    
20180131004932705350252    
20180131004932705350391    
20180131004932705350411    
20180131004932705350591    
20180131004932705351271    
20180131004932705350051    
201801310104021030316015   
20180131010402103030031    
20180131010402103030871    
20180131010402103030862    
20180131010402103031641    
20180131010402103030641    
20180131010402103031375    
20180131010402103031541    
