201805112348480744000210   
20180511234848074406012    
20180511234848074400711    
201805112359301223001120   
20180511235930122300583    
20180511235930122306015    
20180511235930122301062    
20180511235930122300131    
20180511235930122300141    
20180511235930122300358    
20180511235930122301111    
20180511235930122302181    
201805120011190051000425   
20180512001119005102182    
201805120011190051060130   
201805120011190051007520   
201805120018000084001110   
20180512001800008400131    
20180512001800008400141    
20180512001800008400583    
20180512001800008401063    
20180512001800008402181    
201805120018000084060110   
201805120019260400005860   
20180512001926040000712    
20180512001926040000981    
201805120019260400010610   
20180512001926040001112    
20180512001926040006221    
201805120026341354001130   
20180512002634135401111    
20180512002634135401141    
20180512002634135401151    
20180512002634135401313    
201805120158341408005810   
20180512015834140800741    
20180512015834140800761    
20180512015834140806013    
20180512030450135800355    
20180512030450135800761    
20180512030450135801111    
201805120304501358031725   
201805120510152003001110   
20180512051015200301171    
20180512061349200200144    
201805120613492002005840   
201805120613492002010615   
20180512061349200201111    
20180512061349200201421    
201805120614310098001420   
20180512061431009800921    
20180512061431009801072    
201805120614310098010910   
20180512061431009803182    
201805120614570024000410   
20180512061457002401111    
20180512061457002406015    
20180512061457002406241    
20180512061558200100105    
201805120615582001001115   
20180512061558200100402    
20180512061558200100585    
20180512061558200100712    
20180512061558200101112    
20180512061558200106015    
201805120616260089000210   
20180512061653140100774    
2018051206165314010079140  
201805120616531401008030   
201805120617200099004750   
20180512061812001600182    
20180512061812001600778    
2018051206181200160079160  
201805120618120016008030   
20180512061812001601252    
20180512061812001603188    
20180512061836005700114    
20180512061836005700142    
20180512061836005700587    
20180512061836005706014    
2018051207134200800004100  
20180512071342008000711    
20180512071342008001116    
