201803212004591444100120   
20180321200459144410244    
201803212121540186100120   
20180321212154018610141    
20180321212154018613393    
201803212201131274100180   
20180321220113127410132    
20180321220113127410141    
201803212201131274196930   
20180321221928021610132    
20180321221928021610292    
20180321221928021610302    
20180321221928021610401    
201803212219280216100240   
201803212350391734100140   
20180321235039173410061    
20180321235039173415991    
201803212350562064100120   
20180321235056206410285    
201803212350562064102910   
20180321235056206410741    
20180321235056206413395    
201803212357322054100140   
20180321235732205410061    
20180321235732205410131    
20180321235732205410295    
20180321235732205410462    
20180321235732205410581    
20180321235732205410611    
201803220010180156100140   
20180322001018015610131    
201803220019070594100260   
20180322001907059410138    
20180322001907059415994    
20180322001907059410064    
20180322001907059410113    
20180322001907059410102    
20180322001907059410401    
201803220019290704100160   
20180322001929070410131    
20180322001929070415991    
20180322001929070410293    
201803220019290704104210   
201803220021331394100120   
20180322002133139410131    
20180322002133139410141    
201803220107021364100120   
20180322010702136410061    
201803220107021364102710   
20180322010702136410292    
201803220110411554100260   
20180322011041155410133    
20180322011041155410301    
20180322011041155410631    
20180322012104171410712    
20180322012104171410133    
20180322012104171410101    
20180322012104171410572    
20180322012104171410295    
20180322012104171410303    
20180322012104171410313    
201803220121041714100160   
201803220125210914100140   
201803220126111724100140   
20180322012611172410111    
20180322012611172410181    
20180322012611172410401    
20180322012611172413494    
20180322012611172415991    
2018032201413702451001100  
20180322014137024510063    
20180322014137024510132    
20180322014137024510221    
20180322014137024510572    
20180322014137024510602    
201803220145020211100120   
20180322014502021110131    
20180322014502021113492    
20180322021446024910111    
20180322021446024910223    
201803220214460249100240   
201803220230310136100120   
201803220255010584100160   
20180322025501058410111    
20180322025501058410101    
20180322025501058410131    
20180322025501058410181    
20180322025501058410221    
20180322025501058415991    
20180322025501058410571    
20180322025501058410581    
20180322025501058410601    
201803220325391854100120   
20180322032539185410132    
20180322032539185410293    
201803220353051104100140   
20180322035305110410051    
20180322035305110410133    
20180322035305110410141    
20180322035305110410222    
20180322035305110410281    
201803220506300201100160   
20180322050630020110061    
20180322050630020110131    
201803220506300201105220   
20180322050630020115991    
