20180122024338027700105    
20180122024338027700032    
20180122024338027700042    
20180122024338027700061    
20180122024338027700072    
20180122024338027700201    
20180122024338027700211    
20180122024338027702041    
20180122024338027700301    
20180122024338027700771    
20180122024338027705022    
20180122024338027705031    
20180122024338027705042    
20180122024338027705141    
20180122024338027705121    
20180122024338027705152    
20180122024338027705164    
201801220243380277405210   
201801220243380277405310   
20180122024338027740112    
20180122095936029303002    
20180122100800003203006    
20180122100800003205232    
20180122100800003200032    
20180122100800003200041    
20180122100800003200103    
20180122100800003200062    
20180122100800003200081    
20180122100800003205153    
20180122100800003205171    
20180122100800003205032    
20180122100800003200221    
20180122101753008900032    
20180122101753008900041    
20180122101753008900103    
20180122101753008900073    
20180122101753008903006    
20180122101753008905232    
20180122101753008900211    
20180122101753008905032    
20180122101753008905042    
20180122101753008980031    
20180122104526020700105    
20180122104526020700033    
20180122104526020700042    
20180122104526020705232    
20180122104526020703006    
20180122104526020705031    
20180122112329029200031    
20180122112329029200041    
20180122112329029200102    
20180122112329029202041    
20180122112329029203006    
20180122112329029205232    
20180122112636028200108    
20180122112636028200035    
20180122112636028200044    
20180122115724028300212    
20180122115724028303003    
20180122121132021305232    
20180122121132021303004    
20180122125256028500062    
20180122125256028500211    
20180122125256028500221    
20180122125256028500301    
20180122125256028503004    
20180122125256028505021    
20180122125256028505122    
20180122125256028505152    
20180122125256028505232    
20180122125256028540392    
20180122125256028540535    
20180122125256028599016    
20180122125256028599026    
20180122125951028600031    
20180122125951028600041    
20180122125951028600062    
20180122125951028600072    
20180122125951028600102    
20180122125951028600201    
20180122125951028605162    
20180122125951028605202    
20180122125951028605232    
20180122125951028640525    
20180122125951028640535    
20180122125951028640555    
20180122125951028680012    
20180122130539500300753    
20180122130539500305155    
20180122130539500380052    
20180122130539500380071    
20180122130539500380092    
20180122130539500380102    
20180122130539500399012    
20180122130539500399024    
20180122134031023200109    
20180122134031023200035    
20180122134031023200044    
20180122134031023200572    
20180122134031023200062    
20180122134031023200074    
20180122134031023200201    
20180122134031023200281    
20180122134031023202041    
20180122134031023240201    
20180122134031023200772    
20180122134031023205203    
201801221340310232800112   
20180122134031023205036    
20180122134031023205044    
20180122134031023205124    
201801221340310232051510   
20180122134031023205164    
20180122134031023205174    
20180122134803004800102    
20180122134803004800042    
20180122134803004840525    
20180122134803004840021    
20180122134803004800072    
20180122134803004800061    
20180122134803004800081    
20180122134803004805041    
20180122134803004805021    
20180122134803004805232    
20180122134803004803002    
20180122135846020700571    
20180122135846020700072    
20180122135846020705221    
20180122135944028700031    
20180122135944028700041    
20180122135944028700102    
20180122135944028780012    
20180122141322016900102    
20180122141322016900031    
20180122141322016900041    
20180122141322016900081    
20180122141322016900072    
20180122141322016905153    
20180122141322016940111    
20180122141322016940171    
20180122141459007900103    
20180122141459007900031    
20180122141459007900041    
20180122141459007900722    
20180122141459007905022    
20180122141459007905032    
20180122141459007905151    
20180122141459007905232    
20180122141459007903006    
20180122142129026600102    
20180122142129026600031    
20180122142129026600041    
20180122142129026600571    
20180122142129026605234    
20180122142129026603004    
20180122142129026680012    
20180122142129026605031    
20180122142129026605122    
20180122142129026605202    
20180122142129026640111    
20180122142319015900103    
20180122142319015900032    
20180122142319015900041    
20180122142319015905042    
20180122142319015905122    
20180122142421007600033    
20180122142421007600043    
20180122142421007600106    
20180122142421007600061    
20180122142421007600281    
20180122142636027805232    
20180122142636027803004    
20180122142643022399026    
20180122142643022303002    
20180122142643022305232    
20180122142643022305203    
20180122142643022380014    
20180122142643022380022    
20180122142643022300211    
20180122142643022305171    
20180122142643022305151    
20180122142643022305042    
20180122142643022300721    
20180122142643022340021    
20180122142643022302041    
20180122142643022300221    
20180122142643022305221    
20180122142726027803002    
20180122142912024700101    
20180122142912024700041    
20180122142912024705232    
20180122142912024703004    
20180122142912024740211    
20180122142912024740555    
20180122142912024705031    
20180122142912024705041    
201801221434120156001014   
20180122143412015600037    
20180122143412015600047    
20180122143412015600062    
20180122143412015600071    
20180122143412015605236    
20180122143412015603006    
20180122143412015600201    
20180122143412015600211    
20180122143412015600231    
20180122143412015605021    
20180122143412015605032    
20180122143412015605042    
20180122143412015605142    
20180122143412015605152    
20180122143412015605202    
20180122143557023000032    
20180122143557023000042    
20180122143557023000105    
20180122143557023005122    
20180122143557023080014    
20180122143557023080024    
20180122143557023000072    
20180122143557023000581    
20180122143557023000061    
20180122143557023040525    
20180122143557023005172    
20180122143557023000211    
20180122143557023000721    
20180122143557023003002    
20180122143704025800221    
20180122143704025800571    
20180122143704025800081    
20180122143704025805011    
20180122143704025800062    
20180122143704025800074    
20180122143704025802041    
20180122143704025805231    
20180122143704025803002    
20180122143918023400041    
20180122143918023400101    
20180122143918023400071    
20180122143918023405231    
20180122143918023403002    
20180122143918023480021    
20180122143918023480013    
20180122143918023405021    
20180122143949027600031    
20180122143949027600041    
20180122143949027600103    
20180122143949027605022    
20180122143949027600072    
20180122144015018900031    
20180122144015018900041    
20180122144015018900211    
20180122144015018900102    
20180122144015018905122    
20180122144015018905162    
20180122144015018905202    
20180122144015018940533    
20180122144015018980024    
20180122144015018900072    
20180122144015018905232    
20180122144015018903006    
20180122144220025500101    
20180122144220025500211    
20180122144220025500721    
20180122144220025503002    
20180122144220025580011    
20180122144220025505021    
20180122144220025540131    
20180122144359803300031    
20180122144359803300221    
20180122144359803300101    
20180122144359803305201    
201801221443598033405520   
20180122144359803305232    
20180122144359803303002    
20180122144631023700102    
20180122144631023700031    
20180122144631023700041    
20180122144631023700071    
20180122144631023705231    
20180122144631023703006    
20180122144631023700281    
20180122144631023705161    
20180122144631023705151    
20180122144631023700591    
20180122144751006200102    
20180122144751006200031    
20180122144751006200041    
20180122144903020000101    
20180122144903020000031    
20180122144903020000071    
20180122144903020000221    
20180122144903020000301    
20180122144903020000721    
20180122144903020005042    
20180122144903020005142    
20180122144903020005152    
20180122144903020005162    
20180122144903020005232    
20180122144903020003006    
20180122145032003300102    
20180122145032003300031    
20180122145032003300041    
20180122145032003305231    
20180122145032003303002    
20180122145122028300031    
20180122145122028300041    
20180122145122028300102    
20180122145122028305041    
20180122145122028305231    
20180122145202006305232    
20180122145202006303006    
20180122145202006300033    
20180122145202006300042    
20180122145202006300571    
20180122145202006300081    
20180122145202006300074    
20180122145202006300212    
20180122145202006380018    
20180122145202006305021    
20180122145202006305038    
20180122145202006305042    
20180122145202006305125    
20180122145202006305152    
20180122145202006305162    
20180122145202006340391    
20180122145521027603006    
20180122145555026100031    
20180122145555026100101    
20180122145555026100072    
20180122145555026100062    
20180122145555026105163    
20180122145614005700032    
20180122145614005700041    
20180122145614005700104    
20180122145614005700731    
20180122145614005705121    
20180122145614005780011    
20180122145614005700061    
20180122145614005700071    
20180122145614005703006    
20180122145614005740521    
20180122145614005740531    
20180122145750027400101    
20180122145750027400041    
20180122145750027400771    
201801221457500274405210   
20180122145750027440535    
201801221457500274405520   
20180122145750027405233    
20180122145750027403004    
20180122145814027900102    
20180122145814027900031    
20180122145814027900041    
20180122145814027900211    
20180122145814027900221    
20180122145814027900771    
20180122145814027940527    
20180122145814027940537    
20180122145814027980031    
20180122145814027905022    
20180122145814027905141    
20180122145814027905152    
20180122145814027905231    
20180122145814027903006    
20180122145814027940211    
20180122145814027905075    
20180122150105016903004    
20180122150402006600034    
20180122150402006600044    
20180122150402006600107    
20180122150628008200032    
20180122150628008200104    
20180122150628008205042    
20180122150642007200105    
20180122150642007200033    
20180122150642007200042    
20180122150642007200211    
20180122150826002000102    
20180122150826002000031    
20180122150826002000041    
20180122150826002005231    
20180122150826002003002    
20180122150826002080024    
20180122151415004100031    
20180122151415004100041    
20180122151415004100061    
20180122151415004100071    
20180122151415004100102    
20180122151415004103002    
20180122151415004105231    
20180122151736006700041    
20180122151736006700102    
20180122151736006700071    
20180122151736006705232    
20180122151736006703002    
20180122151736006705141    
20180122151736006780012    
20180122151736006780022    
20180122151809024600103    
20180122151809024600032    
20180122151809024600041    
20180122151809024600061    
20180122151809024600072    
20180122151809024600451    
20180122151809024605021    
20180122151809024605123    
20180122151809024605151    
20180122151809024640391    
20180122151809024680031    
20180122151809024605231    
20180122151809024603006    
20180122151818022700102    
20180122151818022700031    
20180122151818022700041    
20180122151818022705231    
20180122151818022703002    
20180122151818022700211    
20180122151818022702041    
20180122151818022705021    
20180122151818022705031    
20180122151818022705141    
20180122151818022705151    
20180122151818022740523    
20180122151818022780031    
20180122151821014400034    
20180122151821014400042    
20180122151821014400211    
20180122151821014400106    
20180122151821014400771    
20180122151821014405031    
20180122151821014405041    
20180122151821014400061    
20180122151821014400073    
20180122151821014402041    
20180122152330029300033    
20180122152330029300042    
20180122152330029300073    
20180122152330029300104    
20180122152330029300571    
20180122152330029302041    
20180122152330029305021    
20180122152330029305141    
20180122152330029305151    
20180122152330029305161    
20180122152330029305233    
20180122152330029380013    
20180122152518028305172    
20180122152542002705232    
20180122152542002703002    
20180122152542002700031    
20180122152542002700041    
20180122152542002700102    
20180122152542002700571    
20180122152542002700072    
20180122152542002700061    
20180122152542002705201    
20180122152645022100104    
20180122152645022100032    
20180122152645022100042    
20180122152645022100071    
20180122152645022140112    
20180122152645022102041    
20180122152645022103004    
20180122152705016100109    
20180122152705016100034    
20180122152705016100043    
20180122152705016100571    
20180122152705016100062    
20180122152705016100073    
20180122152705016100202    
20180122152705016100221    
20180122152705016180022    
20180122152705016105124    
20180122152825011405023    
20180122152825011405043    
20180122152825011400031    
20180122152825011400041    
20180122152825011400102    
20180122152825011400072    
20180122152843013000103    
20180122152843013000032    
20180122152843013000041    
20180122152931027980031    
20180122153221001100105    
20180122153221001100035    
20180122153221001100045    
20180122153221001105233    
20180122153221001103002    
20180122153221001100401    
20180122153221001105043    
20180122153232019300103    
20180122153232019300032    
20180122153232019300041    
20180122153232019300061    
20180122153232019300072    
20180122153232019300211    
20180122153232019300281    
20180122153232019305231    
20180122153232019303002    
20180122153232019305021    
20180122153232019305042    
20180122153232019380071    
20180122153232019305141    
20180122153232019305152    
20180122153232019305162    
20180122153232019340112    
20180122153333028900032    
20180122153333028900042    
20180122153333028900301    
20180122153333028900102    
20180122153333028905022    
20180122153333028900062    
20180122153409008700201    
20180122153409008700211    
20180122153409008700631    
20180122153409008705021    
20180122153409008705041    
20180122153409008705152    
20180122153409008705161    
20180122153409008740523    
20180122153409008740533    
20180122153409008702041    
20180122153409008705231    
20180122153409008703006    
20180122153527028800031    
20180122153527028800041    
20180122153527028800102    
20180122153527028800201    
20180122153527028800221    
20180122153527028800751    
20180122153527028803002    
20180122153527028805042    
20180122153527028805121    
20180122153527028805161    
20180122153527028805201    
20180122153527028805232    
20180122153527028880011    
20180122153527028880021    
201801221538130248001017   
20180122153813024800039    
20180122153813024800048    
20180122153813024800082    
20180122153813024800063    
20180122153813024800073    
20180122153813024800771    
20180122153813024800401    
20180122153813024805232    
20180122153813024803004    
20180122153813024805042    
20180122153813024805221    
20180122153813024805146    
201801221538130248051520   
20180122153813024840171    
20180122153825026900103    
20180122153825026900033    
20180122153825026900041    
20180122153825026900081    
20180122153825026900072    
20180122153825026905232    
20180122153825026903004    
20180122153825026900212    
20180122153825026900281    
20180122153825026900401    
20180122153825026980024    
20180122153825026905041    
20180122153825026940112    
20180122153835012500101    
20180122153835012500041    
20180122153835012500571    
20180122153835012500071    
20180122153835012500771    
20180122153835012505121    
20180122153835012505231    
20180122153835012503002    
20180122153958023900071    
201801221539580239990112   
20180122153958023900211    
20180122153958023900301    
20180122153958023900581    
20180122153958023900731    
20180122153958023940211    
20180122153958023940555    
20180122153958023980031    
20180122153958023980041    
20180122153958023905033    
20180122153958023905042    
20180122153958023905122    
20180122154030018940021    
20180122154042012505022    
20180122154250025700102    
20180122154250025700031    
20180122154250025700041    
20180122154250025700081    
20180122154250025700061    
20180122154250025700072    
20180122154250025700251    
20180122154250025705231    
20180122154250025703002    
20180122154250025740533    
20180122154250025780012    
20180122154250025780021    
20180122154250025705031    
20180122154250025705041    
20180122154250025705151    
20180122154250025705161    
20180122154250025740391    
20180122154359022900102    
20180122154359022900031    
20180122154359022900041    
20180122154359022905152    
20180122154500013300102    
20180122154500013300031    
20180122154500013300041    
20180122154500013300571    
20180122154533600600076    
20180122154533600600081    
20180122154533600600211    
20180122154533600600572    
20180122154533600600722    
20180122154533600603006    
20180122154533600605021    
20180122154533600605035    
20180122154533600605236    
20180122154533600640131    
20180122154533600640391    
201801221545336006990112   
201801221545336006990218   
20180122154550025100102    
20180122154550025100031    
20180122154550025100041    
20180122154550025105233    
20180122154550025103003    
20180122154711029400031    
20180122154711029400042    
20180122154711029400103    
20180122154711029400571    
20180122154711029402043    
20180122154711029405022    
20180122154711029405043    
20180122154711029405153    
20180122154711029405163    
20180122154711029440391    
20180122154820022400103    
20180122154820022400032    
20180122154820022400401    
20180122154820022405152    
20180122155203029403004    
20180122155203029405233    
20180122155251007700036    
20180122155251007700045    
201801221552510077001013   
20180122155251007700075    
20180122155251007703006    
20180122155251007700401    
20180122155251007700211    
20180122155251007700064    
20180122155251007705034    
20180122155321013100032    
20180122155321013100041    
20180122155321013100061    
20180122155321013100072    
20180122155321013100104    
20180122155321013100752    
20180122155321013105022    
20180122155321013105033    
20180122155321013105044    
20180122155321013105151    
20180122155321013105171    
20180122155321013105233    
20180122155642026800102    
20180122155642026800031    
20180122155642026800072    
20180122155642026800571    
20180122155803009500032    
20180122155803009500042    
20180122155803009500104    
20180122155803009500251    
20180122155803009503002    
