20180201232501300710013    
20180201232501300710122    
20180201232501300710141    
201802012325013007102510   
20180201232501300710305    
20180201232501300710624    
20180201232501300710651    
20180201232501300710861    
20180201232501300730032    
20180201232501300730055    
20180201232501300730196    
201802012325013007302010   
20180201232501300730351    
20180201232501300730462    
20180201232552300710325    
201802012325523007103410   
20180201232552300710872    
20180201232552300730042    
20180201232715300715061    
20180201232715300715101    
20180201232806300720011    
20180201232806300720022    
20180201232806300720201    
20180201232806300720331    
20180201234739300210175    
20180201234739300210283    
20180201234739300210635    
20180201234739300210661    
20180201234739300210681    
20180201234739300210861    
20180201234739300210953    
20180201234739300215131    
20180201234739300215421    
20180201234739300225092    
20180201234739300230015    
20180201234739300230042    
20180201234739300230053    
20180201234739300230112    
20180201234739300230121    
20180201234739300230193    
20180201234739300230251    
20180201234739300230381    
20180201234739300230703    
201802020110583006102510   
201802020110583006102712   
20180202011058300610421    
20180202011058300610652    
20180202011058300610682    
20180202011058300610862    
20180202011058300615041    
20180202011058300615261    
20180202011058300615371    
20180202011058300615401    
20180202011058300620101    
20180202011058300620113    
201802020110583006202012   
20180202011058300620262    
20180202011058300620331    
201802020110583006300120   
20180202011058300630055    
20180202011058300630062    
20180202011058300630251    
20180202011058300630351    
20180202011058300630381    
20180202011058300630571    
20180202011058300630925    
20180202011503300410175    
20180202011503300410253    
20180202011503300410622    
20180202011503300410631    
20180202011503300410661    
20180202011503300410861    
20180202011503300410952    
20180202011503300410991    
20180202011503300425261    
201802020115033004300112   
20180202011503300430032    
20180202011503300430052    
20180202011503300430451    
20180202011503300430891    
20180202021841300810173    
20180202021841300810212    
20180202021841300810222    
201802020218413008102512   
20180202021841300810276    
20180202021841300810422    
20180202021841300810471    
20180202021841300810635    
20180202021841300810661    
20180202021841300810682    
20180202021841300810861    
201802020218413008109510   
20180202021841300810973    
20180202021841300810981    
20180202021841300810991    
20180202021841300815041    
20180202021841300815161    
20180202021841300815261    
20180202021841300815371    
20180202021841300820083    
20180202021841300820202    
20180202021841300825031    
20180202021841300825251    
20180202021841300825261    
201802020218413008300115   
20180202021841300830032    
20180202021841300830081    
20180202021841300830381    
20180202021841300830671    
201802020218413008307010   
20180202021841300830891    
