20180527190526300810101    
20180527190526300810111    
20180527190526300810141    
201805271905263008102515   
20180527190526300810305    
20180527190526300810792    
20180527190526300810956    
20180527190526300815041    
20180527190526300815261    
20180527190526300820021    
20180527190526300820241    
20180527190526300825251    
20180527190526300830081    
20180527190526300830251    
20180527190526300830271    
20180527190526300830521    
20180527190526300830531    
20180527190526300830671    
201805280037123006102510   
20180528003712300610323    
201805280037123006106210   
20180528003712300610652    
20180528003712300610861    
20180528003712300615042    
20180528003712300620262    
201805280037123006300120   
20180528003712300630033    
20180528003712300630043    
201805280037123006300510   
20180528003712300630381    
20180528003712300630452    
20180528003712300630892    
