201804262013171614100120   
20180426201317161410051    
20180426201317161410141    
20180426201317161410251    
20180426201317161410293    
20180426201317161410572    
201804262314222164100140   
20180426231422216410071    
20180426231422216410171    
20180426231422216410462    
20180426231422216410571    
20180426231422216410601    
201804262314222164186920   
201804262317331944100140   
201804262317331944196920   
201804262317490170100140   
20180426231749017010135    
20180426231749017010061    
20180426231749017010171    
201804262341430200100160   
20180426234143020010061    
20180426234143020010141    
20180426234143020010251    
20180426234143020010282    
20180426234143020018291    
201804262350020186100120   
201804262354400165100140   
20180426235440016510071    
201804270000441224100140   
20180427000044122410111    
20180427000044122410141    
20180427000044122410221    
20180427000419020010242    
20180427001452020015992    
201804270015260190100140   
20180427001526019010292    
20180427001526019010304    
20180427001526019010401    
20180427001526019013395    
20180427001526019010572    
20180427001526019070004    
20180427001526019070023    
20180427001526019010741    
20180427002213171413395    
20180427002213171410572    
20180427002213171410303    
20180427002213171410313    
20180427002213171410293    
20180427002213171410181    
201804270022131714100160   
20180427002213171410141    
20180427002213171410131    
201804270024010704100180   
20180427002401070410131    
20180427002401070415991    
20180427002401070410091    
20180427002401070410141    
20180427002401070413492    
20180427002401070410062    
201804270025141734100120   
20180427002514173410241    
20180427002514173415991    
201804270028431454100120   
20180427002843145410061    
20180427002843145410131    
201804270043380884100240   
20180427004338088410061    
20180427004338088410131    
20180427004338088415991    
20180427004338088410293    
201804270048020223100140   
20180427004802022310133    
20180427004802022310293    
20180427004802022310141    
20180427004917076410061    
20180427004917076410111    
20180427004917076410133    
201804270049170764102920   
20180427004917076410411    
20180427004917076410631    
201804270100050156100120   
20180427010005015610061    
201804270109250914100120   
20180427010925091410132    
20180427010925091415992    
201804270111232054100120   
20180427011123205410131    
20180427011123205410295    
20180427011123205410581    
20180427011123205410611    
201804270113021364100140   
20180427011302136410061    
20180427011302136410111    
20180427011302136410131    
20180427011302136410292    
20180427011302136410301    
20180427011302136410311    
201804270118072064100120   
20180427011807206410101    
20180427011807206410111    
201804270118072064102910   
20180427011807206410401    
20180427011807206470012    
201804270134550244100140   
20180427013455024410071    
20180427013455024410132    
201804270151190211100140   
20180427015119021110061    
20180427015119021110131    
20180427015119021113394    
201804270152071724100120   
20180427015207172410061    
20180427015207172410131    
20180427015207172410281    
20180427015207172410295    
20180427015207172410443    
201804270152071724105210   
20180427015207172413395    
20180427015207172413492    
20180427015207172415991    
201804270152071724186910   
201804270152071724196910   
201804270156300245100160   
20180427015630024510063    
20180427015630024510102    
20180427015630024510132    
20180427015630024510141    
20180427015630024510222    
20180427015630024510572    
20180427015630024510602    
201804270225120594100280   
20180427022512059410134    
20180427022512059410283    
201804270229170159100140   
20180427023652024910101    
20180427023652024910131    
20180427023652024910221    
20180427023652024915991    
201804270236520249100240   
2018042702404410941001120  
20180427024044109410072    
20180427024044109410112    
20180427024044109410136    
20180427024044109410181    
20180427024044109410221    
20180427024044109410241    
20180427024044109410281    
20180427024044109413393    
201804270305370201100140   
20180427030537020110061    
20180427030537020110171    
201804270305370201105220   
201804270305370201105420   
20180427030537020110571    
20180427030537020110631    
20180427030537020115991    
201804270332391854100140   
20180427033239185410061    
20180427033239185410111    
20180427033239185410293    
20180427033239185410301    
20180427033239185410311    
20180427033239185410571    
