20180427181804395911274    
20180427181804395911322    
20180427181804395911335    
20180427181804395911351    
20180427181804395911741    
20180427181804395911995    
20180427181804395912022    
20180427181804395922042    
20180427181804395925072    
20180427181804395910325    
201804271818043959103310   
20180427181804395910391    
20180427181804395910422    
20180427181804395910741    
20180427181804395910471    
20180427181804395910551    
20180427181804395910561    
20180427181804395910821    
20180427181804395910852    
