201801192319360088110120   
20180119231936008811061    
20180119231936008811051    
20180119231936008813011    
201801192326200328110210   
20180119232620032811052    
20180119232620032813011    
20180119232620032815022    
20180119232620032816042    
20180119232620032815042    
20180119232620032815123    
20180119232620032817451    
20180119232620032815061    
201801192334190322110220   
20180119233419032211052    
20180119233419032211062    
20180119233419032211162    
20180119233419032213091    
201801200007000343110230   
20180120000700034311035    
20180120000700034311055    
20180120000700034311063    
20180120000700034313083    
20180120000700034315061    
20180120000700034317051    
20180120000700034317351    
20180120000700034317421    
20180120000700034317471    
20180120000700034317661    
20180120000700034318141    
201801200052100011110120   
20180120005210001112121    
20180120005210001112136    
20180120005210001117661    
201801200054490065110110   
201801200104220284110220   
20180120010422028411053    
20180120010422028413012    
20180120010422028417301    
20180120010422028417411    
20180120010422028417471    
20180120010422028417621    
201801200114340069110220   
201801200114340069110315   
20180120011434006911055    
20180120011434006911067    
20180120011434006913011    
20180120011434006917351    
20180120011434006917421    
20180120011434006914011    
201801200129070156110250   
20180120012907015613013    
201801200129070156110510   
201801200129070156110612   
201801200131320345110220   
20180120013132034511052    
20180120013132034511062    
201801200131320345110310   
20180120013645011513011    
201801200136450115110320   
20180120013645011516101    
201801200136450115121310   
20180120015300008717051    
20180120015808012511015    
20180120015808012511025    
20180120015808012517421    
20180120015808012511063    
20180120015808012515013    
20180120015808012512134    
20180120015808012513012    
20180120020224004111054    
20180120020224004117351    
201801200202240041110310   
20180120020224004117421    
201801200205320071110220   
20180120020532007111055    
20180120020532007111062    
20180120020532007113011    
20180120020532007117352    
201801200205320071110320   
20180120020532007117421    
201801200209220150110110   
20180120020922015018011    
20180120020922015019221    
20180120020922015011064    
20180120020922015011052    
201801200222020279110310   
20180120022202027911053    
20180120022202027911061    
20180120022202027915133    
20180120022202027913011    
20180120022202027918031    
20180120022202027919131    
20180120022202027917471    
201801200247250029110210   
20180120024725002911063    
20180120024725002915061    
201801200250340181110210   
201801200250340181110310   
20180120025034018111055    
20180120025034018111067    
20180120025034018113011    
20180120025034018113083    
20180120025034018117421    
20180120025034018119221    
20180120025034018119231    
20180120025034018121171    
201801200259550055110110   
20180120025955005513011    
20180120025955005517471    
20180120030218012417031    
201801200302180124110110   
20180120030218012419222    
20180120030921019019201    
201801200309210190110320   
20180120031346023711035    
20180120031346023711053    
20180120031346023718011    
201801200314390242110240   
20180120031439024211054    
20180120031439024213012    
201801200315100320110230   
20180120031510032011071    
20180120031510032013012    
20180120031510032017421    
20180120031510032019221    
20180120031510032019231    
201801200322500185110225   
20180120032250018511053    
20180120032250018511062    
20180120032250018513011    
20180120032250018512134    
20180120032250018512142    
20180120032250018517351    
20180120032250018517421    
20180120032250018515132    
20180120032250018515061    
201801200330420073110230   
20180120033042007311065    
20180120033042007313011    
201801200336370222110210   
201801200336370222110310   
20180120033637022211064    
20180120033637022211051    
20180120033637022213011    
201801200346120121110210   
20180120034612012113011    
