201805091908107001120412   
20180509190810700112181    
20180509190810700112191    
20180509190810700112201    
20180509190810700113031    
20180509190810700113058    
201805091908107001133018   
20180509190810700114102    
20180509190810700114125    
20180509190810700114192    
20180509190810700130032    
20180509190810700150016    
20180509190810700150061    
20180509190810700150091    
20180509190810700150126    
20180509190810700151031    
20180509190810700151057    
20180509190810700151092    
20180509190810700151106    
201805091908107001520010   
201805091908107001544210   
20180509191752700151092    
20180509195238700013054    
20180509195238700014061    
20180509195238700014102    
20180509195238700050014    
20180509195238700051031    
20180509195238700052282    
20180509195238700054091    
20180509195238700054321    
20180509195238700054432    
201805092020263001141210   
20180509202026300114131    
20180509202026300114151    
201805092020263001141910   
20180509202026300114211    
20180509202026300115178    
20180509202026300115301    
20180509202026300116012    
20180509202026300116041    
20180509202026300116051    
20180509202026300150104    
201805092020263001501210   
20180509202026300151096    
20180509202026300152416    
20180509202026300153035    
20180509202026300153231    
201805092020263001541610   
201805092020263001541710   
20180509202026300154235    
20180509202026300154291    
201805092020263001544210   
201805092020263001753112   
20180509210429112814011    
20180509210429112814026    
20180509210429112814031    
20180509210429112814091    
201805100926221069100020   
201805100949581043100010   
20180510094958104313021    
201805100950391005100020   
201805100951071039100020   
20180510095107103913041    
201805101016501165100120   
20180510101650116512076    
20180510101650116512123    
20180510101650116513022    
20180510101650116513072    
20180510101650116514002    
20180510101650116514033    
20180510101650116516011    
20180510101650116554265    
201805101026321174100110   
20180510104850700413052    
20180510104850700430035    
20180510104850700451051    
20180510104850700451091    
201805101112161027100020   
201805101129561063100030   
20180510112956106314033    
20180510112956106316011    
20180510112956106316022    
20180510112956106316031    
20180510114120106714023    
20180510114120106714031    
20180510114120106715024    
201805101141201067150510   
20180510114120106716011    
20180510114120106716022    
20180510123606113813021    
201805101302471100100120   
20180510130247110012072    
20180510130247110014023    
201805101311381053100010   
20180510132812110314024    
20180510132812110314032    
20180510132812110315054    
20180510132812110315142    
201805101331081130100010   
20180510133108113012084    
20180510133108113012128    
20180510133108113014021    
20180510133108113014031    
20180510133108113014041    
20180510133108113014091    
201805101331081130150520   
20180510133926110813031    
20180510133926110813091    
20180510133926110814003    
20180510133926110814025    
20180510133926110814233    
20180510133926110815065    
20180510133926110832052    
20180510134007107112063    
20180510134007107112072    
201805101340071071120915   
20180510134007107112125    
20180510134007107113091    
20180510134007107115055    
20180510134119117617011    
20180510134749700231001    
20180510134749700213305    
20180510134749700212211    
20180510134749700254174    
