20180511213507135410131    
20180511213507135413395    
201805112135071354100240   
2018051121404002451002140  
20180511214040024510102    
20180511214040024510111    
20180511214040024510136    
20180511214040024510141    
20180511214040024510227    
201805112140400245105220   
20180511214040024510574    
20180511214040024510604    
20180511214040024515992    
20180511214413021610131    
201805112144130216100220   
201805112157170211100180   
20180511215717021110121    
20180511215717021110134    
20180511215717021110293    
