201806012044332003001115   
20180601231914005700112    
20180601231914005700131    
20180601231914005700141    
20180601231914005700292    
201806012319140057005810   
20180601231914005700931    
20180601231914005701191    
20180601231914005702181    
20180601231914005706012    
201806012323371223001115   
20180601232337122300582    
20180601232337122300073    
20180601232337122306012    
20180601232337122301063    
20180601232337122300131    
20180601232337122300143    
20180601232337122300353    
20180601232337122302181    
20180601232337122300941    
20180601233107008400132    
20180601233107008400142    
20180601233107008400883    
20180601233107008401061    
20180601233107008403162    
201806020011231354001115   
20180602001123135401111    
20180602001123135402181    
201806020045410051000420   
20180602004541005102182    
201806020045410051060120   
201806020045410051007530   
20180602013127040000355    
201806020131270400005850   
20180602013127040000712    
20180602013127040000981    
201806020131270400010620   
20180602013127040001112    
20180602013127040002181    
20180602014203135800355    
20180602014203135800761    
20180602014203135801111    
201806020142031358031715   
20180602020453063001063    
20180602020453063000045    
20180602020453063001111    
20180602020453063000761    
201806020209090744000210   
20180602063544200200142    
201806020635442002005840   
20180602063544200201066    
20180602063544200201111    
20180602063651009800131    
201806020636510098001435   
20180602063651009801061    
20180602063651009801071    
201806020636510098010920   
20180602063651009803182    
201806020637220024000420   
20180602063722002400761    
20180602063722002401112    
201806020637220024060110   
20180602063722002406222    
20180602063722002406242    
201806020638182001001115   
20180602063818200100143    
20180602063818200100585    
20180602063818200100712    
20180602063818200100931    
20180602063818200101112    
20180602063818200102181    
201806020639540080000480   
20180602063954008000711    
20180602063954008001118    
2018060206403400160079180  
201806020640340016008040   
20180602064034001601252    
20180602064034001603184    
201806020641060099004710   
20180602064139140100774    
2018060206413914010079160  
201806020641391401008040   
