20180601002039103130018    
20180601002039103130031    
20180601002039103131211    
201806010024147053500112   
20180601002414705350136    
20180601002414705350211    
20180601002414705350221    
20180601002414705350411    
20180601002414705350041    
20180601002414705350051    
20180601004018703250223    
20180601004018703250091    
20180601004018703251271    
20180601004018703250811    
20180601004018703250684    
20180601004018703250044    
201806010040187032500135   
20180601004018703250071    
20180601004018703250741    
20180601004018703250241    
20180601004018703250111    
201806010221241072300118   
20180601022124107230031    
201806010241471030316010   
201806010241471030316230   
20180601024147103030031    
20180601024147103031541    
