20180626204459395910291    
20180626204459395910423    
20180626204459395911351    
20180626204459395910335    
20180626204459395911141    
20180626204459395911151    
20180626205430339023011    
20180626205430339022971    
20180626205430339011991    
20180626205430339011301    
20180626205430339011331    
20180626205430339010421    
20180626205430339010741    
20180626205430339010821    
20180626205430339010323    
20180626205430339010391    
20180626205430339011121    
20180626205430339010191    
20180626205430339011162    
