20180120131407023000031    
20180120131407023000041    
20180120131407023000102    
20180120131407023000071    
20180120131407023000591    
20180120131407023005021    
20180120131407023040535    
20180120131407023005041    
20180120131407023000281    
20180120131407023000081    
201801201442200248001015   
20180120144220024800037    
20180120144220024800046    
20180120144220024800572    
20180120144220024800083    
20180120144220024800065    
20180120144220024800072    
20180120144220024800201    
20180120144220024802041    
20180120144220024800771    
20180120144220024800401    
20180120144220024805042    
20180120144220024805222    
201801201442200248051412   
201801201442200248051525   
20180120144220024805162    
20180120154139027800101    
20180120154139027800031    
20180120154139027800072    
20180120154139027805021    
20180120154139027805131    
20180120154139027805075    
20180120154223027800571    
20180120154224013100102    
20180120154224013100042    
20180120154224013100571    
20180120154224013100202    
20180120154224013100212    
20180120154224013100222    
20180120154224013100441    
20180120154224013100451    
20180120154224013140535    
20180120154224013105021    
20180120154224013105043    
20180120154224013105143    
20180120154224013180018    
20180120154224013180024    
20180120154224013105174    
20180120155147029300032    
20180120155147029300041    
20180120155147029300061    
20180120155147029300071    
20180120155147029300103    
20180120155147029300281    
20180120155147029300401    
20180120155147029305041    
20180120155147029305121    
20180120155147029305141    
20180120155147029305151    
20180120155147029305161    
20180120155147029305201    
20180120155147029340532    
20180120155147029380013    
20180120155147029380021    
20180120155749009500032    
20180120155749009500042    
20180120155749009500105    
20180120155749009500061    
20180120155749009500071    
20180120155749009505011    
20180120155749009500221    
20180121060436022100104    
20180121060436022100032    
20180121060436022100042    
20180121060436022100071    
20180121060436022102041    
20180121060436022100062    
20180121073149802400032    
20180121073149802400041    
20180121073149802400212    
20180121073149802400221    
20180121073149802400103    
20180121073149802405032    
20180121073149802405042    
20180121073149802405152    
20180121073149802440113    
20180121073149802440525    
20180121073149802480024    
20180121073149802400061    
20180121073149802400071    
20180121073149802402041    
20180121094725802500031    
20180121094725802500041    
20180121094725802500102    
20180121094725802505021    
20180121094725802505121    
20180121094725802505152    
20180121094725802540112    
20180121094725802580012    
20180121094725802580021    
20180121095448007600031    
20180121095448007600041    
20180121095448007600102    
20180121095448007600061    
20180121101006027900102    
20180121101006027900031    
20180121101006027900041    
20180121101006027900071    
20180121101006027900211    
20180121101006027902041    
20180121101006027905221    
20180121101006027980014    
20180121101006027905031    
20180121101006027905121    
20180121101006027905141    
20180121101006027905151    
20180121101006027905162    
20180121101006027940111    
20180121101006027940391    
20180121101006027940131    
20180121102102029200031    
20180121102102029200041    
20180121102102029200072    
20180121102102029200101    
20180121102102029200201    
20180121102102029200211    
20180121102102029200281    
20180121102102029205122    
20180121102102029205162    
20180121102102029205201    
20180121102102029240533    
20180121102102029280011    
20180121102913025700101    
20180121102913025700031    
20180121102913025700041    
20180121102913025700061    
20180121102913025740522    
20180121102913025740534    
20180121102913025780011    
20180121102913025780021    
20180121103845016105042    
20180121103845016105123    
20180121103845016100081    
20180121103845016105021    
20180121103845016140211    
20180121103845016105173    
20180121103845016105151    
20180121105816019300104    
20180121105816019300032    
20180121105816019300042    
20180121105816019300061    
20180121105816019300071    
20180121105816019300212    
20180121105816019300221    
20180121105816019302041    
20180121105816019300721    
20180121105816019300451    
20180121105816019300581    
20180121105816019300591    
20180121105816019340535    
20180121105816019380031    
20180121105816019305022    
20180121105816019305032    
20180121105816019305042    
20180121105816019305162    
20180121105836026600101    
20180121105836026600031    
20180121105836026600211    
20180121105836026600231    
20180121105836026600751    
20180121105836026605021    
20180121105836026605031    
20180121105836026605041    
20180121105836026680012    
20180121105836026680022    
20180121105836026605202    
20180121105836026605122    
20180121105836026605151    
20180121105836026605161    
20180121105836026640111    
20180121105920019305021    
20180121110002802000106    
20180121110002802000032    
20180121110002802000042    
20180121110002802000071    
20180121110002802000201    
20180121110002802002041    
20180121110002802000751    
20180121110002802000401    
20180121110002802000431    
20180121110002802080016    
20180121110002802080021    
20180121110002802005035    
20180121110002802005045    
20180121110002802005122    
20180121111849801400033    
20180121111849801400042    
20180121111849801400201    
20180121111849801400571    
20180121111849801400631    
20180121111849801400106    
20180121111849801405021    
20180121111849801405034    
20180121111849801405042    
20180121111849801405122    
20180121111849801405153    
20180121111849801405202    
20180121111849801440211    
20180121111849801480016    
20180121111849801480022    
20180121111849801400061    
20180121111849801400071    
20180121112003802405022    
20180121112003802405151    
20180121113411028300221    
20180121113411028300281    
20180121113411028305171    
20180121113411028340171    
20180121113411028340201    
20180121113411028340211    
20180121113411028340221    
20180121113411028380012    
20180121113411028380021    
20180121113411028305211    
20180121114605025500102    
20180121114605025500031    
20180121114605025500041    
20180121114605025500571    
20180121114605025500061    
20180121114605025500071    
20180121114605025500281    
20180121114605025580012    
20180121114605025505021    
20180121114605025505032    
20180121114605025505041    
20180121114605025540021    
20180121115706803800032    
20180121115706803800042    
20180121115706803800221    
20180121115706803800104    
20180121115706803800081    
20180121115706803805032    
20180121115706803840171    
20180121115706803800062    
20180121115706803800072    
20180121115706803840391    
20180121115706803880102    
20180121120425801800032    
20180121120425801800041    
20180121120425801800211    
20180121120425801800581    
20180121120425801800103    
20180121120425801805031    
20180121120425801805141    
20180121120425801805152    
20180121120425801805161    
20180121120425801880014    
20180121120425801800061    
20180121121107801600033    
20180121121107801600043    
20180121121107801600202    
20180121121107801600211    
20180121121107801600221    
20180121121107801600571    
20180121121107801600581    
20180121121107801600631    
20180121121107801600731    
20180121121107801600107    
20180121121107801600081    
20180121121107801600771    
20180121121107801605011    
20180121121107801605022    
20180121121107801605033    
20180121121107801605043    
20180121121107801605122    
20180121121107801605163    
20180121121107801640111    
201801211211078016405210   
201801211211078016405310   
20180121121107801680016    
20180121121107801680021    
20180121121107801600062    
20180121121107801600071    
20180121121107801640391    
20180121121107801602041    
20180121121150028300401    
20180121122011018900032    
20180121122011018900042    
20180121122011018900401    
20180121122011018900104    
20180121122011018905042    
20180121122011018905122    
20180121122011018940131    
20180121122011018980014    
20180121122011018902041    
20180121123014801300034    
20180121123014801300043    
20180121123014801300107    
20180121123014801305038    
20180121123014801305042    
20180121123014801305151    
20180121123014801305172    
20180121123014801340201    
20180121123014801305211    
20180121124814801900031    
20180121124814801900041    
20180121124814801900202    
20180121124814801900401    
20180121124814801900451    
20180121124814801900571    
20180121124814801900102    
20180121124814801900081    
20180121124814801905032    
20180121124814801905044    
20180121124814801905122    
20180121124814801905153    
20180121124814801905173    
20180121124814801900062    
20180121124814801940391    
20180121124814801902042    
201801211252530093800120   
20180121125253009380022    
20180121125253009300076    
20180121125253009305124    
20180121125253009300451    
201801211252530093990130   
201801211252530093990224   
20180121125253009300204    
201801211252530093002110   
201801211252530093020410   
20180121125253009300632    
20180121125253009305026    
201801211252530093405540   
201801211252530093050410   
20180121125253009305154    
20180121125437009380014    
20180121130838014400033    
20180121130838014400043    
20180121130838014400202    
20180121130838014400221    
20180121130838014400401    
20180121130838014400571    
20180121130838014400581    
20180121130838014400106    
20180121130838014405021    
20180121130838014405031    
20180121130838014405041    
20180121130838014440211    
20180121130838014400075    
20180121130838014402041    
20180121131323804000033    
20180121131323804000042    
20180121131323804000401    
20180121131323804000591    
20180121131323804000721    
20180121131323804000731    
20180121131323804000105    
20180121131323804000771    
20180121131323804005022    
20180121131323804005041    
20180121131323804040534    
20180121131323804000072    
20180121131454017805124    
20180121131454017805203    
20180121131454017800731    
20180121131454017899016    
20180121131454017899026    
201801211314540178405310   
20180121131454017840527    
20180121131454017800073    
20180121131454017800063    
20180121131454017800213    
20180121131454017800222    
20180121131454017800202    
20180121131454017802041    
20180121131454017800231    
20180121131454017805163    
20180121131454017800721    
20180121131454017805022    
20180121131454017800771    
20180121131454017800081    
20180121131454017800571    
20180121131513004800103    
20180121131513004800032    
20180121131513004800041    
20180121131513004880031    
20180121131513004805041    
20180121131513004805021    
20180121131513004805031    
20180121131513004800061    
20180121131513004800072    
20180121133318028300071    
20180121133421021300201    
20180121133421021300212    
20180121133421021300401    
20180121133421021300571    
20180121133421021300751    
20180121133421021300301    
20180121133421021300082    
20180121133421021305024    
20180121133421021305036    
20180121133421021305042    
20180121133421021305156    
20180121133421021340117    
20180121133421021340141    
20180121133421021305204    
20180121133421021340212    
20180121133421021300063    
20180121133421021300079    
201801211334210213990112   
20180121133421021399026    
20180121133450028305041    
20180121133924002700031    
20180121133924002700101    
20180121134045006300076    
20180121134045006380093    
20180121134045006380103    
20180121134045006300201    
20180121134045006300211    
20180121134045006300221    
20180121134045006300721    
20180121134045006300751    
20180121134045006302042    
20180121134045006300401    
20180121134045006300581    
20180121134045006340535    
20180121134045006380018    
20180121134045006380041    
20180121134045006305021    
20180121134045006380022    
20180121134045006305143    
20180121134045006305152    
20180121134045006305162    
20180121134045006340391    
20180121134539022700102    
20180121134539022700031    
20180121134539022700041    
20180121134539022700571    
20180121134539022700071    
20180121134539022700451    
20180121134539022740523    
20180121134539022740533    
201801211345500198000314   
201801211345500198000413   
201801211345500198001027   
20180121134550019800402    
20180121134550019800731    
20180121134550019800451    
20180121135217780100201    
20180121135217780100211    
20180121135217780100441    
20180121135217780100571    
20180121135217780105141    
20180121135217780105153    
20180121135217780105172    
20180121135259016900102    
20180121135259016900032    
20180121135259016900063    
20180121135259016900073    
20180121135259016900401    
20180121135259016900731    
20180121135259016940525    
20180121135259016940535    
20180121135259016940555    
20180121135259016940391    
20180121135440023200102    
20180121135440023200031    
20180121135440023200064    
20180121135440023200075    
20180121135440023200201    
20180121135440023200281    
20180121135440023200722    
20180121135440023200752    
20180121135440023280018    
20180121135440023205034    
20180121135440023205044    
20180121135440023205124    
201801211354400232051520   
20180121135440023205167    
20180121135440023205177    
20180121135727780100061    
20180121135727780100072    
20180121135727780100281    
20180121135727780100581    
20180121135727780100731    
20180121135727780105021    
20180121135727780105032    
20180121135727780140111    
20180121135727780140535    
20180121135727780180071    
201801211357277801990110   
20180121135727780199026    
20180121135946799800066    
20180121135946799800201    
20180121135946799802043    
20180121135946799805042    
20180121135946799805163    
201801211359467998990112   
20180121140011010700571    
20180121140011010700401    
20180121140011010700581    
20180121140011010700032    
20180121140011010700042    
20180121140011010700104    
20180121140011010700073    
20180121140111800000033    
20180121140111800000042    
20180121140111800000104    
20180121140111800000401    
20180121140212801500032    
20180121140212801500043    
20180121140212801500202    
20180121140212801500211    
20180121140212801500572    
20180121140212801500106    
20180121140212801500081    
20180121140212801500771    
20180121140212801505022    
20180121140212801505034    
20180121140212801505044    
20180121140212801505122    
20180121140212801505141    
20180121140212801505157    
20180121140212801505163    
20180121140212801540113    
20180121140212801505203    
20180121140212801580017    
20180121140212801580022    
20180121140212801500062    
20180121140212801500072    
20180121140212801540391    
20180121140212801502042    
20180121140319780300721    
20180121140319780300731    
20180121140319780305021    
20180121140319780399016    
20180121140349027600591    
20180121140349027605032    
20180121140349027680014    
20180121140349027600061    
20180121140349027600072    
20180121140349027640391    
20180121140601780600031    
20180121140601780600066    
20180121140601780600076    
201801211406017806002110   
20180121140601780600222    
20180121140601780600233    
20180121140601780600252    
20180121140601780600301    
201801211406017806050210   
201801211406017806050310   
201801211406017806051513   
20180121140601780640132    
201801211406017806405230   
201801211406017806405330   
20180121140601780680032    
20180121140601780680071    
201801211406017806990112   
201801211406017806990212   
20180121140620600500213    
20180121140620600500572    
20180121140620600500751    
20180121140620600500282    
20180121140620600505021    
20180121140620600505033    
20180121140620600505044    
20180121140620600540022    
20180121140620600540213    
20180121140620600580012    
20180121140620600500076    
201801211406206005990112   
20180121140620600599026    
20180121140620600502043    
20180121140653020700102    
20180121140653020700031    
20180121140653020700041    
20180121140653020700081    
20180121140653020700063    
20180121140653020700073    
20180121140653020702041    
20180121140653020700281    
20180121140653020700731    
20180121140653020700751    
20180121140653020700451    
20180121140653020740112    
20180121140653020705041    
20180121140653020705142    
20180121140653020780014    
20180121140653020780022    
20180121140653020705123    
20180121140717010700034    
20180121140717010700043    
20180121140717010700107    
20180121140851780000032    
20180121140851780000042    
20180121140851780000104    
20180121140851780005023    
20180121140851780005122    
20180121140851780005141    
20180121140851780005151    
20180121140851780005172    
201801211408517800405210   
201801211408517800405310   
20180121141030003200032    
20180121141030003200041    
20180121141030003200103    
20180121141030003200571    
20180121141030003200072    
20180121141229022900102    
20180121141229022900041    
20180121141229022900062    
20180121141229022940211    
201801211412290229405510   
20180121141229022905042    
20180121141838500200031    
20180121141838500200041    
20180121141838500200571    
20180121141838500200753    
20180121141838500200102    
20180121141838500205143    
20180121141838500205155    
20180121141838500240525    
20180121141838500240535    
20180121141838500280055    
20180121141838500280096    
20180121141838500280106    
20180121142032028700031    
20180121142032028700041    
20180121142032028700211    
20180121142032028700221    
20180121142032028700102    
20180121142032028700281    
20180121142032028705021    
20180121142032028705032    
20180121142032028705042    
20180121142032028740525    
201801211420320287405310   
20180121142032028780012    
20180121142032028700074    
20180121142032028702041    
20180121142131028705075    
20180121142131028705131    
20180121142329802100032    
20180121142329802100042    
20180121142329802100201    
20180121142329802100102    
20180121142329802105021    
20180121142329802105042    
20180121142329802105121    
20180121142329802105162    
20180121142329802105201    
20180121142329802180014    
20180121142329802100061    
20180121142329802100071    
20180121142828005700031    
20180121142828005700042    
20180121142828005700103    
20180121142828005700451    
20180121142828005700571    
20180121142828005700071    
20180121142828005780031    
20180121142828005702041    
20180121142836015600104    
20180121142836015600031    
20180121142836015600041    
20180121142836015600062    
20180121142836015600072    
20180121142836015600221    
20180121142836015600231    
20180121142836015600281    
20180121142836015600631    
20180121142836015600401    
20180121142836015605032    
20180121142836015605041    
20180121142836015605203    
20180121142930028200104    
20180121142930028200032    
20180121142930028200042    
20180121142930028200076    
20180121142930028200212    
20180121142930028200222    
20180121142930028200301    
20180121142930028200632    
20180121142930028240535    
201801211429300282405520   
20180121142930028205142    
20180121143205020705011    
20180121143205020705021    
20180121143254801700032    
20180121143254801700041    
20180121143254801700202    
20180121143254801700212    
20180121143254801700221    
20180121143254801700571    
20180121143254801700721    
20180121143254801700103    
20180121143254801705022    
20180121143254801705042    
20180121143254801705122    
20180121143254801705152    
20180121143254801705163    
20180121143254801705204    
20180121143254801780016    
20180121143254801780022    
20180121143254801700062    
20180121143254801700072    
20180121143254801702041    
20180121143820800200066    
20180121143820800200076    
20180121143820800200286    
20180121143820800200631    
20180121143820800200721    
20180121143820800200731    
20180121143820800200771    
20180121143820800202046    
201801211438208002050316   
201801211438208002050410   
201801211438208002051510   
20180121143820800205213    
20180121143820800240015    
201801211438208002401410   
20180121143820800240215    
201801211438208002800120   
20180121143820800299016    
20180121143820800299026    
201801211438578009000730   
20180121143935802700403    
201801211441238003000612   
20180121144123800300205    
20180121144123800300215    
20180121144123800300225    
20180121144123800300285    
20180121144123800302045    
201801211441238003800112   
201801211441238003990112   
20180121144407006700031    
20180121144407006700101    
20180121144407006702041    
20180121144407006780012    
20180121144429780700034    
20180121144429780700042    
20180121144429780700076    
20180121144429780700106    
20180121144429780700201    
20180121144429780700213    
20180121144429780700401    
20180121144429780700572    
20180121144429780700581    
20180121144429780702041    
20180121144429780705022    
20180121144429780705172    
20180121144429780740112    
201801211444297807405210   
20180121144429780740535    
20180121144456012500101    
20180121144456012500031    
20180121144456012500281    
20180121144456012580014    
20180121144456012505121    
20180121144456012505172    
20180121144456012502041    
20180121144516003300105    
20180121144516003300033    
20180121144516003300042    
20180121144516003300071    
20180121144516003340391    
20180121144629003300571    
20180121144629003300441    
20180121144807010800037    
20180121144807010800046    
20180121144807010800201    
20180121144807010800222    
20180121144807010800231    
20180121144807010800401    
20180121144807010800571    
20180121144807010800731    
201801211448070108001014   
20180121144807010800081    
20180121144807010805043    
20180121144807010805142    
20180121144807010805154    
20180121144807010805164    
20180121144807010840171    
20180121144807010805204    
20180121144807010840525    
20180121144807010840535    
20180121144807010800064    
201801211448070108000710   
20180121144807010802041    
20180121144848024600101    
20180121144848024600031    
20180121144848024600071    
20180121144848024600081    
20180121144848024605122    
20180121145342002700031    
20180121145342002700041    
20180121145342002700102    
20180121145352802300104    
20180121145352802300032    
20180121145352802300042    
20180121145352802300072    
20180121145352802300201    
20180121145352802300211    
20180121145352802300721    
20180121145352802302042    
201801211453528023405310   
20180121145352802380014    
20180121145352802380021    
20180121145352802380031    
20180121145352802305221    
20180121145352802305011    
20180121145352802305201    
20180121145352802305022    
20180121145352802305044    
20180121145352802305122    
20180121145352802305142    
20180121145352802305152    
20180121145352802340112    
20180121145440007900106    
20180121145440007900032    
20180121145440007900042    
20180121145440007900441    
20180121145440007905032    
20180121145440007905151    
20180121145626027400102    
20180121145626027400031    
20180121145626027400041    
20180121145626027400062    
20180121145626027400076    
20180121145626027480014    
20180121150552020000104    
20180121150552020000032    
20180121150552020000041    
20180121150552020000061    
20180121150552020000074    
20180121150552020000201    
20180121150552020000211    
20180121150552020002041    
20180121150552020040555    
20180121150552020005021    
20180121150552020005032    
20180121150552020005042    
20180121150552020005075    
20180121150552020005141    
20180121150552020005152    
20180121150552020005162    
20180121150552020000772    
20180121150552020005123    
20180121150717015785008    
20180121150717015700031    
20180121150717015700041    
20180121150717015780014    
20180121150717015780024    
20180121150717015705042    
20180121150717015705162    
20180121150717015740021    
20180121151007002000102    
20180121151007002000031    
20180121151007002000041    
20180121151007002000061    
201801211516318035990160   
201801211516318035990260   
20180121151841028300031    
20180121151938011440525    
20180121151938011400063    
20180121151938011405033    
20180121151938011400281    
20180121151938011400031    
20180121151938011400041    
20180121151938011400102    
20180121151938011400072    
20180121151938011400571    
20180121152128803000031    
20180121152128803000041    
20180121152128803000102    
20180121152128803005023    
20180121152128803000076    
20180121152203007700037    
20180121152203007700045    
201801211522030077001014   
20180121152203007700075    
20180121152203007700571    
20180121152203007700581    
20180121152203007740525    
20180121152203007700212    
20180121152203007705032    
20180121152203007700062    
20180121152510028900042    
20180121152510028900571    
20180121152510028900631    
20180121152510028900102    
20180121152510028900081    
20180121152510028900771    
20180121152510028905042    
20180121152510028940211    
20180121152510028940525    
20180121152510028900072    
20180121152644803300031    
20180121152644803300041    
20180121152644803300751    
20180121152644803300102    
20180121152644803300081    
20180121152644803300771    
20180121152644803300281    
20180121152644803305021    
20180121152644803305151    
20180121152644803340171    
20180121152644803340523    
20180121152644803340533    
20180121152644803380014    
20180121152644803380021    
20180121152644803300063    
20180121152644803300073    
20180121152644803340391    
20180121152644803302041    
201801211527198003990212   
20180121152822006600034    
20180121152822006600043    
20180121152822006600401    
20180121152822006600731    
20180121152822006600107    
20180121152858025100101    
20180121152858025100031    
20180121152858025140022    
20180121152858025100451    
20180121152858025105141    
20180121152858025180014    
20180121152858025105121    
20180121153012008900033    
20180121153012008900042    
20180121153012008900106    
20180121153012008900072    
20180121153012008900451    
20180121153012008900212    
20180121153012008905021    
20180121153012008905032    
20180121153012008905042    
20180121153012008905172    
20180121153012008980031    
20180121153514008200031    
20180121153514008200571    
20180121153514008200101    
20180121153514008205021    
20180121153514008205032    
20180121153514008280011    
20180121153514008280021    
20180121153514008200072    
20180121153549025800032    
20180121153549025800042    
20180121153549025800201    
20180121153549025800221    
20180121153549025800401    
20180121153549025800451    
20180121153549025800104    
20180121153549025805077    
20180121153549025805202    
20180121153549025840525    
20180121153549025800062    
20180121153549025800073    
20180121153549025840391    
20180121153955803900034    
20180121153955803900043    
20180121153955803900211    
20180121153955803900591    
20180121153955803900731    
20180121153955803900106    
20180121153955803905022    
20180121153955803905032    
20180121153955803980024    
20180121153955803902042    
20180121153957026100031    
20180121153957026100041    
20180121153957026100103    
20180121153957026100071    
20180121153957026105041    
20180121153957026100581    
20180121153957026100591    
20180121154011013000106    
20180121154011013000032    
20180121154011013000043    
20180121154011013000062    
20180121154020009800431    
20180121154020009800571    
20180121154020009805021    
20180121154020009805033    
20180121154020009805121    
20180121154020009805152    
20180121154020009840111    
20180121154020009880011    
20180121154020009800073    
20180121154020009840391    
20180121154020009899016    
20180121154020009899026    
20180121154040008700033    
20180121154040008700042    
20180121154040008700104    
20180121154040008700211    
20180121154040008705021    
20180121154040008705031    
20180121154040008705041    
20180121154040008705141    
20180121154040008705152    
20180121154040008705161    
20180121154040008740391    
20180121154052028500221    
20180121154052028500751    
20180121154052028502041    
20180121154052028505021    
20180121154052028505121    
20180121154052028540392    
20180121154052028540535    
20180121154052028580022    
20180121154052028599016    
20180121154052028599026    
20180121154254010700571    
20180121154254010700062    
20180121154254010700212    
20180121154254010700072    
20180121154419003800033    
20180121154419003800042    
20180121154419003800105    
20180121154419003802041    
20180121154419003840525    
20180121154419003840535    
20180121154419003805041    
20180121154419003805163    
20180121154436029400032    
20180121154436029400042    
20180121154436029400062    
20180121154436029400072    
20180121154436029400104    
20180121154436029400221    
20180121154436029400282    
20180121154436029400572    
20180121154436029400752    
20180121154436029400771    
20180121154436029405033    
20180121154436029405042    
20180121154436029405202    
20180121154436029405222    
20180121154436029440171    
20180121154436029440391    
20180121154436029480016    
20180121154436029480022    
20180121154436029480041    
20180121154514022400102    
20180121154514022400031    
20180121154514022400041    
20180121154514022405022    
20180121154514022405032    
20180121154514022405042    
20180121154514022400201    
201801211545140224405210   
20180121154648003800631    
20180121154648003800061    
20180121154648003800571    
201801211546526002990112   
20180121154652600299026    
20180121154652600200076    
201801211546526002051510   
201801211546526002402110   
201801211546526002050410   
20180121154900027100101    
20180121154900027100031    
20180121154900027100571    
20180121154900027105161    
20180121155103013300103    
20180121155103013300032    
20180121155103013300041    
20180121155103013300771    
20180121155103013340171    
20180121155103013340392    
20180121155150020100103    
20180121155150020100032    
20180121155150020100041    
20180121155150020100073    
20180121155150020100771    
20180121155150020140525    
20180121155150020140535    
20180121155150020180071    
20180121155150020105121    
20180121155445001100108    
20180121155445001100034    
20180121155445001100044    
20180121155445001100572    
20180121155445001100072    
20180121155445001140525    
20180121155445001140535    
20180121155445001105153    
20180121155807026900102    
20180121155807026900031    
20180121155807026900041    
20180121155807026900061    
20180121155807026900071    
20180121155807026900201    
20180121155807026900211    
20180121155807026900221    
20180121155807026902041    
20180121155807026980014    
20180121155807026905021    
20180121155807026905041    
