201806240227491381200160   
20180624022749138120061    
20180624022749138120071    
20180624022749138120655    
20180624022749138120901    
20180624022749138121041    
201806242042542046200140   
20180624204254204620061    
20180624204254204620081    
20180624204254204620311    
20180624204254204620656    
201806242122092069200160   
20180624212209206920061    
20180624212209206920321    
201806242122092069206512   
20180624212209206921121    
201806242123572022200160   
20180624212357202220055    
20180624212357202220062    
20180624212357202220301    
20180624212357202220071    
20180624212357202220653    
201806242143132115200160   
20180624214313211520071    
20180624214313211520321    
20180624214313211521051    
2018062422364320232001200  
20180624223643202320063    
20180624223643202320072    
20180624223643202320301    
201806242236432023206510   
201806242255302026200160   
20180624225530202620061    
201806242255302026206510   
20180624225530202620921    
20180624230226205120062    
20180624230226205120082    
20180624230226205120311    
20180624230226205120322    
20180624230226205120072    
201806242302262051206510   
20180624230226205120911    
20180624230226205120861    
2018062423022620511111120  
201806242333452094200160   
20180624233345209420061    
20180624233345209420901    
201806242348471477200180   
20180624234847147720658    
201806242353552034200160   
20180624235355203420053    
20180624235355203420061    
20180624235355203420071    
20180624235355203420081    
20180624235355203420657    
20180624235355203421041    
201806250006182230200140   
20180625000618223020061    
20180625000618223020071    
20180625003135224320062    
20180625003135224320161    
20180625003135224320201    
20180625003135224320311    
20180625003135224320321    
20180625003135224320071    
201806250031352243206510   
20180625003135224320901    
20180625003135224321041    
2018062500313522431111140  
201806250040522006200160   
20180625004052200620052    
20180625004052200620061    
20180625004052200620321    
20180625004052200620071    
201806250048212050200140   
20180625004821205020061    
20180625004821205020653    
201806250101212032200140   
20180625010121203220061    
20180625010121203220071    
20180625010121203220081    
20180625010121203220301    
20180625010121203220921    
2018062501121620432001100  
20180625011216204320061    
20180625011216204320071    
20180625011216204320081    
20180625011216204320161    
201806250112162043206520   
20180625011216204320921    
2018062501490520292001100  
201806250149052029200512   
20180625014905202920062    
20180625014905202920071    
20180625014905202920081    
201806250149052029206515   
20180625014905202920911    
20180625014905202921021    
2018062502183913672001100  
20180625021839136720654    
201806250442361021200160   
20180625044236102120051    
20180625044236102120061    
20180625044236102120081    
20180625044236102120071    
20180625044236102120655    
20180625044236102120551    
