20180220113751700313053    
20180220113751700317041    
20180220113751700330051    
20180220113751700351091    
201802201137517003541710   
20180220114116700413053    
20180220114116700414061    
20180220114116700416022    
20180220114116700454176    
20180220115446115313051    
20180220121805350013308    
20180220121805350013318    
20180220121805350014174    
20180220121805350052001    
201802201255561053100010   
20180220130531115213091    
20180220130557700213031    
20180220130557700230031    
20180220130557700230051    
20180220131425110314001    
20180220131425110314032    
20180220131425110314041    
20180220131425110314061    
20180220131425110315052    
20180220131425110315143    
20180220131425110354252    
20180220132109105313051    
201802201322211130100010   
20180220132221113012084    
20180220132221113013021    
20180220132221113013041    
20180220132221113014001    
20180220132221113014021    
20180220132221113014031    
20180220132221113014091    
20180220132221113016031    
201802201329421071100010   
20180220133409115913051    
20180220133409115914061    
20180220134628959013092    
201802201350501110100020   
20180220135155100216031    
20180220135155100213091    
20180220140424111313081    
20180220140424111313091    
20180220140424111314001    
20180220140424111314023    
20180220140424111314032    
20180220140424111315001    
201802201405471045100010   
