2018041320542513692001120  
20180413205425136920062    
20180413205425136920082    
20180413205425136920322    
201804132054251369206520   
20180413205425136920901    
20180413205425136920921    
201804132201431371200180   
20180413220143137120052    
20180413220143137120061    
20180413220143137120071    
20180413220143137120091    
20180413220143137120161    
20180413220143137120321    
20180413220143137120542    
201804132201431371206510   
201804132211301025200160   
20180413221130102520061    
20180413221130102520071    
20180413221130102520081    
20180413221130102520321    
20180413221130102520653    
20180413221130102521021    
201804132227531005200160   
20180413222753100520653    
20180413222753100520061    
20180413222753100520071    
20180413222753100520321    
20180413223550223120053    
20180413223550223120061    
20180413223550223120322    
2018041322355022311010200  
201804132245311026200140   
20180413224531102620061    
20180413224531102620111    
20180413224531102620271    
20180413224531102620321    
20180413224531102620652    
20180413224531102620931    
2018041323222520882001160  
20180413232225208820062    
20180413232225208820071    
20180413232225208820081    
20180413232225208820321    
20180413232225208820656    
201804132322532124200180   
20180413232253212420061    
20180413232253212420071    
20180413232253212420081    
20180413232253212420321    
20180413232253212420656    
201804132333272107200180   
20180413233327210720051    
20180413233327210720061    
20180413233327210720191    
20180413233327210720321    
20180413233327210720652    
2018041323461120862001120  
20180413234611208620051    
20180413234611208620062    
20180413234611208620072    
20180413234611208620082    
20180413234611208620321    
201804132346112086205210   
201804132346112086206515   
20180413234611208621041    
20180413234611208621051    
20180413234611208621121    
2018041323550420232001120  
20180413235504202320062    
20180413235504202320072    
20180413235504202320322    
20180413235504202320551    
201804132355042023206515   
2018041323571621131010140  
20180413235716211320061    
20180413235716211320071    
20180413235716211320082    
20180413235716211320321    
201804132357162113206510   
2018041400041910182002105  
20180414000419101820057    
20180414000419101820062    
20180414000419101820081    
20180414000419101820321    
20180414000419101820656    
2018041400064214772001100  
20180414000642147720322    
20180414000642147720072    
201804140006421477206510   
2018041400231722342001120  
20180414002317223420056    
20180414002317223420061    
20180414002317223420321    
20180414002317223420071    
20180414002317223420655    
20180414002317223421021    
20180414002518223120061    
20180414002518223120321    
20180414002518223120071    
20180414002518223120655    
20180414002518223120901    
20180414002518223120931    
20180414002518223120921    
201804140025182231101080   
201804140040322031200160   
20180414004032203120051    
20180414004032203120521    
20180414004032203120653    
201804140105351370200160   
20180414010535137020521    
20180414010535137020658    
2018041401183714652001100  
20180414011837146520052    
20180414011837146520062    
20180414011837146520321    
20180414011837146520071    
20180414011837146520654    
20180414011837146520901    
20180414011837146520931    
201804140122591002200180   
20180414012259100220062    
20180414012259100220071    
20180414012259100220655    
20180414012259100220901    
20180414012259100221041    
2018041401333722292001160  
20180414013337222920056    
20180414013337222920064    
20180414013337222920083    
20180414013337222920271    
20180414013337222920301    
20180414013337222920322    
20180414013337222920551    
20180414013337222920073    
201804140133372229206523   
20180414013337222920931    
201804140214431022200180   
20180414021443102220062    
20180414021443102220071    
20180414021443102220083    
20180414021443102220322    
201804140214431022206517   
20180414021443102220921    
20180414021443102220931    
20180414021443102221021    
2018041402301620682001140  
20180414023016206820062    
20180414023016206820071    
20180414023016206820081    
20180414023016206820311    
20180414023016206820321    
20180414023016206820657    
20180414023016206821121    
2018041402470920292001160  
20180414024709202920053    
20180414024709202920062    
20180414024709202920072    
20180414024709202920082    
20180414024709202920321    
201804140247092029206515   
20180414024709202921021    
20180414024709202921041    
20180414032324222920051    
20180414032324222920652    
20180414034842136720911    
20180414034842136721021    
20180414034842136721041    
20180414034842136720322    
201804140348421367206525   
2018041403484213672001120  
20180414034842136720072    
20180414034953136720062    
201804140512451021200160   
20180414051245102120052    
20180414051245102120061    
20180414051245102120071    
20180414051245102120321    
20180414051245102120653    
20180414051245102120901    
