201806062113050240100140   
20180606211305024015991    
20180606211305024010572    
201806062128551444100120   
20180606212855144410131    
201806062154510170100120   
20180606215451017010134    
20180606215451017010061    
201806062206090884100260   
20180606220609088410061    
20180606220609088410111    
20180606220609088410131    
20180606220609088410293    
20180606220609088415991    
201806062240130165100140   
20180606224013016510134    
20180606224013016510091    
20180606225140021610132    
201806062251400216100240   
201806062309400159100140   
20180606230940015910295    
20180606230940015913393    
20180606230940015913494    
201806062321561734100140   
20180606232156173410281    
20180606232156173410292    
20180606232156173410302    
20180606232156173410312    
20180606232156173410445    
20180606232156173413691    
20180606232156173415991    
201806062333311654100140   
20180606233331165410131    
20180606233331165413393    
201806062350552054100140   
20180606235055205410182    
20180606235055205410571    
20180606235055205410611    
20180606235055205470003    
20180606235055205470023    
201806070004070594100280   
20180607000407059410136    
20180607000407059415994    
20180607000407059410063    
20180607000407059410113    
20180607000407059410101    
20180607000407059410401    
20180607000407059410171    
201806070013060704100140   
20180607001306070410131    
20180607001306070415991    
20180607001306070410293    
20180607001306070410141    
20180607001306070413395    
20180607001306070410442    
201806070013290156100120   
20180607001329015610061    
20180607001329015610131    
201806070020540201100140   
20180607002054020110101    
20180607002054020113391    
20180607002054020115991    
201806070037511454100120   
20180607003751145410131    
20180607003751145410425    
201806070041581134100120   
20180607004158113410181    
201806070049052064100120   
201806070102240200100160   
20180607010224020010111    
20180607010224020010141    
20180607010224020015991    
201806070115271334100180   
20180607011527133410061    
20180607011527133410302    
20180607011527133410312    
2018060701152713341869100  
20180607011527133413496    
20180607011527133410432    
20180607011527133410134    
20180607011929135410131    
20180607011929135410181    
20180607011929135410295    
20180607011929135410301    
20180607011929135410573    
201806070119291354100240   
201806070120200244100120   
20180607012020024410071    
20180607012020024410131    
20180607012447171415991    
20180607012447171410131    
20180607012447171410305    
20180607012447171410315    
201806070124471714100160   
201806070126110211100140   
20180607012611021110131    
20180607012611021110251    
201806070128230914100140   
20180607012823091410401    
20180607012823091410101    
20180607012823091415993    
201806070147270564100120   
20180607014727056410061    
20180607014727056413492    
201806070147311364100120   
20180607014731136410061    
20180607014731136410131    
201806070147311364102710   
20180607014731136410293    
20180607014731136410571    
201806070220550764100240   
20180607022055076410132    
201806070220550764102910   
20180607022055076410401    
20180607025103121413492    
20180607025103121418295    
201806070251031214100220   
201806070403111854100140   
20180607040311185410132    
20180607040311185410293    
20180607040311185470005    
20180607040311185470025    
