201802112052342026200160   
20180211205234202620063    
20180211205234202620073    
20180211205234202620083    
20180211205234202620323    
20180211205234202620551    
20180211205234202620901    
20180211205234202620921    
20180211205234202620931    
20180211205234202621021    
201802112139382061200140   
20180211213938206120061    
20180211213938206120071    
20180211213938206120322    
20180211213938206120653    
20180211213938206121021    
20180211213938206121051    
201802112200511381200180   
20180211220051138120301    
20180211220051138120321    
20180211220051138120071    
20180211220051138120655    
201802112224132069200160   
20180211222413206920061    
20180211222413206920071    
20180211222413206920081    
20180211222413206920322    
201802112224132069206510   
20180211222413206921041    
2018021123104920432001100  
20180211231049204320061    
20180211231049204320073    
20180211231049204320082    
20180211231049204320161    
20180211231049204320302    
20180211231049204320311    
20180211231049204320322    
20180211231049204320551    
201802112310492043206510   
20180211231049204320901    
20180211231049204320911    
2018021123235320942001100  
20180211232353209420062    
20180211232353209420072    
20180211232353209420082    
20180211232353209420191    
20180211232353209420321    
20180211232353209420551    
201802112344342226200120   
20180211234434222620071    
20180211234434222620081    
201802112354322027200140   
20180211235432202720061    
20180211235432202720321    
20180211235432202720652    
20180211235432202721041    
201802112359162091200160   
20180211235916209120062    
20180211235916209120071    
20180211235916209120082    
20180211235916209120551    
201802112359162091206510   
20180211235916209120911    
20180211235916209121021    
201802120001452091200160   
20180212000145209120062    
20180212000145209120071    
20180212000145209120082    
20180212000145209120551    
201802120001452091206510   
20180212000145209120911    
20180212000145209121021    
201802120018292032200140   
20180212001829203220061    
20180212001829203220071    
20180212001829203220081    
20180212001829203220301    
20180212001829203220321    
2018021200241121152001100  
20180212002411211520061    
20180212002411211520071    
20180212002411211520081    
20180212002411211520321    
20180212002411211520551    
201802120024112115206510   
20180212002411211520901    
20180212002411211521121    
201802120037222034200180   
20180212003722203420062    
20180212003722203420081    
20180212003722203420301    
20180212003722203420321    
201802120037222034206514   
2018021201224222302001120  
20180212012242223020061    
20180212012242223020073    
20180212012242223020082    
20180212012242223020322    
20180212012242223020551    
201802120122422230206510   
20180212012242223020902    
20180212012242223020911    
20180212012242223020922    
20180212012242223020931    
20180212012242223021021    
20180212012242223021041    
2018021202451620292001100  
20180212024516202920055    
20180212024516202920061    
20180212024516202920072    
20180212024516202920081    
20180212024516202920301    
20180212024516202920551    
20180212024516202920655    
20180212024516202920911    
