20180421133555104710011    
20180421133555104710021    
20180421133555104710031    
20180421133555104710041    
20180421133555104710133    
20180421133555104710183    
20180421133555104741033    
20180422160849600010022    
201804221608496000100350   
20180422160849600010043    
20180422160849600010136    
20180422160849600010165    
20180422160849600010183    
20180422160849600010204    
20180422160849600010264    
20180422160849600020011    
20180422160849600020031    
20180422160849600020041    
20180422160849600020051    
201804221608496000200615   
20180422160849600020102    
20180422160849600040053    
20180422160849600041036    
20180422160849600041042    
20180422160849600060083    
20180422160849600061021    
201804221608496000610310   
20180422160849600061045    
201804221730111034100320   
20180422173011103410041    
20180422173011103410136    
20180422173011103410203    
20180422173011103410224    
20180422173011103410262    
20180422173011103441032    
20180422174448203910011    
20180422174448203910024    
20180422174448203910031    
20180422174448203910051    
20180422174448203910062    
20180422174448203910075    
20180422174448203910082    
20180422174448203910092    
20180422174448203910105    
20180422174448203910135    
20180422174448203910202    
20180422174448203940103    
20180422174448203940123    
20180422174448203940151    
20180422174448203941035    
20180422174448203978032    
20180422174448203978042    
20180422174448203978052    
20180422174448203978062    
20180422174636100110021    
20180422174636100110032    
20180422174636100110202    
20180422174636100110223    
20180422174636100120104    
20180422174636100140052    
20180422174636100140151    
20180422174636100141041    
20180422174636100141051    
20180422174641102010022    
20180422174641102010031    
20180422174641102010042    
20180422174641102010081    
20180422174641102010091    
20180422174641102010105    
201804221746411020101810   
20180422174641102010192    
20180422174641102010204    
20180422174641102010224    
20180422174641102010262    
20180422174641102020001    
20180422174641102020072    
20180422174641102030071    
20180422174641102031031    
20180422174641102040031    
20180422174641102040123    
20180422174641102040191    
20180422174641102041033    
20180422190330203510011    
20180422190330203510041    
20180422190330203510071    
20180422190330203510183    
20180422190330203510201    
20180422190330203520001    
20180422190330203520061    
20180422190330203540031    
20180422193203204010021    
20180422193203204010041    
20180422193203204010081    
20180422193203204010132    
20180422193203204010182    
20180422193203204010202    
20180422193203204010221    
20180422193203204010261    
20180422193203204020061    
20180422193203204020071    
20180422193203204031031    
20180422193203204040051    
20180422193203204041032    
20180422193203204041041    
20180422193203204061033    
20180422195928204910021    
20180422195928204910042    
20180422195928204910132    
20180422195928204910202    
20180422195928204910221    
20180422195928204910261    
20180422195928204920091    
201804221959282049310320   
20180422195928204940051    
20180422195928204941033    
20180422195928204941042    
20180422195928204977791    
20180422195928204977801    
20180422202912104110011    
201804222029121041100330   
20180422202912104110041    
20180422202912104110051    
20180422202912104110081    
20180422202912104110091    
20180422202912104110101    
20180422202912104110135    
20180422202912104110162    
20180422202912104110182    
20180422202912104130121    
201804222029121041310310   
20180422202912104140031    
20180422202912104141032    
20180422202912104141041    
20180422203822104010021    
201804222038221040100320   
20180422203822104010041    
20180422203822104010132    
20180422203822104010201    
20180422203822104010222    
20180422203822104010261    
20180422203822104040001    
20180422203822104040012    
20180422203822104040021    
20180422203822104040051    
20180422203822104041034    
20180422204411202510021    
201804222044112025100320   
20180422204411202510041    
20180422204411202510061    
20180422204411202510081    
20180422204411202510091    
20180422204411202510131    
20180422204411202510163    
20180422204411202510188    
20180422204411202510201    
20180422204411202520061    
20180422204411202541041    
20180422204445103210011    
20180422204445103210022    
201804222044451032100325   
20180422204445103210133    
20180422204445103210202    
20180422204445103210222    
20180422204445103220071    
20180422204445103240016    
20180422204445103240023    
20180422204445103240031    
20180422204445103241033    
20180422204445103250012    
201804222104391045100320   
20180422210439104510041    
20180422210439104510132    
201804222104391045310310   
20180422210439104540001    
20180422210439104540012    
20180422210439104540021    
20180422210439104541032    
20180422210439104550011    
20180422211040103310041    
20180422211040103310133    
20180422211040103320011    
20180422211040103320022    
20180422211040103320061    
20180422211040103340021    
20180422211040103340052    
20180422211040103340151    
20180422211040103320001    
20180422211040103341031    
20180422211040103341041    
20180422211040103310261    
20180422211040103340165    
20180422211040103341061    
20180422211040103378121    
20180422215007103510021    
20180422215007103510041    
20180422215007103510081    
20180422215007103531031    
20180422215007103540001    
20180422215007103540012    
20180422215007103540021    
20180422215007103541032    
20180422215007103541041    
20180422221613203710021    
20180422221613203710041    
20180422221613203710131    
20180422221613203720081    
20180422221613203740013    
20180422221613203740031    
20180422221613203740051    
20180422221613203710031    
20180422221613203710203    
20180422221613203741034    
20180422221613203731031    
20180422221613203710181    
20180422221613203710221    
20180422221613203730121    
20180422221613203710161    
20180422221613203741061    
20180422221613203741071    
20180422224122203978024    
201804222251342045100320   
20180422225134204510042    
20180422225134204510132    
20180422225134204510201    
20180422225134204510222    
20180422225134204510261    
201804222251342045310320   
20180422225134204540031    
20180422225134204540151    
20180422225134204541032    
20180422225134204541041    
20180423031854104210051    
20180423031854104210081    
20180423031854104210102    
20180423031854104210133    
20180423031854104210163    
20180423031854104210201    
20180423031854104220091    
201804230318541042310320   
20180423031854104240013    
20180423031854104240021    
20180423031854104240031    
20180423031854104240101    
20180423031854104240165    
20180423031854104241033    
20180423031854104261034    
