20180411173516593210042    
20180411173516593210091    
20180411173516593210101    
20180411173516593210111    
20180411173516593210272    
20180411173516593210283    
20180411173516593210313    
20180411173516593210531    
20180411173516593210751    
20180411173516593210651    
20180411173516593210601    
20180411173516593210583    
20180411173516593211001    
20180411173516593211181    
20180411173516593211274    
20180411173516593211321    
20180411173516593211338    
20180411173516593211425    
20180411173516593211616    
20180411173516593211743    
20180411173516593211831    
20180411173516593211841    
20180411173516593220821    
20180411173516593220702    
20180411173516593222993    
201804111735165932221815   
