20180517225357105410252    
20180517225357105410491    
20180517225357105410622    
20180517225357105410671    
20180517225357105410681    
20180517225357105420161    
20180517225357105430032    
20180517225357105430341    
20180517225357105430381    
20180517225357105430891    
20180517225823103910211    
20180517225823103910221    
20180517225823103915061    
20180517225823103915261    
20180517225823103930016    
20180517225823103930701    
20180517231306104010253    
20180517231306104010271    
20180517231306104010861    
20180517231306104015041    
20180517231306104015061    
20180517231306104020095    
201805172313061040202012   
201805172313061040300110   
20180517231306104030041    
20180517231306104030081    
20180517231306104030382    
20180517234700104310323    
20180517234700104310345    
20180517234700104310421    
20180517234700104310651    
20180517234700104310681    
20180517234700104310861    
20180517234700104310871    
20180517234700104315371    
201805172347001043300110   
20180517234700104330451    
20180517234700104330461    
20180517234746105810122    
20180517234746105810252    
20180517234746105810621    
20180517234746105810631    
20180517234746105810681    
20180517234746105810861    
20180517234746105810953    
20180517234746105830701    
20180517234746105830891    
20180518000137106110123    
20180518000137106110173    
201805180001371061102510   
201805180001371061106210   
20180518000137106110683    
20180518000137106110871    
20180518000137106110953    
20180518000137106110971    
20180518000137106115181    
20180518000137106120011    
20180518000137106120101    
20180518000137106120311    
201805180001371061300110   
20180518000137106130892    
20180518002337109310271    
20180518002337109310326    
20180518002337109310623    
20180518002337109310651    
20180518002337109310684    
20180518002337109315071    
20180518002337109325161    
201805180023371093300110   
20180518002337109330034    
20180518002337109330892    
20180518003401100910171    
20180518003401100910252    
20180518003401100910321    
20180518003401100910342    
20180518003401100910351    
20180518003401100910421    
20180518003401100910623    
20180518003401100910682    
20180518003401100910955    
20180518003401100915042    
20180518003401100915112    
20180518003401100920201    
20180518003401100920401    
201805180034011009300110   
20180518003401100930041    
20180518003401100930381    
20180518003401100930891    
20180518004728105815181    
20180518004728105820311    
20180518005335106115061    
20180518005335106130081    
20180518011025110210141    
20180518011025110210302    
20180518011025110210323    
20180518011025110210343    
20180518011025110210431    
20180518011025110210861    
20180518011025110220011    
20180518011025110220021    
20180518011025110225131    
20180518011025110230013    
20180518011538107310071    
20180518011538107310255    
20180518011538107310635    
20180518011538107310955    
20180518011538107315401    
20180518011538107315421    
20180518011538107320053    
201805180115381073202012   
20180518011538107325095    
20180518011538107330015    
20180518011538107330382    
20180518012523109110211    
20180518012523109110221    
20180518012523109110253    
20180518012523109110271    
20180518012523109110321    
20180518012523109110345    
20180518012523109110431    
20180518012523109110623    
20180518012523109110642    
20180518012523109110651    
20180518012523109110681    
20180518012523109115231    
20180518012523109115371    
20180518012523109120401    
20180518012523109130012    
20180518012523109130131    
20180518012523109130193    
20180518012523109130203    
20180518012523109130361    
20180518012523109130383    
20180518013021100610211    
20180518013021100610253    
20180518013021100610271    
20180518013021100610323    
20180518013021100610421    
20180518013021100615161    
20180518013021100620101    
20180518013021100610491    
20180518013021100610651    
20180518013021100610661    
20180518013021100610681    
20180518013021100610861    
20180518013021100630031    
20180518013021100630381    
20180518013021100630892    
20180518013021100630921    
20180518013021100610955    
20180518013021100610285    
20180518013947106710121    
20180518013947106710141    
20180518013947106710211    
20180518013947106710221    
20180518013947106710305    
20180518013947106710622    
20180518013947106710661    
20180518013947106710682    
20180518013947106720161    
20180518013947106725041    
20180518013947106725141    
20180518013947106730032    
20180518013947106730044    
20180518013947106730052    
20180518013947106730082    
20180518013947106730121    
20180518013955104110175    
20180518013955104110308    
20180518013955104110381    
20180518013955104110422    
20180518013955104110471    
20180518013955104110626    
20180518013955104110651    
20180518013955104110661    
20180518013955104115233    
20180518013955104115371    
20180518013955104120111    
201805180139551041300110   
20180518013955104130061    
20180518013955104130253    
20180518013955104130273    
20180518013955104130381    
20180518014230102910071    
20180518014230102910125    
201805180142301029102515   
20180518014230102910272    
201805180142301029103010   
20180518014230102910325    
201805180142301029103415   
20180518014230102910472    
20180518014230102910581    
20180518014230102910635    
20180518014230102910652    
20180518014230102910683    
20180518014230102910864    
20180518014230102915042    
20180518014230102915131    
20180518014230102915181    
20180518014230102915371    
20180518014230102915421    
20180518014230102920013    
20180518014230102920023    
20180518014230102920311    
20180518014230102930033    
20180518014230102930241    
20180518014230102930381    
20180518014230102930571    
20180518014230102930732    
20180518015515105910173    
20180518015515105910303    
20180518015515105910343    
20180518015515105910351    
20180518015515105910363    
20180518015515105915041    
20180518015515105915261    
20180518015515105915421    
20180518015515105920101    
20180518015515105925211    
20180518015515105925231    
20180518015515105925241    
201805180155151059300110   
20180518015515105930035    
20180518015515105930042    
20180518015515105930081    
20180518015515105930122    
20180518015515105930231    
20180518015515105930351    
20180518015515105930731    
20180518015515105930961    
20180518020104100410175    
20180518020104100410221    
20180518020104100410345    
20180518020104100410682    
20180518020104100415331    
20180518020104100415351    
20180518020104100415371    
20180518020104100420011    
20180518020104100420021    
20180518020104100420441    
20180518020104100430042    
20180518020104100430921    
