20180201105714814810015    
20180201105714814810058    
20180201105714814810262    
20180201105714814810301    
20180201105714814810542    
20180201105714814810611    
20180201105714814810642    
20180201105714814810742    
20180201105714814816121    
201802011057148148161513   
20180201105714814820032    
201802011057148148200612   
20180201105714814820071    
20180201105714814820103    
20180201105714814820111    
20180201105714814820121    
20180201105714814850091    
20180201105714814850181    
201802011436168130100110   
201802011436168130100520   
20180201143616813010121    
20180201143616813010262    
20180201143616813010302    
20180201143616813010311    
20180201143616813010371    
20180201143616813010391    
20180201143616813010523    
20180201143616813010541    
20180201143616813010631    
20180201143616813010641    
20180201143616813016121    
201802011436168130161530   
20180201143616813020036    
201802011436168130200620   
20180201143616813020073    
201802011436168130201010   
20180201143616813020113    
20180201143616813020123    
20180201143616813050011    
20180201145144811710011    
20180201145144811710054    
20180201145144811710151    
20180201145144811710261    
20180201145144811710302    
20180201145144811710372    
20180201145144811710392    
20180201145144811710522    
20180201145144811716121    
20180201145144811716154    
20180201145144811720064    
20180201145144811720102    
20180201145144811720111    
20180201145144811720121    
20180201145144811750021    
20180201145144811750111    
20180201150740804810012    
20180201150740804810054    
20180201150740804816156    
20180201150740804820032    
20180201150740804820064    
20180201150740804820071    
20180201150740804820103    
20180201150740804820111    
201802011519168002100117   
20180201151916800210021    
201802011519168002200618   
20180201151916800220074    
20180201151916800220109    
20180201151916800220032    
20180201151916800220083    
20180201151916800250111    
20180201151916800230013    
20180201151916800220123    
201802011519168002161511   
20180201151916800216121    
20180201154124811910016    
201802011541248119100518   
20180201154124811910261    
20180201154124811910311    
20180201154124811910371    
20180201154124811910391    
20180201154124811910521    
20180201154124811910551    
20180201154124811910731    
20180201154124811916121    
201802011541248119161528   
20180201154124811920033    
201802011541248119200619   
20180201154124811920074    
20180201154124811920108    
20180201154124811920112    
20180201154124811950021    
20180201154124811950091    
20180201154124811950101    
20180201155523812110011    
20180201155523812110261    
20180201155523812120064    
20180201155523812140205    
20180201155523812150021    
20180201155523812140071    
201802011555238121100510   
20180201155523812110301    
20180201155523812110371    
20180201155523812110391    
20180201155523812116121    
201802011555238121161510   
20180201155523812120101    
20180201155523812120111    
20180201155526815510012    
20180201155526815510262    
201802011555268155200610   
20180201155526815520072    
201802011555268155100510   
20180201155526815510302    
201802011555268155161512   
20180201155526815510631    
20180201155526815510643    
20180201155526815520106    
20180201155526815520112    
201802011603588152100110   
20180201160358815210021    
20180201160358815210266    
20180201160358815220034    
201802011603588152200614   
20180201160358815220074    
20180201160358815220081    
20180201160358815250011    
20180201160358815250021    
20180201160358815250111    
201802011603588152100510   
20180201160358815210311    
20180201160358815210391    
20180201160358815210522    
20180201160358815216121    
201802011603588152161515   
20180201160358815210541    
20180201160358815210551    
20180201160358815210611    
20180201160358815220105    
20180201160358815220111    
20180201160358815210731    
20180201160358815220122    
20180201160401812210016    
20180201160401812220034    
201802011604018122200620   
20180201160401812220074    
201802011604018122100515   
20180201160401812216123    
201802011604018122161520   
20180201160401812210611    
20180201160401812220108    
20180201161404810910013    
20180201161404810910057    
20180201161404810910303    
20180201161404810910312    
20180201161404810910371    
20180201161404810910681    
20180201161404810910742    
201802011614048109161515   
20180201161404810920067    
20180201161404810920071    
20180201161404810920081    
20180201161404810920102    
20180201161524813020081    
20180201161534810310014    
20180201161534810310261    
201802011615348103200614   
20180201161534810320072    
20180201161534810350021    
201802011615348103100512   
20180201161534810310521    
20180201161534810316122    
201802011615348103161515   
20180201161534810320105    
20180201161534810320111    
20180201161534810320121    
20180201161913807710012    
20180201161913807710031    
20180201161913807710261    
20180201161913807720032    
20180201161913807730022    
20180201161913807710522    
20180201161913807716121    
201802011619138077161520   
20180201161913807710611    
20180201161913807720103    
20180201161913807720111    
20180201161913807720121    
20180201161929810510012    
20180201161929810510031    
20180201161929810510056    
20180201161929810510261    
20180201161929810510742    
20180201161929810516121    
201802011619298105161512   
20180201161929810520032    
20180201161929810520067    
20180201161929810520072    
20180201161929810520105    
20180201161929810520121    
20180201161929810550022    
20180201161929810550101    
20180201162249816210014    
20180201162249816210021    
20180201162249816210266    
20180201162249816220034    
201802011622498162200610   
20180201162249816220072    
20180201162249816210056    
20180201162249816210302    
20180201162249816210311    
20180201162249816210372    
20180201162249816216121    
201802011622498162161510   
20180201162249816220104    
20180201162249816220114    
20180201162249816220122    
20180201162249816210744    
20180201164216810810012    
20180201164216810810057    
20180201164216810810262    
20180201164216810810302    
20180201164216810810371    
20180201164216810810391    
20180201164216810810521    
20180201164216810810541    
20180201164216810810611    
20180201164216810810642    
20180201164216810810681    
20180201164216810816121    
201802011642168108161522   
20180201164216810820031    
201802011642168108200614   
20180201164216810820073    
20180201164216810820081    
20180201164216810820105    
20180201164216810820111    
20180201164216810850021    
20180201164506808010014    
20180201164506808010031    
20180201164506808020031    
201802011645068080200615   
20180201164506808020072    
20180201164506808020081    
20180201164506808040101    
20180201164506808040141    
20180201164506808050011    
20180201164506808050021    
20180201164506808050091    
201802011645068080100524   
20180201164506808010311    
20180201164506808010522    
20180201164506808016122    
201802011645068080161524   
20180201164506808010611    
20180201164506808010631    
20180201164506808020105    
20180201164506808020125    
20180201164506808010742    
20180201164912813810013    
201802011649128138100510   
20180201164912813810261    
20180201164912813810371    
20180201164912813810521    
20180201164912813810631    
20180201164912813810731    
20180201164912813816122    
201802011649128138161515   
20180201164912813820063    
20180201164912813820071    
20180201164912813820105    
20180201164934810710014    
20180201164934810710031    
201802011649348107100510   
20180201164934810710264    
20180201164934810710301    
20180201164934810710371    
20180201164934810710391    
20180201164934810710521    
20180201164934810710642    
20180201164934810716122    
201802011649348107161525   
20180201164934810720033    
201802011649348107200620   
20180201164934810720075    
20180201164934810720081    
20180201164934810720108    
20180201164934810720113    
20180201164934810720122    
20180201164934810750022    
20180201165209813820081    
20180201165531807810013    
20180201165531807820032    
201802011655318078200618   
20180201165531807820073    
20180201165531807830021    
20180201165531807830011    
201802011655318078100510   
20180201165531807810303    
20180201165531807810311    
20180201165531807810372    
20180201165531807810391    
20180201165531807810401    
20180201165531807810521    
20180201165531807816121    
201802011655318078161525   
20180201165531807810641    
20180201165531807820105    
20180201165531807820111    
20180201165531807820121    
20180201165925806310013    
20180201165925806310056    
20180201165925806310121    
20180201165925806310261    
20180201165925806310301    
20180201165925806310371    
20180201165925806310525    
20180201165925806310742    
201802011659258063161510   
20180201165925806320033    
20180201165925806320067    
20180201165925806320072    
20180201165925806320102    
20180201165925806320111    
20180201165925806320121    
20180201165925806330051    
20180201165925806350091    
20180201165925806350101    
20180201170251810410019    
20180201170251810410031    
201802011702518104100510   
20180201170251810410301    
20180201170251810410311    
20180201170251810410521    
20180201170251810410541    
20180201170251810410642    
20180201170251810410681    
201802011702518104161525   
20180201170251810420033    
201802011702518104200610   
20180201170251810420071    
20180201170251810420081    
201802011702518104201010   
20180201170251810420111    
20180201170251810420121    
20180201170251810430051    
20180201170911801810013    
20180201170911801810521    
20180201170911801816122    
201802011709118018161536   
20180201170911801820032    
201802011709118018200620   
20180201170911801820107    
20180201170911801820121    
201802011712118055100110   
201802011712118055100518   
20180201171211805510071    
20180201171211805510263    
20180201171211805510371    
20180201171211805510391    
20180201171211805510522    
20180201171211805510642    
20180201171211805516121    
201802011712118055161522   
20180201171211805520034    
201802011712118055200625   
20180201171211805520074    
20180201171211805520081    
20180201171211805520108    
20180201171211805520122    
20180201171211805530011    
20180201171211805550021    
20180201171211805550091    
20180201171211805550101    
20180201171331813410012    
20180201171331813410055    
20180201171331813416121    
20180201171331813416158    
20180201171331813420066    
20180201171331813420104    
20180201171331813420122    
20180201172725811610021    
20180201172725811620033    
201802011727258116200620   
20180201172725811620081    
20180201172725811640051    
20180201172725811640061    
20180201172725811650021    
20180201172725811650091    
20180201172725811650101    
201802011727258116100510   
20180201172725811610374    
20180201172725811610392    
20180201172725811610521    
20180201172725811616122    
201802011727258116161510   
20180201172725811620108    
20180201172725811620112    
20180201172725811620122    
20180201180303814910014    
20180201180303814910031    
201802011803038149100510   
20180201180303814910261    
20180201180303814910302    
20180201180303814910311    
20180201180303814910372    
20180201180303814910441    
20180201180303814910522    
20180201180303814910681    
20180201180303814910742    
20180201180303814916121    
201802011803038149161513   
20180201180303814920064    
20180201180303814920072    
20180201180303814920081    
20180201180303814920105    
20180201180303814920122    
20180201180303814950023    
