201803181731137000120010   
20180318173113700012211    
20180318173113700012221    
20180318173113700013054    
201803181731137000133012   
20180318173113700014014    
201803181731137000140810   
20180318173113700015301    
20180318173113700016011    
20180318173113700032012    
20180318173113700050041    
20180318173113700051031    
201803181731137000520010   
20180318173113700052282    
20180318173113700053101    
20180318173113700060012    
20180318174200700054375    
20180318201740700112221    
20180318201740700113031    
20180318201740700114042    
20180318201740700114123    
20180318201740700114152    
20180318201740700114211    
20180318201740700115176    
20180318201740700116012    
20180318201740700130031    
20180318201740700130051    
20180318201740700130081    
20180318201740700132012    
20180318201740700150104    
20180318201740700150122    
20180318201740700151054    
20180318201740700152006    
201803182017407001522920   
20180318201740700152404    
20180318201740700154236    
20180318201740700154312    
20180318201740700154376    
201803182017407001544210   
20180318201740700160014    
201803182021233001150310   
20180318202123300115302    
20180318202123300116041    
20180318202123300130082    
20180318202123300132013    
20180318202123300150106    
201803182021233001501220   
20180318202123300152082    
20180318202123300152283    
201803182021233001522930   
201803182021233001524010   
20180318202123300152415    
20180318202123300153035    
20180318202123300153092    
201803182021233001541610   
201803182021233001542140   
201803182021233001542210   
20180318202123300154235    
201803182021233001544224   
20180318202123300154483    
201803182021233001545010   
20180318202123300160073    
20180318202123300160083    
20180318202123300172212    
201803182038417001131610   
20180318212519600114043    
20180318212519600115105    
20180318212519600115121    
20180318212519600115161    
20180318212519600115174    
20180318212519600115201    
20180318212519600115221    
20180318212519600115301    
20180318212519600115316    
20180318212519600116062    
20180318212519600116072    
20180318212519600130051    
20180318212519600132012    
20180318212519600132051    
20180318212519600150124    
20180318212519600150135    
20180318212519600152282    
20180318212519600153031    
20180318212519600153232    
20180318212519600154172    
20180318212519600154212    
20180318212519600154222    
20180318212519600154422    
201803182125196001544315   
20180318212519600171608    
20180318214412116116011    
20180318214412116116073    
20180318214412116113318    
20180318214732101717061    
20180318214732101717071    
20180318214732101717081    
201803182150104004120910   
20180318215010400412122    
20180318215010400414033    
20180318215010400416022    
20180318215010400416071    
20180318215122700313053    
201803182151227003133020   
20180318215122700314042    
20180318215122700350041    
20180318215122700350101    
20180318215122700351055    
20180318215122700353031    
20180318215122700353041    
20180318215122700360031    
20180318215200700354161    
20180319061800400213031    
201803190903091165100120   
20180319090309116512074    
20180319090309116513051    
20180319090309116514023    
20180319090309116514032    
20180319090309116514041    
20180319090309116514091    
201803190903091165150520   
201803190923531069100020   
20180319092353106913051    
20180319092353106913091    
201803190938231063100020   
20180319093823106312071    
20180319093823106312083    
20180319093823106313312    
20180319093823106314035    
20180319094758104313021    
20180319101204113613021    
20180319101521350013308    
201803191015213500133112   
20180319101521350014176    
20180319101521350052004    
201803191030011005100010   
20180319103001100514002    
20180319103001100514012    
20180319103001100514023    
20180319103001100514031    
20180319103001100515054    
20180319103001100554263    
201803191034051039100020   
20180319103405103913021    
20180319103405103913041    
20180319103405103913051    
20180319103818106713091    
20180319103818106716011    
20180319103818106716022    
20180319103818106716072    
201803191100001143100010   
201803191103357004121210   
20180319110335700413031    
20180319110335700413051    
20180319110335700414062    
20180319110335700414105    
20180319110335700416022    
20180319110335700430033    
20180319110335700431001    
20180319110335700451091    
20180319110335700452005    
201803191107501027100010   
20180319110750102713031    
201803191124561113100010   
20180319112456111313031    
20180319112456111313041    
20180319112456111313051    
20180319112456111313071    
20180319112456111314001    
20180319112456111314025    
20180319112456111314032    
20180319112456111314041    
20180319112456111314092    
20180319112456111314101    
20180319113633111812072    
20180319113633111814021    
20180319113633111814031    
20180319113633111814091    
20180319113936700451051    
20180319114105103918162    
201803191222031128100010   
20180319124024100213021    
201803191325381130100010   
20180319132538113012084    
20180319132538113012124    
20180319132538113013031    
20180319132538113014001    
20180319132538113014021    
20180319132538113014031    
201803191325381130150520   
20180319132538113015142    
20180319132538113017062    
20180319132538113051091    
20180319132538113054241    
20180319133522110313031    
20180319133522110314022    
20180319133522110314032    
20180319133522110315001    
20180319133522110315143    
20180319133522110316011    
20180319133954112513041    
20180319133954112513052    
201803191351521064100010   
20180319135152106413091    
20180319135152106413041    
20180319135217110012075    
20180319135217110016031    
20180319135335106717011    
