20180314104823320340001    
20180314104823320360331    
20180314104823320360462    
20180314114547600440011    
20180314114547600440021    
20180314114547600450291    
20180314114547600460601    
20180314122738150259991    
20180314122738150260091    
20180314122738150260111    
20180314122738150260381    
20180314123742360240031    
20180314123742360250151    
20180314123742360259991    
20180314123742360260351    
20180314123742360260411    
20180314123742360260601    
20180314123825360240001    
