20180628185916001011025    
20180628185916001017351    
20180628185916001011035    
20180628185916001017421    
201806282218492201110210   
20180628221849220111053    
20180628221849220113011    
20180628221849220117591    
20180628221849220117691    
201806282252230010110210   
20180628225223001011052    
20180628225223001011063    
201806282252230010110310   
201806282332350088110310   
20180628233235008817351    
20180628233235008817421    
20180628233440008819221    
201806282357170011110110   
20180628235717001113011    
20180628235717001112121    
20180628235717001112136    
20180628235808032211051    
20180628235808032211061    
20180628235808032212141    
20180628235808032213091    
20180629000226034311035    
201806290002260343110510   
20180629000226034311063    
20180629000226034315061    
201806290024130156110210   
20180629002413015611054    
20180629002413015611062    
20180629002413015617031    
20180629002413015617041    
20180629002413015621081    
20180629004336011519025    
201806290043360115110320   
20180629004336011517421    
20180629004336011517691    
20180629004336011519201    
20180629010112033111063    
20180629010112033113083    
20180629010112033115061    
20180629010112033117421    
201806290114310242110220   
20180629011431024211054    
20180629011431024213012    
201806290150420055110110   
20180629015042005511053    
20180629015042005511062    
20180629015042005513011    
201806290157320069110310   
20180629015732006911052    
20180629015732006918051    
201806290219150210110220   
20180629021915021013011    
20180629021915021017661    
20180629021915021017681    
201806290256290284110220   
20180629025629028411054    
20180629025629028411063    
20180629025629028413011    
20180629025629028417301    
20180629025629028417411    
20180629025629028417631    
201806290259100327110210   
20180629025910032711072    
20180629025910032713011    
20180629030021019019201    
20180629030021019017351    
201806290300210190110310   
20180629030021019012134    
201806290303040029110310   
20180629030304002913011    
201806290320010279110320   
20180629032001027911053    
20180629032001027913011    
20180629032001027918031    
20180629032001027918041    
20180629032001027915132    
20180629032001027915141    
20180629032001027915042    
201806290330100222110325   
20180629033010022213012    
20180629033010022211062    
20180629033010022221011    
20180629033010022213085    
201806290333530073110210   
201806290333530073121310   
20180629033353007313011    
20180629033353007317031    
20180629033910018118041    
20180629033910018111052    
20180629033910018118031    
20180629033910018114011    
20180629033910018118141    
201806290357260185110210   
20180629035726018511052    
20180629035726018511061    
20180629035726018513011    
20180629035726018516031    
