20180517121948807710261    
20180517121948807730022    
20180517121948807750021    
20180517121948807710522    
20180517121948807716121    
201805171219488077161520   
20180517121948807710551    
20180517121948807710631    
20180517121948807710642    
20180517121948807720103    
20180517121948807720111    
20180517121948807720122    
20180517121948807711011    
20180517130758814810013    
20180517130758814810056    
20180517130758814810121    
20180517130758814810262    
20180517130758814810301    
20180517130758814810371    
20180517130758814810391    
20180517130758814810541    
20180517130758814810741    
20180517130758814811011    
20180517130758814816121    
20180517130758814816159    
20180517130758814820032    
201805171307588148200611   
20180517130758814820072    
20180517130758814820103    
20180517130758814820111    
20180517130758814820121    
20180517130758814850011    
20180517142146810910013    
20180517142146810910055    
20180517142146810910121    
20180517142146810910302    
20180517142146810910312    
20180517142146810910541    
20180517142146810910691    
20180517142146810910742    
20180517142146810916121    
201805171421468109161515   
20180517142146810920065    
20180517142146810920071    
20180517142146810920103    
201805171427238138100115   
20180517142723813810031    
20180517142723813810057    
20180517142723813810311    
20180517142723813810371    
20180517142723813816122    
20180517142723813820031    
20180517142723813820041    
20180517142723813820064    
20180517142723813820071    
20180517142723813820103    
20180517142723813820131    
201805171501108141200610   
20180517150148806310013    
20180517150148806310053    
20180517150148806310091    
20180517150148806310261    
20180517150148806310301    
20180517150148806310744    
20180517150148806316121    
20180517150148806316159    
20180517150148806320032    
201805171501488063200610   
20180517150148806320072    
20180517150148806320103    
20180517150148806320111    
20180517150148806320121    
20180517150148806330011    
20180517150148806350111    
20180517151326810710015    
20180517151326810710031    
201805171513268107100517   
20180517151326810710263    
20180517151326810710301    
20180517151326810710522    
20180517151326810710642    
20180517151326810716122    
201805171513268107161525   
20180517151326810720032    
201805171513268107200617   
20180517151326810720074    
20180517151326810720081    
201805171513268107201010   
20180517151326810720111    
20180517151326810720121    
20180517151326810750022    
20180517151906812110011    
20180517151906812120063    
20180517151906812120071    
20180517151906812110301    
201805171519068121161510   
20180517151906812110541    
20180517151906812120103    
20180517151906812120111    
20180517152014812110121    
20180517152518808010013    
20180517152518808010031    
20180517152518808020031    
201805171525188080200612   
20180517152518808020072    
20180517152518808050031    
201805171525188080100523   
20180517152518808010522    
20180517152518808016121    
201805171525188080161518   
20180517152518808010541    
20180517152518808010611    
20180517152518808020105    
20180517152518808010743    
20180517153004813010019    
201805171530048130100518   
20180517153004813010071    
20180517153004813010121    
20180517153004813010262    
20180517153004813010302    
20180517153004813010311    
20180517153004813010371    
20180517153004813010391    
20180517153004813010523    
20180517153004813010541    
20180517153004813010641    
20180517153004813016122    
201805171530048130161532   
20180517153004813020037    
201805171530048130200626   
20180517153004813020075    
20180517153004813020081    
201805171530048130201012   
20180517153004813020113    
20180517153004813020125    
20180517153004813020139    
20180517153004813030051    
20180517153004813050041    
20180517153004813050061    
20180517153004813050091    
20180517153004813050101    
20180517153004813050181    
20180517153231810810011    
20180517153231810810059    
20180517153231810810262    
20180517153231810810301    
20180517153231810810311    
20180517153231810810371    
20180517153231810810401    
20180517153231810810521    
20180517153231810810541    
20180517153231810810642    
20180517153231810810681    
20180517153231810811011    
201805171532318108110220   
20180517153231810816121    
201805171532318108161515   
20180517153231810820031    
201805171532318108200612   
20180517153231810820072    
20180517153231810820081    
20180517153231810820103    
20180517153231810820111    
20180517153231810820121    
201805171546488002100114   
20180517154648800210021    
201805171546488002200612   
20180517154648800220073    
201805171546488002201010   
20180517154648800220033    
20180517154648800220112    
20180517154648800210071    
20180517154648800220082    
20180517154648800230051    
20180517154648800220124    
201805171546488002161511   
20180517154648800216121    
20180517155738811710013    
20180517155738811710056    
20180517155738811710301    
20180517155738811710371    
20180517155738811710522    
20180517155738811710641    
20180517155738811716155    
20180517155738811720065    
20180517155738811720103    
20180517161339811910016    
20180517161339811910031    
201805171613398119100514   
20180517161339811910261    
20180517161339811910311    
20180517161339811910371    
20180517161339811910391    
20180517161339811910521    
20180517161339811916121    
201805171613398119161520   
20180517161339811920032    
201805171613398119200617   
20180517161339811920074    
20180517161339811920081    
20180517161339811920106    
20180517161339811920112    
20180517161339811920121    
20180517161339811950021    
20180517161339811950101    
20180517161553810510011    
20180517161553810510054    
20180517161553810510741    
20180517161553810516121    
20180517161553810516158    
20180517161553810520031    
20180517161553810520067    
20180517161553810520071    
20180517161553810520102    
20180517161553810550031    
20180517161553810550101    
20180517162523815210019    
20180517162523815210021    
20180517162523815210264    
20180517162523815220032    
201805171625238152200616   
20180517162523815220073    
20180517162523815220081    
20180517162523815250021    
20180517162523815250091    
20180517162523815250101    
20180517162523815210056    
20180517162523815210391    
20180517162523815216121    
201805171625238152161516   
20180517162523815210542    
20180517162523815210611    
20180517162523815220106    
20180517162523815220113    
20180517163239816210012    
20180517163239816220034    
20180517163239816220064    
20180517163239816250114    
20180517163239816210055    
20180517163239816210302    
20180517163239816216154    
20180517163239816220105    
20180517163615816410012    
20180517163615816410262    
20180517163615816420032    
20180517163615816420064    
20180517163615816420081    
20180517163615816410053    
20180517163615816410302    
20180517163615816410392    
20180517163615816416153    
20180517163615816420104    
20180517163615816420112    
20180517163615816420122    
20180517163615816410742    
20180517163615816420133    
20180517164031811610071    
20180517164031811620033    
201805171640318116200618   
20180517164031811620081    
20180517164031811650021    
20180517164031811650091    
20180517164031811610057    
20180517164031811610374    
20180517164031811610392    
20180517164031811610521    
20180517164031811616122    
201805171640318116161515   
20180517164031811610551    
20180517164031811620105    
20180517164031811620112    
20180517164031811620122    
20180517164031811620134    
20180517164210807810013    
20180517164210807820032    
201805171642108078200617   
20180517164210807820072    
20180517164210807830021    
20180517164210807850021    
20180517164210807830011    
20180517164210807810056    
20180517164210807810303    
20180517164210807810372    
20180517164210807810392    
20180517164210807810401    
20180517164210807810521    
20180517164210807816121    
201805171642108078161515   
20180517164210807810621    
20180517164210807810641    
20180517164210807820103    
20180517164210807820111    
20180517164210807820121    
20180517164336810310012    
20180517164336810320032    
201805171643368103200610   
20180517164336810320074    
20180517164336810310059    
20180517164336810310311    
201805171643368103161515   
20180517164336810320103    
20180517164336810320111    
20180517164336810320121    
20180517164506810911011    
20180517164506810911027    
20180517165923816210442    
201805171701038055100112   
201805171701038055100520   
20180517170103805510071    
20180517170103805510391    
20180517170103805510522    
20180517170103805510551    
20180517170103805516122    
201805171701038055161530   
20180517170103805520036    
201805171701038055200632   
20180517170103805520075    
20180517170103805520081    
201805171701038055201012   
20180517170103805520124    
20180517170103805530011    
20180517170103805550011    
20180517170103805550021    
20180517170103805550031    
20180517170103805550091    
20180517170103805550101    
20180517170154810410015    
20180517170154810410031    
20180517170154810410054    
20180517170154810410301    
20180517170154810410541    
20180517170154810410681    
201805171701548104161515   
20180517170154810420031    
20180517170154810420068    
20180517170154810420071    
20180517170154810420108    
20180517170154810420122    
20180517170154810420131    
20180517170154810430013    
20180517170154810450091    
20180517170945801810014    
20180517170945801810691    
20180517170945801816122    
201805171709458018161522   
20180517170945801820033    
201805171709458018200622   
20180517170945801820081    
20180517170945801820107    
20180517170945801820121    
20180517171002815510012    
20180517171002815510031    
20180517171002815510121    
20180517171002815510262    
20180517171002815520067    
20180517171002815520072    
20180517171002815520081    
20180517171002815540082    
20180517171002815510055    
20180517171002815510301    
20180517171002815510371    
20180517171002815516157    
20180517171002815510542    
20180517171002815520105    
20180517171002815520133    
20180517171713814910014    
20180517171713814910021    
20180517171713814910031    
201805171717138149100510   
20180517171713814910261    
20180517171713814910301    
20180517171713814910311    
20180517171713814910371    
20180517171713814910391    
20180517171713814910742    
20180517171713814911011    
20180517171713814911025    
20180517171713814916121    
201805171717138149161510   
20180517171713814920033    
20180517171713814920065    
20180517171713814920104    
20180517171713814920122    
20180517171713814920133    
20180517172949813410012    
20180517172949813410031    
20180517172949813410071    
20180517172949813410631    
20180517172949813416156    
20180517172949813420066    
20180517172949813420072    
