20180323162825100211025    
20180323162825100211016    
20180323164120100911013    
20180323164120100911022    
20180323171159100711013    
20180323171159100711022    
201803231711591007111110   
20180323171452102611021    
20180323171452102611012    
20180323171452102612031    
20180323171534102711021    
20180323171534102711031    
20180323171534102711013    
20180323174424200611012    
20180323174424200611021    
20180323175500101211015    
20180323175500101211023    
20180323175500101211031    
20180323175500101211061    
20180323181116101911012    
20180323181116101911021    
20180323181139100311012    
20180323181139100311022    
20180323181139100311031    
201803231811391003111120   
20180323181139100311061    
20180323183053100411012    
20180323183053100411022    
20180323184114102411022    
20180323184114102411061    
20180323184114102411012    
201803231910131004111110   
20180323191947102011011    
20180323191947102011021    
20180323192107102711061    
