201803272227360040001115   
20180327222736004000293    
20180327222736004000585    
20180327222736004001111    
20180327222736004006013    
20180327234429008400112    
20180327234429008400581    
20180327234429008401062    
20180327234429008406015    
201803280052120051000410   
201803280052120051060110   
201803280052120051007515   
201803280100330901006315   
20180328010033090100711    
20180328010033090101072    
20180328010033090101112    
201803280100330901031715   
20180328010033090106014    
201803280101241354001120   
20180328010124135402181    
20180328010423040000353    
201803280104230400005830   
20180328010423040000711    
201803280104230400010615   
20180328010423040001112    
20180328014705063001065    
201803280147050630000420   
20180328014705063001111    
20180328023229135800761    
201803280232291358031710   
201803280315330815000230   
20180328035026001800143    
20180328035026001806011    
20180328035026001800114    
201803280703100080000450   
20180328070310008000921    
20180328070310008001112    
20180328070345008800115    
20180328070345008800761    
20180328070414008100295    
20180328070414008100585    
20180328070414008101065    
20180328070414008101111    
201803280704510024000415   
20180328070451002401111    
20180328070451002406015    
20180328070504002400861    
20180328070623003501111    
20180328070623003503165    
201803280707071401007940   
201803280707071401008010   
20180328070739008500921    
201803280707390085012615   
20180328070739008501531    
201803280707390085015515   
201803280707390085031915   
201803280707590016007950   
201803280707590016008010   
20180328070759001601253    
201803280708211353000410   
20180328070821135300143    
20180328070821135301111    
20180328070821135306013    
