20180702164126102611022    
20180702164126102611013    
20180702164126102611132    
20180702165340100211025    
20180702165340100211031    
20180702165340100211015    
20180702171214100911012    
20180702171214100911021    
20180702171214100911131    
201807021712141009111110   
20180702171518100411012    
20180702171518100411021    
20180702180430102011011    
20180702180430102011021    
20180702183941101211013    
20180702183941101211022    
20180702183941101211061    
20180702183941101212031    
20180702183941101211051    
20180702183941101213111    
20180702183941101212011    
20180702184426102511011    
20180702184426102511021    
20180702191947102411022    
20180702191947102411061    
20180702191947102411012    
20180702193155102711022    
20180702193155102711014    
20180702193155102712031    
20180702194214100511011    
20180702194214100511021    
20180702194214100511051    
