20180317033644104014191    
20180317033644104016031    
20180317033644104016141    
20180317033644104017031    
20180317033644104023633    
20180317033644104023722    
20180317033644104089354    
20180317044428109314141    
20180317044428109314181    
20180317044428109316011    
20180317044428109316141    
20180317044428109323771    
20180317044428109326562    
20180317044428109362375    
20180317044428109389121    
20180317044428109389358    
20180317044428109389461    
20180317044428109390022    
20180317044428109390042    
