20180423102202204410011    
20180423102202204410021    
20180423102202204410042    
20180423102202204410071    
20180423102202204410135    
20180423102202204410184    
20180423102202204410203    
20180423102202204410222    
20180423102202204410262    
20180423102202204420001    
20180423102202204440003    
20180423102202204440013    
20180423102202204440022    
20180423102202204440053    
20180423102202204441032    
20180423102202204441042    
20180423102202204450011    
20180423102202204477791    
20180423102202204477801    
20180423142821100810031    
20180423142821100810131    
20180423142821100810201    
20180423142821100810222    
20180423142821100810261    
20180423142821100820021    
20180423142821100820051    
20180423142821100820081    
20180423142821100840015    
20180423142821100840021    
20180423142821100841033    
20180423142821100841041    
20180423145422202810011    
20180423145422202810021    
20180423145422202810041    
20180423145422202810132    
201804231454222028101810   
20180423145422202810222    
20180423145422202810262    
20180423145422202820001    
201804231454222028310320   
20180423145422202841032    
20180423165602204310021    
201804231656022043100320   
20180423165602204310041    
20180423165602204310183    
20180423165602204340012    
20180423165602204341071    
20180423165602204360082    
20180423182906104610011    
201804231829061046100320   
20180423182906104610041    
20180423182906104610091    
20180423182906104610101    
201804231829061046101810   
20180423182906104610191    
20180423182906104610202    
20180423182906104610222    
20180423182906104620001    
20180423182906104630121    
20180423182906104640052    
20180423182906104640191    
20180423182906104641031    
20180423182906104641041    
20180423184426203410011    
20180423184426203410024    
20180423184426203410031    
20180423184426203410041    
20180423184426203410061    
20180423184426203410072    
20180423184426203410133    
20180423184426203410161    
20180423184426203410202    
20180423184426203410262    
20180423184426203420001    
20180423184426203431031    
20180423184426203440001    
20180423184426203440013    
20180423184426203440021    
20180423184426203440031    
20180423184426203440121    
20180423184426203440191    
20180423184426203441034    
20180423184426203441071    
20180423184426203460082    
20180423184426203461036    
20180423184426203477791    
20180423184516203440051    
20180423184559205010011    
201804231845592050100320   
20180423184559205010041    
20180423184559205010185    
20180423184559205010202    
201804231845592050310320   
20180423184559205040051    
20180423184559205040151    
20180423184559205041031    
20180423184559205041041    
20180423184559205077791    
20180423184559205077801    
20180423185558204710022    
201804231855582047100340   
20180423185558204710041    
20180423185558204710133    
20180423185558204710185    
20180423185558204710223    
20180423185558204720101    
20180423185558204740051    
20180423185558204740191    
20180423185558204741032    
20180423185558204741041    
20180423185558204777791    
20180423191240202810081    
20180423191240202810163    
20180423194000204810043    
20180423194000204810081    
20180423194000204810135    
20180423194000204810161    
20180423194000204810182    
20180423194000204810202    
20180423194000204810222    
20180423194000204810262    
20180423194000204820001    
20180423194000204840051    
20180423194000204841032    
20180423194000204841042    
20180423194000204877792    
20180423194000204877802    
20180423211432204610021    
201804232114322046100320   
20180423211432204610132    
20180423211432204620072    
20180423211432204630071    
20180423211432204631031    
20180423211432204640012    
20180423211432204641032    
20180423211432204677801    
201804232134392014100320   
20180423213439201410042    
20180423213439201410051    
20180423213439201410061    
20180423213439201410103    
20180423213439201410132    
20180423213439201410185    
20180423213439201410202    
20180423213439201410223    
20180423213439201420073    
20180423213439201440013    
20180423213439201440101    
20180423213439201441035    
20180423213439201441041    
20180423213439201441061    
20180423213439201460091    
20180423220901203810021    
201804232209012038100320   
20180423220901203810041    
20180423220901203810061    
20180423220901203810202    
20180423220901203810221    
20180423220901203830121    
20180423220901203831031    
20180423220901203840012    
20180423220901203840021    
20180423220901203840093    
20180423220901203841031    
20180423220901203877791    
20180423224515101310011    
20180423224515101310021    
20180423224515101320062    
20180423224515101320071    
20180423224515101320001    
20180423224515101310202    
20180423224515101340056    
20180423224515101341036    
20180423224515101341041    
20180423224515101340031    
20180423224515101310042    
20180423224515101310032    
20180423224515101310061    
20180423224515101310142    
20180423224515101310224    
20180423224515101310188    
20180423224515101310262    
20180423224515101310138    
20180423224515101340151    
20180423224515101340071    
