201801010010262227200140   
20180101001026222720081    
20180101001026222720071    
20180101001026222720653    
201801011826372034200180   
20180101182637203420053    
20180101182637203420062    
20180101182637203420311    
201801011918352105200160   
20180101191835210520061    
20180101191835210520071    
20180101191835210520321    
20180101191835210520901    
20180101191835210520083    
201801011936082061200120   
20180101193608206120061    
20180101193608206120071    
20180101193608206120081    
20180101193608206120161    
20180101193608206120655    
20180101193608206120931    
20180101193608206121041    
20180101193608206121051    
201801012048042124200160   
20180101204804212420071    
20180101204804212420653    
201801012145042115200140   
20180101214504211520061    
20180101214504211520081    
20180101214504211520321    
201801012145042115206510   
201801012205301018200290   
20180101220530101820056    
20180101220530101820061    
20180101220530101820072    
201801012207292069200120   
20180101220729206920061    
20180101220729206920321    
20180101220729206920657    
2018010122335813812001120  
20180101223358138120062    
20180101223358138120083    
20180101223358138120301    
20180101223358138120072    
201801012233581381206515   
201801012315471022200140   
20180101231547102220061    
20180101231547102220072    
20180101231547102220083    
20180101231547102220322    
20180101231547102220658    
20180101231547102221041    
2018010123335822302001100  
20180101233358223020061    
20180101233358223020071    
201801012333582230206510   
20180101233358223021041    
201801012335572091200140   
20180101233557209120071    
20180101233557209120655    
201801012336572026200140   
20180101233657202620061    
20180101233657202620321    
2018010123555520292001100  
20180101235555202920062    
20180101235555202920081    
20180101235555202920251    
20180101235555202920321    
201801020001102094200180   
20180102000110209420061    
20180102000110209420072    
20180102000110209420161    
20180102000110209420321    
20180102000110209420658    
20180102000110209420931    
201801020001341477200160   
20180102000134147720653    
201801020011352043200160   
20180102001135204320061    
20180102001135204320311    
201801020011352043206510   
20180102001135204320911    
201801020017242027200160   
20180102001724202720061    
20180102001724202720311    
20180102001724202720541    
20180102001724202720655    
2018010200572620322001100  
20180102005726203220061    
20180102005726203220072    
20180102005726203220081    
20180102005726203220301    
20180102005726203220551    
20180102005726203220655    
20180102005726203220921    
201801020211192229200160   
201801020258431367200180   
20180102025843136720061    
20180102025843136720071    
20180102025843136721121    
20180102025843136720321    
20180102025843136720301    
