20180220163017600010011    
20180220163017600010022    
201802201630176000100350   
20180220163017600010043    
20180220163017600010138    
20180220163017600010185    
20180220163017600010204    
20180220163017600010222    
20180220163017600010265    
20180220163017600030061    
201802201630176000310320   
20180220163017600040052    
20180220163017600041038    
20180220163017600041041    
20180220163017600060082    
20180220163017600061035    
20180220173312100110021    
20180220173312100110031    
20180220173312100110041    
20180220173312100110051    
20180220173312100110081    
20180220173312100110091    
20180220173312100110132    
20180220173312100110188    
20180220173312100110202    
20180220173312100110223    
20180220173312100110266    
20180220173312100120021    
20180220173312100140031    
20180220173312100140052    
20180220173312100140122    
20180220173312100140191    
20180220173312100141031    
20180220173312100141041    
20180220173312100141051    
20180220183434102010021    
20180220183434102010031    
20180220183434102010041    
20180220183434102010061    
20180220183434102010075    
20180220183434102010081    
20180220183434102010105    
20180220183434102010134    
20180220183434102010185    
20180220183434102010224    
20180220183434102040151    
20180220183434102041034    
20180220183434102041041    
20180220192612202510011    
20180220192612202510131    
20180220192612202510221    
201802201926122025310320   
20180220192612202540051    
20180220192612202541031    
20180220192612202541041    
20180220193244204010021    
20180220193244204010031    
20180220193244204010132    
20180220193244204010162    
20180220193244204010201    
20180220193244204010261    
20180220193244204020061    
20180220193244204031031    
20180220193244204040051    
20180220193244204040191    
20180220193244204041033    
20180220193244204041041    
20180220194812103410011    
20180220194812103410135    
20180220194812103430121    
20180220194812103431031    
20180220194812103440191    
20180220194812103441034    
20180220203828103210011    
20180220203828103210022    
201802202038281032100325   
20180220203828103210041    
20180220203828103210091    
20180220203828103210136    
20180220203828103210203    
20180220203828103210226    
20180220203828103220074    
201802202038281032400116   
20180220203828103240026    
20180220203828103240151    
20180220203828103241038    
20180220205032104010021    
201802202050321040100320   
20180220205032104010042    
20180220205032104010101    
20180220205032104010201    
20180220205032104010222    
20180220205032104010261    
20180220205032104040001    
20180220205032104040012    
20180220205032104040021    
20180220205032104041033    
20180220205032104041041    
20180220211431103310042    
20180220211431103310072    
20180220211431103310136    
20180220211431103320061    
20180220211431103330061    
20180220211431103340014    
20180220211431103340022    
20180220211431103340052    
20180220211431103340151    
20180220211431103310032    
20180220211431103310203    
20180220211431103341033    
20180220211431103341042    
201802202114311033310320   
20180220211431103310183    
20180220211431103310223    
20180220211431103310261    
20180220221725104110021    
20180220221725104110041    
20180220221725104110061    
20180220221725104110165    
20180220221725104110203    
20180220221725104110222    
20180220221725104110262    
20180220221725104130045    
20180220221725104130121    
20180220221725104140031    
20180220221725104140071    
20180220221725104140191    
20180220221725104141032    
20180220221725104141041    
20180220230015203710011    
20180220230015203710021    
20180220230015203710041    
20180220230015203710132    
20180220230015203740015    
20180220230015203740031    
20180220230015203740151    
20180220230015203710201    
20180220230015203741033    
20180220230015203741071    
20180221004406204510011    
20180221004406204510021    
201802210044062045100330   
20180221004406204510042    
20180221004406204510102    
20180221004406204510134    
20180221004406204510203    
20180221004406204510223    
20180221004406204510263    
20180221004406204530121    
201802210044062045310320   
20180221004406204540191    
20180221004406204541034    
20180221004406204541041    
20180221004406204550031    
20180221004406204577791    
