201802272125110231110210   
20180227212511023111053    
20180227212511023111064    
201802280001150343110210   
20180228000115034311055    
20180228000115034317214    
20180228000115034315061    
20180228000115034311251    
20180228001310008815013    
20180228001310008813011    
201802280013100088110110   
20180228002409220111053    
20180228002409220117131    
20180228002409220117301    
20180228002409220117351    
20180228002409220117632    
201802280029300011110110   
20180228002930001113011    
20180228002930001113085    
20180228002930001112121    
20180228002930001112136    
201802280032470329110210   
20180228003247032922061    
201802280053160156110215   
20180228005316015613011    
20180228005316015611053    
20180228005316015611063    
20180228005316015617031    
20180228005316015617351    
20180228005316015615045    
201802280056500284110210   
20180228005650028411052    
20180228005650028413011    
20180228005650028415123    
201802280057500071110210   
20180228005750007111055    
20180228005750007111062    
20180228005750007113011    
201802280100320279110310   
201802280104160065110110   
20180228011046019011065    
201802280110460190110310   
201802280122250242110210   
20180228012225024211053    
20180228012225024211065    
20180228012225024213012    
20180228012225024221101    
20180228012225024222041    
20180228012225024211251    
201802280130080069110210   
201802280130080069110310   
20180228013008006911052    
20180228013008006917351    
20180228013008006917421    
201802280136370115110310   
20180228014026004111054    
201802280142280055110120   
20180228014228005511052    
20180228014228005513012    
20180228014228005517682    
201802280151070150110120   
20180228015107015011052    
20180228015107015011063    
201802280152120087110210   
20180228015212008711051    
20180228015212008717351    
201802280152120087110310   
201802280250190327110210   
201802280250190327110310   
20180228025019032711052    
20180228025019032713011    
20180228025019032717351    
20180228025019032717421    
20180228025019032721141    
20180228025019032722031    
201802280251590320110210   
20180228025159032013011    
20180228025159032017031    
20180228025159032017291    
20180228025159032017421    
20180228025159032017451    
20180228025159032021071    
20180228025651018111063    
20180228025651018113012    
20180228025651018118011    
201802280305190322110220   
20180228030519032211053    
20180228030519032211063    
20180228030519032211162    
20180228030519032212132    
20180228030519032212143    
20180228030519032213011    
20180228030519032221061    
201802280325000116110120   
20180228032500011615061    
201802280328340073110210   
20180228032834007319022    
20180228032834007321021    
20180228033434022211025    
20180228033434022211035    
20180228033434022211063    
20180228033434022213011    
201802280354480185110210   
20180228035448018511052    
20180228035448018511061    
20180228035448018513011    
20180228035448018512136    
20180228035448018512142    
20180228035448018512121    
20180228035448018515061    
20180228035448018517031    
20180228035448018516042    
