20180607113523201411011    
20180607113523201411021    
20180607113523201411031    
20180607113523201411051    
20180607113523201412032    
20180607161310200111019    
20180607161310200111026    
20180607161310200111042    
20180607161310200111061    
20180607161310200111132    
20180607161310200112031    
20180607161310200112061    
20180607161310200113083    
20180607170912300511021    
20180607170912300511012    
20180607172334202211012    
20180607172334202211021    
20180607172334202211041    
20180607172502302411012    
20180607172502302411022    
20180607172728201211012    
20180607172728201211021    
20180607172728201212031    
20180607180938301511021    
20180607180938301511061    
20180607180938301511012    
20180607180938301511141    
20180607180938301512061    
20180607180938301512071    
20180607181033302611021    
20180607181033302611061    
20180607181033302611013    
20180607182227200411012    
20180607182227200411022    
20180607182418302011013    
20180607182418302011022    
20180607191724301411012    
20180607191724301411022    
20180607192810200511021    
20180607192810200511012    
20180607192945201011013    
20180607192945201011022    
20180607194933200311023    
20180607194933200311014    
20180607195129200811012    
20180607195129200811022    
