201801232325387002500110   
20180123232538700250032    
20180123232538700250042    
20180123232538700250052    
20180123232538700250061    
20180123232538700250071    
20180123232538700250133    
20180123232538700250221    
20180123232538700250411    
20180123232538700251052    
20180123232538700250811    
20180124000601107230015    
20180124000601107230031    
20180124000601107231641    
201801240028387053500115   
20180124002838705350041    
20180124002838705350051    
20180124002838705350133    
20180124002838705350221    
20180124002838705350411    
20180124002838705351271    
201801240155561030316010   
201801240155561030316220   
20180124015556103031034    
20180124015556103030801    
201801240158351030316010   
201801240158351030316220   
20180124015835103031034    
20180124015835103030801    
