20180119123200100510021    
20180119123200100510031    
20180119123200100510131    
20180119123200100510184    
20180119123200100510223    
20180119123200100510262    
20180119123200100520001    
20180119123200100520081    
20180119123200100540002    
20180119123200100540014    
20180119123200100540022    
20180119123200100540031    
20180119123200100540052    
20180119123200100540151    
20180119123200100541033    
20180119123200100541041    
20180119174113203410022    
20180119174113203410041    
20180119174113203410132    
20180119174113203410185    
20180119174113203410201    
20180119174113203410221    
20180119174113203410262    
20180119174113203420062    
20180119174113203440002    
20180119174113203440014    
20180119174113203440022    
20180119174113203440031    
20180119174113203440053    
20180119174113203441033    
20180119174113203441041    
20180119174113203441051    
20180119174113203441071    
201801191741132034610310   
20180119174113203461045    
20180119174253203440122    
20180119174506101310011    
20180119174506101310022    
20180119174506101310032    
20180119174506101310042    
20180119174506101310051    
20180119174506101310072    
20180119174506101310091    
20180119174506101310102    
201801191745061013101312   
20180119174506101310142    
20180119174506101310163    
20180119174506101310188    
20180119174506101310203    
20180119174506101310226    
20180119174506101310262    
20180119174506101320001    
201801191745061013300410   
20180119174506101340031    
20180119174506101340057    
20180119174506101340152    
20180119174506101341035    
20180119174506101341041    
20180119174506101377791    
20180119174913204310022    
201801191749132043100320   
20180119174913204310042    
20180119174913204310081    
20180119174913204310091    
20180119174913204310105    
20180119174913204310131    
201801191749132043101811   
20180119174913204310191    
20180119174913204310202    
20180119174913204310225    
20180119174913204310261    
201801191749132043300410   
201801191749132043310310   
20180119174913204340014    
20180119174913204340022    
20180119174913204341033    
20180119174913204341041    
20180119175655203910011    
20180119175655203910022    
20180119175655203910203    
20180119175655203931031    
20180119175655203940053    
20180119175655203940122    
20180119175655203941033    
20180119175655203978031    
20180119175655203978041    
20180119175655203978051    
20180119181357202810011    
20180119181357202810051    
20180119181357202810062    
20180119181357202810081    
20180119181357202810165    
201801191813572028101816   
20180119181357202810202    
20180119181357202810223    
20180119181357202820002    
20180119181357202820062    
201801191813572028310317   
20180119181357202841034    
20180119181357202841041    
20180119184152203810011    
20180119184152203810022    
201801191841522038100340   
20180119184152203810042    
20180119184152203810061    
20180119184152203810081    
20180119184152203810132    
20180119184152203810163    
201801191841522038101810   
20180119184152203810191    
20180119184152203810202    
20180119184152203810224    
20180119184152203810262    
20180119184152203820001    
20180119184152203840015    
20180119184152203841034    
20180119184152203841042    
20180119184152203877791    
20180119204254203810184    
20180119204254203810201    
20180119204254203840011    
20180119204254203840031    
20180119205132204340191    
20180119214227103310061    
20180119214227103310137    
20180119214227103320062    
20180119214227103330041    
20180119214227103340053    
20180119214227103320001    
20180119214227103310203    
201801192142271033310320   
20180119214227103310186    
20180119214227103310225    
20180119214227103310263    
20180119214227103310165    
20180119214227103341051    
20180119214227103341061    
20180119214227103341071    
20180119214308204610021    
201801192143082046100320   
20180119214308204610042    
20180119214308204610132    
20180119214308204610203    
20180119214308204610262    
20180119214308204620072    
201801192143082046310320   
20180119214308204640013    
20180119214308204640021    
20180119214308204640031    
20180119214308204640052    
20180119214308204640191    
20180119214308204641033    
20180119214308204641041    
20180119214810201410021    
201801192148102014100340   
20180119214810201410041    
20180119214810201410061    
20180119214810201410081    
20180119214810201410103    
20180119214810201410163    
20180119214810201410183    
20180119214810201410202    
20180119214810201410223    
20180119214810201420073    
20180119214810201420082    
201801192148102014310320   
20180119214810201440015    
20180119214810201440021    
20180119214810201440031    
20180119214810201440191    
20180119214810201441035    
20180119214810201441041    
20180119214810201450012    
20180119214810201460082    
20180119214810201461035    
20180119214810201461045    
20180119223248103210021    
201801192232481032100325   
20180119223248103210136    
20180119223248103210202    
20180119223248103210223    
20180119223248103220071    
201801192232481032400110   
20180119223248103240022    
20180119223248103240031    
20180119223248103241036    
20180119223248103250011    
