201806080005110730001110   
20180608000511073000143    
20180608000511073000711    
20180608000511073001071    
201806080012060901006320   
20180608001206090101072    
20180608001206090101112    
201806080012060901031740   
20180608001206090106013    
20180608002026122306015    
20180608002026122300143    
201806080029540040001110   
20180608002954004000585    
20180608002954004001111    
201806080041090636000210   
201806080041090636006210   
20180608004109063600861    
20180608004109063606019    
20180608010109040000353    
201806080101090400005860   
20180608010109040000711    
20180608010109040000741    
201806080101090400010620   
20180608010109040001112    
20180608010109040006221    
20180608010109040006241    
20180608010330008400131    
20180608010330008400141    
20180608010330008400411    
201806080103300084008812   
20180608010330008403162    
201806080108020051000415   
20180608010802005100921    
20180608010802005101071    
20180608010802005102181    
20180608011052135800355    
201806080110521358031715   
20180608015430063001065    
201806080154300630000415   
20180608015430063000761    
20180608015430063001112    
20180608015430063000102    
20180608015430063000621    
201806080202250815000220   
20180608033256001800041    
20180608033256001800142    
20180608033256001800931    
20180608033256001806011    
201806080332560018001110   
20180608062007135000711    
201806080620071350010610   
201806080704380080000470   
201806080705052002005820   
20180608070505200200712    
20180608070505200201067    
20180608070505200201111    
20180608070620009500443    
201806080706200095008820   
20180608070620009501111    
20180608070620009501191    
201806080706200095031615   
201806080706200095060110   
201806080706390809000210   
20180608070639080901111    
20180608070639080906012    
20180608070655008800115    
20180608070710008801111    
201806080707500024000410   
20180608070750002401111    
20180608070750002401311    
20180608070750002406017    
20180608070750002406222    
20180608070750002406241    
20180608070828008700305    
201806080708280087031515   
20180608070848003503165    
201806080710190081005825   
20180608071019008100931    
20180608071019008101112    
20180608071019008101311    
201806080711070085008820   
201806080711070085012630   
201806080711070085015530   
201806080711241401007960   
201806080711241401008020   
201806080712020016007960   
201806080712020016008020   
20180608071202001601253    
20180608071227009401111    
201806080712270094031610   
201806080712441353000410   
20180608071244135300142    
20180608071244135306012    
