20180224130620023000032    
20180224130620023000042    
20180224130620023000105    
20180224130620023005122    
20180224130620023080014    
20180224130620023080024    
20180224130620023000071    
20180224130620023000401    
20180224130620023005021    
20180224130620023040525    
20180224130620023005041    
20180224130620023000201    
201802241314530248001013   
20180224131453024800037    
20180224131453024800046    
20180224131453024800571    
20180224131453024800083    
20180224131453024800063    
20180224131453024800072    
20180224131453024802041    
20180224131453024805222    
20180224131453024803002    
20180224131453024800401    
20180224131453024805041    
20180224131453024805144    
201802241314530248051515   
20180224131453024805161    
201802241457510248007510   
20180224151659027800072    
20180224151659027800211    
20180224151659027800201    
20180224151659027805042    
20180224151659027805161    
20180224151659027805131    
20180224151659027805075    
20180224153008009500104    
20180224153008009500033    
20180224153008009500043    
20180224153008009500072    
20180224153008009500062    
20180225063900022100104    
20180225063900022100032    
20180225063900022100042    
20180225063900022100072    
20180225063900022102041    
20180225063900022100281    
20180225091658007600031    
20180225091658007600041    
20180225091658007600102    
20180225091658007602041    
20180225091658007605041    
20180225092549027900103    
20180225092549027900032    
20180225092549027900041    
20180225092549027900071    
20180225092549027900201    
20180225092549027900211    
20180225092549027900221    
20180225092549027905221    
20180225092549027902041    
20180225092549027940525    
20180225092549027940535    
20180225092549027980014    
20180225092549027905021    
20180225092549027905042    
20180225092549027905031    
20180225092549027905121    
20180225092549027905152    
20180225092549027905162    
20180225092549027940131    
20180225092549027905011    
20180225095046013100102    
20180225095046013100031    
20180225095046013100041    
20180225095046013100071    
20180225095046013100202    
20180225095046013100213    
20180225095046013100441    
201802250950460131405520   
20180225095046013105022    
20180225095046013105043    
20180225095046013105152    
20180225095046013105175    
20180225095046013140172    
20180225095046013100731    
20180225095046013105211    
20180225095342802500031    
20180225095342802500041    
20180225095342802500102    
20180225095342802505021    
20180225095342802505042    
20180225095342802505121    
20180225095342802505141    
20180225095342802580013    
20180225095937018900032    
20180225095937018900211    
20180225095937018900441    
20180225095937018900721    
20180225095937018900751    
20180225095937018900101    
20180225095937018905042    
20180225095937018905122    
20180225095937018905162    
20180225095937018940112    
20180225095937018905202    
20180225095937018980014    
20180225095937018980031    
20180225095937018900072    
20180225095937018902041    
20180225101618801400032    
20180225101618801400042    
20180225101618801400201    
20180225101618801400221    
20180225101618801400571    
20180225101618801400104    
20180225101618801405021    
20180225101618801405031    
20180225101618801405042    
20180225101618801405123    
20180225101618801405151    
20180225101618801405172    
20180225101618801405201    
20180225101618801440211    
20180225101618801480016    
20180225101618801480022    
20180225101618801480031    
20180225101618801400061    
20180225102436019300103    
20180225102436019300032    
20180225102436019300041    
20180225102436019300571    
20180225102436019300061    
20180225102436019300073    
20180225102436019300201    
20180225102436019300212    
20180225102436019302041    
20180225102436019380101    
20180225102436019305231    
20180225102436019303001    
20180225102436019305021    
20180225102436019305032    
20180225102436019305042    
20180225102436019305151    
20180225102436019305162    
20180225102436019340112    
20180225103558026600101    
20180225103558026600031    
20180225103558026600071    
20180225103558026600211    
20180225103558026602041    
20180225103558026640201    
20180225103558026680012    
20180225103558026605021    
20180225103558026605031    
20180225103558026605041    
20180225103558026605141    
20180225103558026605151    
20180225103558026605161    
20180225103558026605202    
20180225104337801300035    
20180225104337801300043    
20180225104337801300206    
20180225104337801300216    
20180225104337801300571    
20180225104337801300108    
20180225104337801305171    
20180225104337801380021    
20180225104337801302046    
20180225104649025702041    
20180225104649025705161    
20180225104649025780021    
20180225104649025700031    
20180225104649025700101    
20180225104649025700571    
20180225104649025705031    
20180225105130803300102    
20180225105130803300031    
20180225105130803300041    
20180225105130803300072    
20180225105130803300281    
20180225105130803340211    
20180225105130803380014    
20180225105130803380041    
20180225105622804000032    
20180225105622804000042    
20180225105622804000061    
20180225105622804000075    
20180225105622804000106    
20180225105622804005022    
20180225105622804005033    
20180225105622804005042    
20180225105622804005221    
20180225105622804040534    
20180225110854802000103    
20180225110854802000032    
20180225110854802000042    
20180225110854802000072    
20180225110854802005231    
20180225110854802080014    
20180225110854802080021    
20180225110854802005023    
20180225110854802005032    
20180225110854802005042    
20180225110854802005121    
20180225110854802005151    
20180225114045801900202    
20180225114045801900221    
20180225114045801900591    
20180225114045801900731    
20180225114045801900081    
20180225114045801905033    
20180225114045801905044    
20180225114045801905122    
20180225114045801900061    
20180225114045801902043    
20180225114906803800031    
20180225114906803800041    
20180225114906803800201    
20180225114906803800211    
20180225114906803800102    
20180225114906803800072    
20180225114906803840391    
20180225114906803802042    
20180225121206025500101    
20180225121206025500031    
20180225121206025580012    
20180225121317029200041    
20180225121317029200101    
20180225121317029200211    
20180225121317029205021    
20180225121317029205042    
20180225121317029240551    
20180225122258016100081    
20180225122258016100072    
20180225122258016100201    
20180225122258016100211    
20180225122258016100281    
20180225122258016102041    
20180225122258016180022    
20180225122258016105042    
20180225122258016105123    
20180225122258016105143    
20180225122258016105173    
20180225123726029300032    
20180225123726029300041    
20180225123726029300072    
20180225123726029300103    
20180225123726029300211    
20180225123726029300581    
20180225123726029300751    
20180225123726029305041    
20180225123726029305141    
20180225123726029305151    
20180225123726029305161    
20180225123726029305231    
20180225123726029380012    
20180225123726029380021    
20180225124412801800031    
20180225124412801800041    
20180225124412801800251    
20180225124412801800751    
20180225124412801800102    
20180225124412801805031    
20180225124412801805041    
20180225124412801805121    
20180225124412801840535    
20180225124412801880014    
20180225124412801880022    
20180225124412801800072    
20180225124412801840391    
20180225130601801600033    
20180225130601801600043    
20180225130601801600201    
20180225130601801600211    
20180225130601801600221    
20180225130601801600401    
20180225130601801600581    
20180225130601801600106    
20180225130601801605011    
20180225130601801605021    
20180225130601801605032    
20180225130601801605041    
20180225130601801605122    
20180225130601801605162    
20180225130601801640121    
20180225130601801640171    
20180225130601801640525    
201802251306018016405310   
20180225130601801680015    
20180225130601801680021    
20180225130601801600071    
20180225130601801602041    
20180225130601801605221    
20180225130858028100035    
20180225130858028100044    
20180225130858028100221    
20180225130858028100401    
20180225130858028100571    
20180225130858028100109    
20180225130858028100081    
20180225130858028100771    
20180225130858028105122    
20180225130858028140171    
20180225130858028105202    
20180225130858028100063    
20180225130858028100079    
20180225130858028102042    
20180225130858028105231    
20180225130858028103001    
20180225131519028100035    
20180225131519028100044    
20180225131519028100221    
20180225131519028100571    
20180225131519028100109    
20180225131519028100081    
20180225131519028100771    
20180225131519028105011    
20180225131519028105202    
20180225131519028100063    
20180225131519028100076    
20180225131519028102042    
20180225131519028105231    
20180225131519028103001    
20180225131712020700102    
20180225131712020700031    
20180225131712020700041    
20180225131712020705031    
20180225131712020780021    
20180225131712020705123    
20180225132412004880041    
20180225132412004805044    
20180225132412004800301    
20180225132412004840112    
20180225132412004805021    
20180225132412004800101    
20180225132412004800031    
20180225132412004805152    
20180225132412004800071    
20180225132713025800033    
20180225132713025800042    
20180225132713025800571    
20180225132713025800105    
201802251327130258050710   
20180225132713025840525    
20180225132713025800062    
20180225132713025800074    
20180225132713025840391    
20180225133814600500213    
20180225133814600500221    
20180225133814600500401    
20180225133814600500571    
20180225133814600500631    
20180225133814600500721    
20180225133814600500301    
20180225133814600500281    
20180225133814600505022    
20180225133814600505033    
20180225133814600505043    
20180225133814600540021    
20180225133814600540131    
20180225133814600540171    
20180225133814600540214    
20180225133814600540221    
201802251338146005405530   
20180225133814600580012    
20180225133814600500063    
201802251338146005000712   
20180225133814600540392    
201802251338146005990118   
201802251338146005990212   
20180225133814600502043    
20180225133825803900032    
20180225133825803900042    
20180225133825803900202    
20180225133825803900221    
20180225133825803900104    
20180225133825803900073    
20180225133825803902042    
20180225134612028300031    
20180225134612028300211    
20180225134612028300721    
20180225134612028300102    
20180225134612028300771    
20180225134612028300281    
20180225134612028305021    
20180225134612028305041    
20180225134612028305172    
20180225134612028340021    
20180225134612028340171    
20180225134612028305201    
20180225134612028340555    
20180225134612028380012    
20180225134612028300061    
20180225134612028300072    
20180225134612028302041    
20180225135111802100031    
20180225135111802100042    
20180225135111802100721    
20180225135111802100102    
20180225135111802105032    
20180225135111802105042    
20180225135111802105121    
20180225135111802105161    
20180225135111802140111    
20180225135111802105201    
20180225135111802102041    
20180225135641028100202    
20180225135641028100231    
20180225135641028140171    
20180225135755006300102    
20180225135755006300033    
20180225135755006300041    
20180225135755006300571    
20180225135755006300081    
20180225135755006300063    
20180225135755006300211    
20180225135755006300221    
20180225135755006300721    
20180225135755006300751    
20180225135755006300581    
20180225135755006300451    
201802251357550063405310   
20180225135755006340221    
20180225135755006340212    
201802251357550063405520   
20180225135755006380014    
20180225135755006380022    
20180225135755006305232    
20180225135755006303001    
20180225135755006305021    
20180225135755006305041    
20180225135755006305152    
20180225135755006340113    
20180225135755006340141    
20180225135814023200105    
20180225135814023200033    
20180225135814023200041    
20180225135814023200571    
20180225135814023200061    
20180225135814023200074    
20180225135814023280018    
20180225135814023280032    
20180225135814023205032    
20180225135814023205042    
20180225135814023205124    
20180225135814023205164    
20180225135814023205174    
201802251358140232051510   
20180225135902028305211    
20180225140128012500101    
20180225140128012500031    
20180225140128012505031    
20180225140128012505121    
20180225140129014400034    
20180225140129014400043    
20180225140129014400211    
20180225140129014400571    
20180225140129014400108    
20180225140129014405031    
20180225140129014400072    
20180225140449028600031    
20180225140449028600041    
20180225140449028600072    
20180225140449028600101    
20180225140449028600211    
20180225140449028600281    
20180225140449028600581    
20180225140449028602041    
20180225140449028605043    
20180225140449028605122    
20180225140449028605202    
20180225140449028640211    
20180225140449028640535    
20180225140449028680014    
20180225140531801500033    
20180225140531801500043    
20180225140531801500201    
20180225140531801500211    
20180225140531801500571    
20180225140531801500581    
20180225140531801500107    
20180225140531801500771    
20180225140531801505021    
20180225140531801505034    
20180225140531801505043    
20180225140531801505122    
20180225140531801505141    
20180225140531801505158    
20180225140531801505163    
20180225140531801505202    
201802251405318015405210   
201802251405318015405310   
20180225140531801580017    
20180225140531801580022    
20180225140531801500061    
20180225140531801500072    
20180225140531801502041    
20180225140531801505221    
20180225140756017805123    
20180225140756017800581    
20180225140756017800591    
20180225140756017840528    
20180225140756017840534    
20180225140756017899016    
20180225140756017899026    
20180225140756017800072    
20180225140756017800061    
20180225140756017800221    
20180225140756017800202    
20180225140756017800301    
20180225140756017800281    
20180225140756017800212    
20180225140756017805021    
20180225140756017805164    
20180225140756017800721    
20180225140756017800771    
20180225140756017802041    
20180225141531003200032    
20180225141531003200041    
20180225141531003200103    
20180225141531003205152    
20180225141814008900032    
20180225141814008900041    
20180225141814008900103    
20180225141814008900062    
20180225141814008900073    
20180225141814008900081    
20180225141814008900211    
20180225141814008900221    
20180225141814008905022    
20180225141814008905032    
20180225141814008905043    
20180225141814008905152    
20180225141814008905174    
20180225141814008980031    
20180225141814008940112    
20180225142103007900072    
20180225142103007905011    
20180225142103007905021    
20180225142103007905032    
20180225142103007905151    
20180225142338019800036    
20180225142338019800044    
201802251423380198001010   
20180225142338019800451    
20180225142338019800731    
20180225142338019800062    
20180225142950004100032    
20180225142950004100042    
20180225142950004100104    
20180225142950004105231    
20180225143345020100102    
20180225143345020100031    
20180225143345020100041    
20180225143345020100061    
20180225143345020105231    
20180225143345020102041    
20180225143345020100451    
20180225143345020105042    
20180225143345020105121    
20180225143416006703001    
20180225143416006700071    
20180225143416006705171    
20180225143416006702041    
20180225143416006740021    
20180225143416006740525    
20180225143416006740535    
20180225143416006780012    
20180225143416006780022    
20180225144007025100061    
20180225144007025100073    
20180225144007025100202    
20180225144007025100211    
20180225144007025140522    
20180225144007025140535    
20180225144007025180016    
20180225144007025180031    
20180225144007025105021    
20180225144007025105032    
20180225144007025140021    
20180225144007025140011    
20180225144007025140171    
20180225144007025140391    
20180225144049025105121    
20180225144106010700581    
20180225144106010700731    
20180225144106010700035    
20180225144106010700043    
20180225144106010700108    
20180225144106010700073    
20180225144106010700571    
20180225144106010700062    
20180225144106010700451    
20180225144703026100041    
20180225144703026100101    
20180225144703026105041    
20180225144703026180012    
20180225144854780100073    
20180225144854780100571    
20180225144854780100581    
20180225144854780100721    
20180225144854780102041    
20180225144854780105022    
20180225144854780105033    
20180225144854780105042    
20180225144854780105123    
20180225144854780105142    
20180225144854780105155    
20180225144854780105172    
20180225144854780140121    
20180225144854780140391    
20180225144854780140525    
201802251448547801405310   
201802251448547801990110   
201802251448547801990210   
20180225144857802300104    
20180225144857802300032    
20180225144857802300042    
20180225144857802300062    
20180225144857802300072    
20180225144857802300201    
20180225144857802300211    
20180225144857802300221    
20180225144857802300231    
20180225144857802302042    
20180225144857802300581    
20180225144857802300591    
20180225144857802380014    
20180225144857802380022    
20180225144857802380031    
20180225144857802305122    
20180225144857802305153    
20180225144857802305163    
20180225144857802305202    
20180225144857802340112    
20180225144857802340122    
20180225144857802340391    
20180225144857802305046    
20180225144857802305022    
20180225144942799805172    
20180225145113800000076    
20180225145113800000211    
20180225145113800000283    
20180225145113800000771    
20180225145113800005172    
20180225145113800099013    
20180225145113800099023    
20180225145150016900101    
20180225145150016900031    
20180225145150016940535    
20180225145150016940201    
20180225145150016940555    
20180225145207800000033    
20180225145207800000042    
20180225145207800000105    
20180225145207800000574    
20180225145336780200032    
20180225145336780200042    
20180225145336780200104    
20180225145336780200215    
20180225145336780200301    
201802251453367802050210   
201802251453367802051510   
20180225145546780900203    
20180225145546780900213    
20180225145546780902043    
20180225145546780905043    
20180225145546780905173    
20180225145546780940133    
20180225145546780940172    
201802251455467809405330   
201802251455467809990116   
20180225145546780999026    
20180225145622022900101    
20180225145622022940525    
20180225145622022905042    
20180225145702780600081    
20180225145702780605023    
20180225145702780605155    
201802251457027806405215   
201802251457027806405330   
20180225145702780699016    
20180225145803780700034    
20180225145803780700042    
20180225145803780700106    
20180225145803780705122    
20180225145803780705172    
20180225145803780799016    
20180225145803780799026    
20180225145858780000032    
20180225145858780000041    
201802251458587800000612   
20180225145858780000103    
20180225145858780000202    
20180225145858780002042    
20180225145858780005121    
20180225145858780005152    
20180225145858780005172    
20180225145939022399016    
20180225145939022399026    
20180225145939022302041    
20180225145939022340021    
20180225145939022300211    
20180225145939022305032    
20180225145939022305042    
20180225145939022305021    
20180225150432015600033    
20180225150432015600042    
20180225150432015600202    
20180225150432015600211    
20180225150432015600301    
20180225150432015600107    
20180225150432015600771    
20180225150432015605022    
20180225150432015605032    
20180225150432015605043    
20180225150432015605141    
20180225150432015605204    
20180225150432015640533    
20180225150432015640558    
20180225150432015600073    
20180225150432015602041    
20180225150432015603001    
20180225150521020002041    
20180225150521020005021    
20180225150521020005042    
20180225150521020005123    
20180225150521020005162    
20180225150533005700031    
20180225150533005700101    
20180225150533005705121    
20180225150533005780011    
20180225150533005780021    
20180225150533005700071    
20180225150533005702041    
20180225150533005705031    
20180225150533005740521    
20180225150533005740531    
20180225150601027100062    
20180225150601027100281    
20180225150601027105156    
20180225150851006600032    
20180225150851006600042    
20180225150851006600103    
20180225151041028700032    
20180225151041028700041    
20180225151041028700211    
20180225151041028700581    
20180225151041028700103    
20180225151041028700281    
20180225151041028705075    
20180225151041028705121    
20180225151041028705131    
20180225151041028740121    
20180225151041028740171    
20180225151041028740525    
201802251510410287405310   
20180225151041028780014    
20180225151041028705211    
20180225151041028740392    
20180225151041028702041    
20180225151104002000104    
20180225151104002000032    
20180225151104002000042    
20180225151104002000072    
20180225151104002000201    
20180225151104002080022    
20180225151104002080012    
20180225151222028700401    
20180225151222028705033    
20180225151222028705042    
20180225151238801700034    
20180225151238801700044    
20180225151238801700202    
20180225151238801700211    
20180225151238801700721    
20180225151238801700751    
20180225151238801700301    
20180225151238801700107    
20180225151238801705022    
20180225151238801705033    
20180225151238801705042    
20180225151238801705124    
20180225151238801705143    
20180225151238801705153    
20180225151238801705163    
20180225151238801740112    
20180225151238801740131    
20180225151238801705204    
20180225151238801780018    
20180225151238801780023    
20180225151238801700062    
20180225151238801700071    
20180225151238801702041    
20180225151238801703001    
20180225151506009800061    
20180225151506009800301    
20180225151506009805221    
20180225151506009840211    
20180225151506009840535    
20180225151506009840553    
20180225151506009899016    
201802251515060098990212   
201802251515070157850014   
20180225151507015700034    
20180225151507015700043    
20180225151507015700081    
20180225151507015700202    
20180225151507015740211    
201802251515070157405510   
20180225151507015780014    
20180225151507015780024    
20180225151507015705021    
20180225151507015705042    
20180225151507015740021    
20180225151512002700031    
20180225151512002700041    
20180225151512002700102    
20180225151607027600032    
20180225151607027600041    
20180225151607027600231    
20180225151607027600103    
20180225151607027640525    
20180225151607027680024    
20180225151607027600061    
20180225151703802400031    
20180225151703802400201    
20180225151703802400571    
20180225151703802400301    
20180225151703802400101    
20180225151703802405022    
20180225151703802405032    
20180225151703802405042    
20180225151703802405152    
20180225151703802480024    
20180225151703802400072    
20180225151703802440391    
20180225151703802402041    
20180225151703802405231    
20180225151703802403002    
20180225151919028300041    
20180225151919028300101    
20180225151919028305031    
20180225152920013000104    
20180225152920013000033    
20180225152920013000041    
20180225152920013000571    
20180225153208023905231    
20180225153208023900571    
20180225153208023999016    
20180225153208023999026    
20180225153208023900441    
20180225153208023905011    
20180225153208023905042    
20180225153219006200103    
20180225153219006200032    
20180225153219006200041    
20180225153219006205231    
20180225153305022700571    
20180225153305022705141    
20180225153305022740523    
20180225153406008700032    
20180225153406008700041    
20180225153406008700201    
20180225153406008700211    
20180225153406008700301    
20180225153406008700103    
20180225153406008705041    
20180225153406008740141    
20180225153406008700072    
20180225153451024600101    
20180225153451024600031    
20180225153451024600571    
20180225153451024600081    
20180225153451024600061    
20180225153451024600231    
20180225153451024605031    
20180225153451024605122    
20180225153451024605171    
20180225153557026900101    
20180225153557026900031    
20180225153557026900041    
20180225153557026900071    
20180225153557026900201    
20180225153557026900211    
20180225153557026902041    
20180225153557026980014    
20180225153557026980022    
20180225153727003300032    
20180225153727003300042    
20180225153727003300071    
20180225153727003300104    
20180225153727003300211    
20180225153727003300221    
20180225153727003300631    
20180225153727003300721    
20180225153727003305021    
20180225153727003305032    
20180225153727003340391    
20180225153727003340535    
20180225153727003380012    
20180225153727003380023    
20180225153848013300102    
20180225153848013300031    
20180225153848013300041    
20180225153848013300073    
20180225153942008200032    
20180225153942008200571    
20180225153942008200101    
20180225153942008205042    
20180225153942008240211    
20180225153942008240221    
20180225153942008200071    
20180225154016001100106    
20180225154016001100033    
20180225154016001100043    
20180225154016001100062    
20180225154016001102041    
20180225154016001105232    
20180225154016001105041    
20180225154016001100771    
20180225154016001140535    
20180225154016001100731    
20180225154109007740525    
20180225154109007705176    
20180225154109007700213    
20180225154109007705034    
20180225154109007700062    
20180225154109007700034    
20180225154109007700044    
201802251541090077001010   
20180225154109007700074    
20180225154109007780041    
20180225154109007780022    
20180225154109007780016    
20180225154155025500071    
201802251543230093990136   
201802251543230093990224   
20180225154323009300088    
20180225154323009300076    
20180225154323009305234    
20180225154323009303002    
20180225154323009300754    
20180225154323009305026    
20180225154323009300214    
201802251543230093050420   
201802251543230093405520   
20180225154323009300206    
201802251543230093800124   
20180225154442029400031    
20180225154442029400041    
20180225154442029400063    
20180225154442029400101    
20180225154442029400211    
20180225154442029400221    
20180225154442029400281    
20180225154442029400581    
20180225154442029405031    
20180225154442029405142    
20180225154442029405151    
20180225154442029405161    
20180225154442029405221    
20180225154442029440211    
20180225154442029440527    
20180225154442029440535    
20180225154442029480016    
20180225154442029480022    
20180225154454009399016    
20180225154454009399026    
20180225154524022400102    
20180225154524022400031    
20180225154524022400041    
20180225154524022400081    
20180225154524022405011    
20180225154524022405022    
20180225154524022405042    
20180225154524022405152    
20180225154619009300076    
20180225154710011405045    
20180225154710011405033    
20180225154710011405141    
20180225154710011400031    
20180225154710011400041    
20180225154710011400102    
20180225154710011400071    
20180225154710011400571    
201802251549258042000760   
20180225154925804200404    
20180225154925804200451    
2018022515492580429901120  
2018022515492580429902120  
20180225155209800200066    
20180225155209800200076    
201802251552098002002812   
20180225155209800200401    
20180225155209800200632    
201802251552098002007512   
201802251552098002050324   
201802251552098002050410   
20180225155209800205213    
20180225155209800240014    
20180225155209800240145    
201802251552098002800120   
20180225155209800280024    
201802251552098002990132   
201802251552098002990218   
201802251553496002990112   
201802251553496002050410   
201802251553496002402110   
201802251553496002051530   
20180225155621500200571    
20180225155621500205031    
20180225155621500205041    
20180225155621500205143    
201802251556215002051510   
20180225155621500240212    
201802251556215002405210   
201802251556215002405310   
20180225155621500240555    
20180225155621500280014    
20180225155621500280041    
20180225155621500200073    
20180225155621500280052    
20180225155621500280072    
20180225155621500280096    
20180225155621500280106    
20180225155650500200031    
20180225155650500200041    
20180225155650500200102    
20180225155822015900103    
20180225155822015900031    
20180225155822015900041    
20180225155822015905122    
20180225155951803380021    
20180225155951803340522    
