20180330185645395910022    
20180330185645395910271    
20180330185645395910423    
20180330185645395910471    
20180330185645395910492    
20180330185645395910511    
20180330185645395910583    
20180330185645395910741    
20180330185645395911141    
20180330185645395925091    
20180330185645395911274    
20180330185645395911333    
20180330185645395911341    
20180330185645395911401    
20180330185645395911611    
20180330185645395911641    
20180330185645395911791    
20180330185645395911861    
20180330185645395911991    
20180330185645395911301    
20180330185645395923008    
20180330185645395920231    
20180330185645395925072    
20180330185645395910328    
20180330195255395911652    
