20180325153233101910025    
201803251532331019110210   
20180325153233101911045    
20180325153233101912011    
20180325153233101915043    
20180325153233101917021    
20180325153233101918013    
20180326001725102010013    
20180326001725102010025    
20180326001725102011011    
201803260017251020110210   
201803260017251020120210   
201803260017251020130110   
20180326001725102015012    
20180326001725102015022    
20180326084217102810015    
201803260842171028100215   
20180326084217102810081    
20180326084217102811012    
201803260842171028110220   
201803260842171028110420   
201803260842171028120110   
201803260842171028130120   
20180326084217102815035    
20180326084217102815053    
20180326084217102817012    
20180326084217102817021    
20180326084217102818013    
20180326084217102830031    
20180326110127101610013    
201803261101271016100215   
20180326110127101610031    
20180326110127101610042    
20180326110127101611025    
20180326110127101611045    
20180326110127101612031    
20180326110127101613018    
20180326110127101615014    
20180326110127101617013    
20180326110127101617021    
20180326110127101630022    
20180326110618103010012    
20180326110618103010023    
20180326110618103010031    
20180326110618103011022    
20180326110618103011042    
20180326110618103011051    
20180326110618103012011    
20180326110618103012024    
20180326110618103013014    
20180326110618103013021    
20180326110618103015021    
20180326110618103015031    
20180326110618103015041    
20180326111529100910028    
20180326111529100911042    
20180326111529100912024    
20180326111529100913015    
20180326111529100913021    
20180326111529100916011    
20180326112936100810028    
20180326112936100810031    
20180326112936100810041    
20180326112936100810101    
20180326112936100811023    
20180326112936100811031    
20180326112936100811042    
20180326112936100813015    
20180326112936100813022    
20180326114219102710025    
20180326114219102711023    
20180326114219102711042    
20180326114219102711072    
20180326114219102712013    
20180326114219102712023    
20180326114219102713013    
20180326114219102713021    
20180326114219102715021    
20180326114219102718012    
20180326115645102610025    
20180326115645102610041    
20180326115645102611022    
20180326115645102611031    
20180326115645102611042    
20180326115645102612024    
20180326115645102613014    
20180326115645102613021    
20180326115645102615041    
20180326115645102618011    
20180326115645102620021    
20180326115859100710022    
20180326115859100711071    
20180326115859100713011    
20180326120208101010011    
20180326120208101010026    
20180326120208101011021    
20180326120208101011051    
20180326120208101012024    
20180326120208101013012    
20180326120208101013021    
20180326120208101018011    
20180326120208101020051    
20180326122831100210023    
20180326122831100210041    
20180326122831100212022    
20180326122831100213021    
20180326122831100214011    
20180326123154101810016    
201803261231541018100220   
20180326123154101811027    
20180326123154101811045    
201803261231541018130112   
20180326123154101814011    
20180326123154101815032    
20180326123154101816021    
20180326123154101817011    
20180326123154101818012    
20180326123154101818031    
20180326123154101820043    
20180326124040102410012    
201803261240401024100210   
20180326124040102411011    
20180326124040102411021    
20180326124040102411031    
20180326124040102412011    
20180326124040102413016    
20180326124040102415041    
20180326124040102416031    
20180326124040102417021    
20180326124040102420111    
20180326124116102411042    
20180326130059100110013    
201803261300591001100210   
20180326130059100110041    
20180326130059100113014    
20180326130059100113022    
20180326130059100115011    
20180326130059100130031    
201803261301201017100210   
201803261301201017110210   
20180326130120101711051    
20180326130120101711061    
201803261301201017130120   
20180326130120101713023    
20180326131940100910022    
20180326131940100912022    
20180326134001103010012    
20180326134001103010023    
20180326134001103010031    
20180326134001103011022    
20180326134001103011042    
20180326134001103011051    
20180326134001103012011    
20180326134001103012024    
20180326134001103013014    
20180326134001103013021    
20180326134001103015021    
20180326134001103015031    
20180326134001103015041    
20180326134001103017011    
20180326134001103017021    
20180326134001103018011    
20180326134001103020101    
