201805012249377002500110   
20180501224937700250041    
20180501224937700250051    
20180501224937700250072    
20180501224937700250623    
20180501224937700250221    
20180501224937700250411    
20180501225113700250111    
201805012355017053500112   
20180501235501705350041    
20180501235501705350061    
20180501235501705350133    
20180501235501705350221    
20180501235501705350241    
20180501235501705350521    
20180501235501705351201    
20180502001610103130018    
20180502001610103131211    
20180502002140703251181    
20180502002140703250223    
20180502002140703251271    
20180502002140703250111    
20180502002140703250071    
20180502002140703250741    
20180502002140703250475    
20180502002140703251061    
20180502002140703250683    
20180502002140703250042    
20180502002140703250052    
201805020021407032500130   
20180502020139107230451    
20180502020139107230031    
20180502020139107231212    
20180502020139107230041    
20180502020139107230015    
201805020246291030316015   
201805020246291030316220   
20180502024629103030031    
20180502024629103031541    
20180502024629103031571    
20180502024629103030872    
20180502024629103030641    
