20180517150114700012181    
20180517150114700012191    
20180517150114700012201    
20180517150114700013031    
20180517150114700013054    
201805171501147000133012   
20180517150114700014102    
20180517150114700016051    
20180517172343800713022    
20180517205208300114125    
20180517205208300115035    
201805172052083001151710   
20180517205208300117071    
20180517205208300151121    
20180517205208300152282    
20180517205208300152415    
20180517205208300153091    
201805172052083001541710   
201805172052083001542140   
20180517205208300154235    
20180517205208300154386    
201805172052083001544224   
201805172052083001600110   
201805172052083001753112   
201805172103401128100110   
20180517210340112814025    
20180517210340112814031    
20180517210340112814041    
20180517210340112815054    
20180517210340112815141    
20180517211624400413051    
20180517211819600113101    
20180517211819600114046    
20180517211819600114211    
20180517211819600115122    
20180517211819600115162    
20180517211819600115174    
20180517211819600115201    
20180517211819600115317    
20180517211819600116062    
20180517211819600132051    
20180517211819600150123    
201805172118196001501310   
20180517211819600152282    
20180517211819600153231    
20180517211819600154173    
20180517211819600154215    
20180517211819600154222    
20180517211819600154291    
20180517211819600154383    
20180517211819600154422    
201805172118196001544324   
20180517211819600160011    
201805172118196001716010   
20180517212434112813091    
20180517214739101712073    
201805172147391017120810   
20180517214739101712124    
20180517214739101713072    
20180517214739101713091    
20180517214739101714032    
20180517215955110813071    
20180517215955110813081    
20180517215955110815001    
20180517215955110815055    
20180517215955110815071    
20180518064802100115031    
20180518064802100154331    
20180518064802100180037    
20180518064802100180184    
20180518064802100180239    
20180518064802100180244    
20180518064802100180252    
20180518064802100180261    
20180518064802100180272    
20180518064802100180432    
20180518064802100180445    
20180518065106100115035    
20180518065106100180038    
20180518065106100180184    
20180518065106100180236    
20180518065106100180245    
20180518065106100180272    
20180518065106100180432    
20180518065106100180446    
20180518084817700130052    
20180518084817700152302    
20180518091429700150104    
20180518091429700154165    
201805180922191069110020   
20180518092420106913051    
201805180935031165100120   
201805180935031165111220   
20180518093503116512073    
20180518093503116513021    
20180518093503116513041    
20180518093503116513072    
201805180939431043100010   
201805180939431043110010   
20180518093943104313021    
201805180941091141110010   
201805180941091141111110   
20180518094823103113025    
20180518094823103113031    
20180518094823103113091    
20180518094823103114092    
201805180948231031542620   
20180518095702117113031    
201805181020401100100120   
201805181020401100110120   
201805181020401100111210   
201805181020401100120710   
20180518102040110013021    
20180518102040110013073    
20180518102040110014028    
20180518102040110014034    
20180518102040110015143    
20180518102040110016031    
20180518102232115910005    
201805181022321159110010   
20180518102232115911115    
20180518102232115912072    
20180518102232115914022    
20180518102232115915054    
201805181022581039100030   
201805181022581039110020   
201805181022581039111110   
201805181022581039120940   
20180518102258103913043    
20180518102258103913052    
201805181026257004120920   
20180518102625700413052    
20180518102625700414012    
20180518102625700414103    
20180518102625700430033    
20180518102625700451091    
20180518102625700454263    
20180518102843117413041    
20180518102843117413051    
20180518103431350013031    
20180518103431350013305    
20180518103431350013315    
20180518103431350013325    
20180518103431350014011    
20180518103431350014175    
20180518103431350015121    
20180518103431350015161    
20180518103431350032051    
20180518103431350052005    
20180518103543350113031    
201805181035433501133010   
201805181035433501133210   
20180518103543350114176    
20180518103543350114181    
20180518103543350152005    
20180518104143350112181    
20180518104143350112191    
20180518104143350112201    
201805181101461027100010   
201805181101461027110020   
201805181101461027111110   
20180518110506103713022    
201805181105061037140010   
20180518110506103715071    
201805181109114004111110   
20180518111004103913021    
20180518111004103918162    
20180518111236111812071    
20180518111236111814031    
20180518111236111814091    
201805181112361118150512   
201805181113351005100020   
201805181113351005111110   
20180518111335100513041    
20180518111335100513091    
201805181118161053100010   
201805181118161053110010   
201805181120441031120010   
201805181158231063100020   
201805181158231063110030   
201805181158231063111130   
20180518121123106312072    
20180518121123106313312    
20180518121123106314033    
20180518121123106315011    
201805181216511063150510   
20180518125021100212073    
20180518125021100214011    
20180518125021100214022    
20180518125021100215062    
20180518125021100215082    
20180518125021100215092    
20180518125021100215142    
20180518125021100213091    
20180518125021100254251    
20180518131044112514011    
20180518131044112514025    
20180518131044112514021    
20180518131044112514101    
20180518132156110313021    
20180518132156110313042    
20180518132156110313052    
20180518133012111813041    
201805181344481130100010   
201805181344481130110010   
201805181344481130111110   
20180518134448113012084    
20180518134448113012124    
20180518134448113013021    
20180518134448113013051    
20180518134448113014001    
20180518134448113014021    
20180518134448113014041    
20180518134448113014061    
201805181344481130150510   
20180518134448113015142    
20180518134448113016031    
20180518134448113017062    
20180518134448113054264    
201805181346421071110010   
201805181346421071111110   
20180518134642107112063    
20180518134642107113021    
20180518134642107113091    
20180518135114400413021    
20180518135537117613071    
20180518135537117614024    
20180518135537117614041    
20180518135537117614061    
20180518135537117614101    
201805181358521113100010   
20180518135852111312062    
20180518135852111313051    
20180518135852111313081    
20180518135852111314032    
20180518135852111314091    
