20180401112701063001065    
201804011127010630000410   
20180401112701063001111    
20180401112701063000101    
20180401112701063000741    
201804011308010084001110   
20180401130801008400131    
20180401130801008400141    
20180401130801008400582    
20180401130801008401061    
20180401130801008406015    
201804011410240815000220   
201804011410240815060110   
201804012316300040001115   
201804012316300040005810   
20180401231630004001071    
20180401231630004001112    
20180401231630004001141    
20180401231630004006013    
201804012328300901006320   
20180401232830090100701    
20180401232830090100711    
20180401232830090101111    
201804012328300901031720   
201804012349550636000210   
20180401234955063600931    
20180401234955063601381    
20180401234955063606014    
201804020001070051007515   
20180402003030040000141    
20180402003030040000353    
201804020030300400005860   
20180402003030040000712    
20180402003030040000981    
201804020030300400010610   
20180402003030040001113    
20180402003030040002181    
201804020035471354001130   
20180402003547135401111    
20180402003547135402181    
20180402003547135400295    
201804020114200744000210   
20180402024029135000047    
20180402024029135000711    
201804020240291350010610   
20180402024029135001111    
20180402035803001800041    
20180402035803001800143    
20180402035803001800351    
20180402035803001800117    
20180402035803001800701    
20180402065710200200142    
201804020657102002005815   
20180402065710200200712    
20180402065710200201071    
201804020657490080000420   
20180402065749008001094    
20180402065809080900921    
20180402065809080901111    
20180402065809080906013    
20180402065831008800115    
201804020658570087031510   
20180402065857008703181    
20180402065959009500931    
20180402065959009501041    
20180402065959009501061    
20180402065959009501071    
20180402065959009501111    
201804020659590095031610   
20180402065959009503181    
20180402065959009506011    
201804020701160085012615   
20180402070116008501532    
201804020701160085015530   
201804020701160085031920   
20180402070138140100774    
201804020701381401007940   
20180402070138140100805    
20180402070138140103184    
20180402070159135300143    
20180402070159135301111    
20180402070159135306013    
201804020702140024000410   
20180402070214002406221    
20180402070214002406241    
20180402070530009401111    
201804020705300094031620   
