20180322135412100810021    
20180322135412100810041    
20180322135412100810091    
20180322135412100810131    
20180322135412100810188    
20180322135412100810203    
20180322135412100810222    
20180322135412100810261    
20180322135412100820001    
20180322135412100820012    
20180322135412100820021    
20180322135412100840002    
20180322135412100840018    
20180322135412100840023    
20180322135412100841034    
20180322135412100840151    
20180322170515102010022    
20180322170515102010032    
20180322170515102010041    
20180322170515102010105    
20180322170515102010185    
20180322170515102010202    
20180322170515102010224    
20180322170515102010262    
20180322170515102020002    
20180322170515102020062    
20180322170515102020091    
20180322170515102031031    
20180322170515102040031    
20180322170515102040051    
20180322170515102040124    
20180322170515102040151    
20180322170515102040191    
20180322170515102041034    
20180322170515102041041    
20180322175412103410021    
201803221754121034100340   
20180322175412103410042    
20180322175412103410138    
20180322175412103410182    
20180322175412103410204    
20180322175412103410224    
20180322175412103410262    
20180322175412103420001    
20180322175412103440151    
20180322175412103440191    
20180322175412103441033    
20180322181938100110011    
20180322181938100110021    
20180322181938100110032    
20180322181938100110041    
20180322181938100110133    
20180322181938100110188    
20180322181938100110202    
20180322181938100110224    
20180322181938100110266    
20180322181938100120001    
20180322181938100120011    
20180322181938100120082    
20180322181938100140053    
20180322181938100140122    
201803221819381001401610   
20180322181938100141037    
20180322181938100141051    
20180322181938100141071    
20180322181938100150031    
20180322181938100160083    
20180322181938100161021    
20180322181938100161036    
20180322181938100161045    
201803222010531020101810   
20180322201053102041041    
20180322201735202510021    
201803222017352025100320   
20180322201735202510061    
20180322201735202510072    
20180322201735202510102    
20180322201735202510132    
20180322201735202510162    
20180322201735202510185    
20180322201735202510191    
20180322201735202510202    
20180322201735202510224    
20180322201735202510261    
20180322201735202520001    
20180322201735202520062    
201803222017352025310320   
20180322201735202540051    
20180322201735202541036    
20180322201735202541041    
20180322201735202541051    
20180322201735202541071    
20180322201735202550011    
20180322202532204410011    
20180322202532204410021    
20180322202532204410042    
20180322202532204410081    
20180322202532204410134    
20180322202532204410161    
20180322202532204410184    
20180322202532204410203    
20180322202532204410223    
20180322202532204410261    
20180322202532204420001    
201803222025322044310320   
20180322202532204440002    
20180322202532204440014    
20180322202532204440021    
20180322202532204440052    
20180322202532204440191    
20180322202532204441033    
20180322202532204441042    
20180322202532204441051    
20180322202532204441071    
20180322202532204450011    
20180322202532204450031    
20180322202532204477791    
20180322202532204477801    
20180322204317204010011    
20180322204317204010023    
20180322204317204010031    
20180322204317204010051    
20180322204317204010133    
20180322204317204010182    
20180322204317204010201    
20180322204317204010221    
20180322204317204010262    
20180322204317204040031    
20180322204317204040099    
20180322204317204040151    
20180322204317204041032    
20180322204317204041041    
20180322204317204050011    
20180322204722104010011    
20180322204722104010021    
201803222047221040100330   
20180322204722104010043    
20180322204722104010051    
201803222047221040101310   
20180322204722104010181    
20180322204722104010203    
20180322204722104010224    
20180322204722104010262    
20180322204722104040003    
20180322204722104040014    
20180322204722104040022    
20180322204722104040031    
20180322204722104040051    
20180322204722104040152    
20180322204722104040164    
20180322204722104041034    
20180322204722104041051    
20180322204722104041061    
20180322204722104050011    
20180322204722104050092    
20180322204722104077791    
20180322204953204810011    
20180322204953204810043    
20180322204953204810051    
20180322204953204810135    
20180322204953204810201    
20180322204953204810222    
20180322204953204810261    
20180322204953204820001    
20180322204953204840051    
20180322204953204841033    
20180322204953204841041    
20180322204953204877792    
20180322204953204877801    
20180322204953204877811    
20180322211846103310042    
20180322211846103310051    
20180322211846103310061    
20180322211846103310072    
20180322211846103310081    
20180322211846103310091    
20180322211846103310102    
20180322211846103310137    
20180322211846103320062    
20180322211846103320081    
20180322211846103330041    
20180322211846103330061    
20180322211846103330071    
20180322211846103340055    
20180322211846103340111    
20180322211846103340151    
20180322211846103320001    
20180322211846103310204    
20180322211846103341036    
20180322211846103341042    
20180322211846103310187    
20180322211846103310191    
20180322211846103310224    
20180322211846103310264    
20180322211846103310165    
201803222122331046100320   
20180322212233104610041    
20180322212233104610051    
20180322212233104610081    
20180322212233104610102    
20180322212233104610132    
20180322212233104610165    
20180322212233104610186    
20180322212233104610202    
20180322212233104610221    
20180322212233104620001    
20180322212233104630121    
20180322212233104640031    
20180322212233104640051    
20180322212233104640061    
20180322212233104640151    
20180322212233104640191    
20180322212233104641032    
20180322212233104641042    
20180322212233104678061    
20180322212233104678121    
20180322213251104110011    
201803222132511041100320   
20180322213251104110042    
20180322213251104110051    
20180322213251104110081    
20180322213251104110091    
20180322213251104110134    
20180322213251104110162    
20180322213251104110181    
20180322213251104110203    
20180322213251104110223    
20180322213251104110263    
20180322213251104120001    
20180322213251104120061    
20180322213251104130121    
201803222132511041310310   
20180322213251104140031    
20180322213251104140061    
20180322213251104140191    
20180322213251104141035    
20180322213251104141042    
20180322221527203710011    
20180322221527203710022    
20180322221527203710042    
20180322221527203710102    
20180322221527203710137    
20180322221527203720061    
20180322221527203720071    
20180322221527203730061    
20180322221527203740016    
20180322221527203740051    
20180322221527203740151    
20180322221527203710032    
20180322221527203720001    
20180322221527203710203    
20180322221527203741035    
20180322221527203741042    
20180322221527203710188    
20180322221527203710226    
20180322221527203710162    
20180322221527203741051    
20180322221527203741061    
20180322221527203741071    
20180323015504204510023    
201803230155042045100320   
20180323015504204510042    
20180323015504204510091    
20180323015504204510135    
20180323015504204510202    
20180323015504204510223    
20180323015504204510262    
20180323015504204520001    
20180323015504204540151    
20180323015504204541035    
20180323015504204541041    
