20180201131407028600031    
20180201131407028600041    
20180201131407028600072    
20180201131407028600102    
20180201131407028605021    
20180201131407028605152    
20180201131407028605162    
20180201131407028640171    
20180201132541028200105    
20180201132541028200034    
20180201132541028200043    
20180201132541028200076    
20180201132541028200201    
20180201132541028202042    
20180201132541028200401    
20180201132541028240201    
20180201132541028280024    
20180201132541028205022    
20180201132541028205042    
20180201132541028205123    
20180201132541028240392    
20180201132926023000451    
20180201132926023000031    
20180201132926023000041    
20180201132926023000103    
20180201132926023080014    
20180201132926023000071    
20180201132926023000571    
20180201132926023005021    
20180201132926023005152    
20180201132926023005172    
20180201132926023005041    
20180201132926023000201    
20180201132926023000281    
20180201133421020700104    
20180201133421020700032    
20180201133421020700041    
20180201133421020700071    
20180201133421020700211    
201802011334210207405310   
20180201133421020740211    
20180201133421020740555    
20180201133421020740113    
20180201133421020705021    
20180201133421020705041    
20180201133421020705141    
20180201133421020705075    
20180201133421020705131    
20180201133421020780013    
20180201133421020780021    
20180201133421020705123    
20180201134530025800032    
20180201134530025800042    
20180201134530025800104    
20180201134530025840021    
20180201134530025800062    
20180201134530025800072    
20180201134530025880071    
20180201134832004805021    
20180201134832004805032    
20180201134832004800072    
20180201134832004800061    
20180201134832004805142    
20180201134832004805043    
20180201134832004805152    
20180201134832004800571    
20180201134832004800301    
20180201134832004800104    
20180201134832004800032    
20180201134832004800042    
20180201134832004800401    
20180201135100027700102    
20180201135100027700031    
20180201135100027700571    
20180201135100027700071    
20180201135100027705231    
20180201135100027700201    
20180201135100027700211    
20180201135100027700221    
20180201135100027702041    
20180201135100027700721    
20180201135100027700401    
20180201135100027740523    
20180201135100027740535    
20180201135100027740112    
20180201135100027705011    
20180201135100027705121    
20180201135100027705151    
20180201135100027705162    
20180201135308028700032    
20180201135308028700041    
20180201135308028700221    
20180201135308028700571    
20180201135308028700103    
20180201135308028700771    
20180201135308028705032    
20180201135308028705122    
20180201135308028705142    
20180201135308028740525    
20180201135308028780012    
20180201135308028780021    
20180201135308028700074    
20180201135308028740392    
20180201135308028702041    
20180201135537600500213    
20180201135537600500221    
20180201135537600500572    
20180201135537600500751    
20180201135537600500302    
20180201135537600500771    
20180201135537600500282    
20180201135537600505022    
20180201135537600505034    
20180201135537600505043    
20180201135537600540021    
20180201135537600540131    
20180201135537600540213    
201802011355376005405530   
20180201135537600580016    
20180201135537600580021    
20180201135537600500066    
20180201135537600500076    
20180201135537600540392    
201802011355376005990118   
20180201135537600599026    
20180201135537600502044    
20180201135537600505236    
20180201135801010700581    
20180201135801010700431    
20180201135801010700571    
20180201135801010700034    
20180201135801010700041    
20180201135801010700105    
20180201135801010700073    
20180201135931600100076    
20180201135931600100202    
20180201135931600100212    
20180201135931600100451    
20180201135931600100572    
20180201135931600100771    
20180201135931600105022    
20180201135931600140392    
20180201135931600180014    
20180201135931600180022    
20180201135931600180041    
201802011359316001990118   
20180201135931600199026    
20180201140250004100031    
20180201140250004100041    
20180201140250004100102    
20180201140250004100211    
20180201140250004100231    
20180201140250004105161    
20180201140250004140121    
20180201140250004180012    
20180201140428021300431    
20180201140428021300751    
20180201140428021300081    
20180201140428021305021    
20180201140428021305031    
20180201140428021305152    
20180201140428021305204    
20180201140428021300061    
20180201140428021300073    
20180201140428021340391    
201802011404280213990112   
201802011404280213990212   
20180201140641008700032    
20180201140641008700041    
20180201140641008700211    
20180201140641008700231    
20180201140641008700571    
20180201140641008700751    
20180201140641008700103    
20180201140641008700281    
20180201140641008705041    
20180201140641008705141    
20180201140641008705152    
20180201140641008705162    
20180201140801023700104    
20180201140801023700032    
20180201140801023700042    
20180201140801023700061    
20180201140801023700071    
20180201140801023700221    
20180201140801023700281    
20180201140801023705202    
20180201140801023705161    
20180201141207013000212    
20180201141207013005123    
20180201141207013000581    
20180201141520016900102    
20180201141520016900031    
20180201141520016900041    
20180201141520016900081    
20180201141520016900062    
20180201141520016900072    
20180201141520016940535    
20180201141520016940211    
20180201141520016940391    
20180201141520016905231    
20180201141520016903001    
20180201141723023200106    
20180201141723023200034    
20180201141723023200042    
20180201141723023200571    
20180201141723023200063    
20180201141723023200072    
20180201141723023200722    
20180201141723023200731    
20180201141723023205203    
20180201141723023240211    
201802011417230232800112   
20180201141723023280032    
20180201141723023205033    
20180201141723023205124    
201802011417230232051510   
20180201141723023205165    
20180201141723023205175    
20180201141809009800072    
20180201141809009800081    
20180201141809009805021    
20180201141809009805031    
20180201141809009805121    
20180201141809009805152    
20180201141809009805162    
20180201141809009805221    
20180201141809009805232    
20180201141809009840112    
20180201141809009840171    
20180201141809009840211    
20180201141809009840555    
20180201141809009880011    
20180201141809009880021    
20180201141809009899016    
20180201141809009899026    
20180201141809009800211    
20180201142152029200072    
20180201142152029200201    
20180201142152029200571    
20180201142152029202041    
20180201142152029240554    
201802011423490248001015   
20180201142349024800037    
20180201142349024800046    
20180201142349024800571    
20180201142349024800083    
20180201142349024800064    
20180201142349024800075    
20180201142349024800201    
20180201142349024800771    
20180201142349024805231    
20180201142349024805041    
20180201142349024805222    
20180201142349024805148    
201802011423490248051520   
20180201142349024805162    
20180201142448024100104    
20180201142448024100032    
20180201142448024100042    
20180201142448024100062    
20180201142448024100072    
20180201142448024100211    
20180201142448024100401    
20180201142448024100752    
20180201142448024180024    
20180201142448024105021    
20180201142448024105122    
20180201142448024105142    
20180201142448024105155    
20180201142448024105201    
20180201142448024140171    
20180201142603028800041    
20180201142603028800072    
20180201142603028800101    
20180201142603028800221    
20180201142603028800301    
20180201142603028800571    
20180201142603028800721    
20180201142603028805021    
20180201142603028805121    
20180201142603028805152    
20180201142603028805161    
20180201142603028880014    
20180201142648028880031    
20180201142934006740141    
20180201142934006700201    
20180201142934006740522    
20180201142934006740532    
20180201142934006780014    
20180201142934006780022    
20180201142943005700031    
20180201142943005700042    
20180201142943005700103    
20180201142943005705121    
20180201142943005780011    
20180201142943005780021    
20180201142943005700591    
20180201142943005740201    
20180201142943005705031    
20180201142943005700061    
20180201142943005700072    
20180201142943005780031    
20180201143112015900102    
20180201143112015900031    
20180201143112015900041    
20180201143112015905122    
20180201143112015905041    
20180201143347025500101    
20180201143347025500061    
20180201143347025500071    
20180201143347025500301    
20180201143347025500281    
20180201143347025505221    
20180201143347025580012    
20180201143347025540131    
20180201143608009300083    
20180201143608009303003    
20180201143608009305233    
20180201143608009300574    
201802011436080093990160   
201802011436080093990248   
20180201143608009300204    
20180201143608009302044    
201802011436080093050410   
20180201143608009305154    
20180201143645003200032    
20180201143645003200042    
20180201143645003200104    
20180201143645003200073    
20180201143645003200571    
20180201143645003200081    
20180201143645003205033    
20180201143645003205172    
20180201143645003205152    
20180201143645003200221    
20180201143645003200062    
20180201143930007600041    
20180201143930007600102    
20180201143930007605042    
20180201143930007605161    
20180201143930007680014    
20180201143930007680021    
20180201143930007600751    
20180201143930007600211    
20180201144038015600106    
20180201144038015600043    
20180201144038015600033    
20180201144038015600071    
20180201144038015600201    
20180201144038015600212    
20180201144038015602041    
20180201144038015600301    
20180201144038015600631    
20180201144038015600751    
20180201144038015640524    
20180201144038015640533    
20180201144038015605021    
20180201144038015605032    
20180201144038015605041    
20180201144038015605141    
20180201144038015605152    
20180201144038015605202    
20180201144242010800034    
20180201144242010800042    
20180201144242010800571    
20180201144242010800721    
20180201144242010800109    
20180201144242010805021    
20180201144242010805041    
20180201144242010805122    
20180201144242010805143    
20180201144242010805151    
20180201144242010805163    
20180201144242010805204    
20180201144242010800062    
20180201144242010800074    
20180201144726028300031    
20180201144726028300041    
20180201144726028300751    
20180201144726028300301    
20180201144726028300102    
20180201144726028305042    
20180201144726028305172    
20180201144726028380012    
20180201144726028380031    
20180201144800028305141    
201802011448200063001012   
20180201144820006300037    
20180201144820006300045    
20180201144820006300571    
20180201144820006300068    
20180201144820006300076    
20180201144820006380094    
20180201144820006380104    
20180201144820006300202    
20180201144820006300213    
20180201144820006300301    
20180201144820006300721    
20180201144820006300752    
20180201144820006302042    
20180201144820006300451    
20180201144820006300581    
20180201144820006300731    
20180201144820006340535    
20180201144820006380041    
201802011448200063800112   
20180201144820006380024    
20180201144820006380051    
20180201144820006380061    
20180201144820006305232    
20180201144820006305023    
20180201144820006305042    
20180201144820006305125    
20180201144820006305143    
20180201144820006305152    
20180201144820006305164    
20180201144820006340115    
20180201144820006340121    
20180201144820006340141    
20180201144820006340391    
20180201144945011405045    
20180201144945011400062    
201802011449450114405210   
20180201144945011405142    
20180201144945011400031    
20180201144945011400041    
20180201144945011400102    
20180201144945011400571    
20180201144945011400071    
20180201145141027400102    
20180201145141027400031    
20180201145141027400041    
20180201145141027400063    
20180201145141027400772    
20180201145141027440201    
20180201145141027440212    
201802011451410274405520   
20180201145141027405043    
20180201145141027405141    
20180201145141027405152    
20180201145251014400032    
20180201145251014400043    
20180201145251014400211    
20180201145251014400572    
20180201145251014400631    
20180201145251014400105    
20180201145251014405022    
20180201145251014405041    
20180201145251014400061    
20180201145251014400074    
20180201145535007600031    
20180201145535007600101    
20180201145535023400061    
20180201145535023405142    
20180201145535023405154    
20180201145535023400221    
20180201145535023400201    
20180201145535023440391    
20180201145535023400211    
20180201145535023405021    
20180201145535023480021    
20180201145535023480012    
20180201150237012500101    
20180201150237012500031    
20180201150237012580014    
20180201150237012505022    
20180201150237012505121    
20180201150237012505142    
20180201150237012505151    
20180201150237012505172    
20180201150311007200106    
20180201150311007200034    
20180201150311007200042    
20180201150313002005162    
20180201150313002000104    
20180201150313002000032    
20180201150313002000042    
20180201150313002005231    
20180201150533027900102    
20180201150533027900031    
20180201150533027900041    
20180201150533027900071    
20180201150533027902041    
20180201150533027900221    
20180201150533027900771    
20180201150533027940525    
20180201150533027980014    
20180201150533027980041    
20180201150533027905021    
20180201150533027905031    
20180201150533027905041    
20180201150533027905121    
20180201150533027905152    
20180201150533027905162    
20180201150533027940111    
20180201151443027100103    
20180201151443027100032    
20180201151443027100041    
20180201151443027100281    
20180201151443027180014    
201802011514430271051510   
20180201151443027105161    
20180201151714029300731    
20180201151714029305021    
20180201151714029305142    
20180201151714029305151    
20180201151714029305221    
20180201151714029340131    
20180201151714029340391    
20180201151714029340535    
20180201151714029380011    
20180201151714029380021    
20180201152017029400033    
20180201152017029400042    
20180201152017029400061    
20180201152017029400081    
20180201152017029400106    
20180201152017029400401    
20180201152017029405141    
20180201152017029405162    
20180201152017029405221    
20180201152017029440131    
20180201152017029440171    
20180201152017029440391    
20180201152130018900031    
20180201152130018900041    
20180201152130018900211    
20180201152130018900102    
20180201152130018905021    
20180201152130018905032    
20180201152130018905122    
20180201152130018905152    
20180201152130018905162    
20180201152130018940112    
20180201152130018905202    
20180201152130018940533    
20180201152130018902041    
20180201152256025700101    
20180201152256025700031    
20180201152256025700041    
20180201152256025700061    
20180201152256025700071    
20180201152256025740532    
20180201152256025780011    
20180201152256025705021    
20180201152256025705031    
20180201152256025705041    
20180201152256025705152    
20180201152427019300102    
20180201152427019300031    
20180201152427019300041    
20180201152427019300571    
20180201152427019300071    
20180201152427019300211    
20180201152427019300221    
20180201152427019302041    
20180201152427019305022    
20180201152427019305032    
20180201152427019305042    
20180201152427019305141    
20180201152427019305152    
20180201152427019305161    
20180201152427019340111    
20180201152427019340535    
20180201152519002700031    
20180201152519002700041    
20180201152519002700103    
20180201152519002740141    
20180201152519002702041    
201802011525260223990112   
201802011525260223990212   
20180201152526022305231    
20180201152526022300071    
20180201152526022300211    
20180201152526022340555    
20180201152526022340211    
20180201152526022305031    
20180201152526022340525    
20180201152526022305041    
20180201152650027600031    
20180201152650027600041    
20180201152650027600201    
20180201152650027600211    
20180201152650027600571    
20180201152650027600581    
20180201152650027600103    
20180201152650027605021    
20180201152834008900032    
20180201152834008900042    
20180201152834008900104    
20180201152834008900062    
20180201152834008900072    
20180201152834008900211    
20180201152834008905021    
20180201152834008905032    
20180201152834008905042    
20180201152834008905152    
20180201152834008905174    
20180201152834008980031    
20180201152834008940121    
20180201152858016100102    
20180201152858016100031    
20180201152858016100041    
20180201152858016100081    
20180201152858016100221    
20180201152858016100751    
20180201152858016180022    
20180201152858016105021    
20180201152858016105122    
20180201152858016105152    
20180201152858016105172    
20180201152858016100063    
20180201152859028900031    
20180201152859028900041    
20180201152859028900102    
20180201152859028940525    
20180201152921007900104    
20180201152921007900032    
20180201152921007900042    
20180201152921007900571    
20180201152921007900081    
20180201152921007900061    
20180201152921007900751    
20180201152921007905022    
20180201152921007905032    
20180201152921007905151    
20180201152921007905221    
20180201152924008200032    
20180201152924008200041    
20180201152924008200571    
20180201152924008200102    
20180201152924008205032    
20180201152924008205042    
20180201152924008200062    
20180201152924008200072    
20180201152925024600102    
20180201152925024600031    
20180201152925024600041    
20180201152925024600571    
20180201152925024600081    
20180201152925024600201    
20180201152925024602041    
20180201152925024605031    
20180201152925024605042    
20180201152925024605171    
20180201152925024640391    
20180201152925024640532    
20180201152925024605122    
20180201152925024680012    
20180201152925024600071    
20180201153111020100102    
20180201153111020100031    
20180201153111020100041    
20180201153111020100072    
20180201153111020105232    
20180201153111020103001    
20180201153111020105021    
20180201153111020105121    
20180201153156007705011    
20180201153156007705034    
20180201153156007700064    
20180201153156007705154    
20180201153156007705176    
20180201153156007700571    
20180201153156007700073    
20180201153156007700036    
20180201153156007700043    
201802011531560077001012   
20180201153156007703002    
20180201153156007780018    
20180201153156007780022    
20180201153156007740132    
20180201153300022700102    
20180201153300022700031    
20180201153300022700041    
20180201153300022700211    
20180201153300022700221    
20180201153300022702041    
20180201153300022705031    
20180201153300022705141    
20180201153300022705151    
20180201153300022740523    
20180201153300022740533    
20180201153300022780041    
20180201153511022900105    
20180201153511022900032    
20180201153511022900042    
20180201153511022900071    
20180201153531028500061    
20180201153531028500071    
20180201153531028500211    
20180201153531028500221    
20180201153531028502041    
20180201153531028503001    
20180201153531028505021    
20180201153531028505032    
20180201153531028505122    
20180201153531028540011    
20180201153531028540392    
20180201153531028540525    
20180201153531028580021    
20180201153531028599016    
20180201153531028599026    
20180201153821027800101    
20180201153821027800031    
20180201153821027840211    
20180201153931028305021    
20180201153938028500631    
20180201154014013300103    
20180201154014013300031    
20180201154014013300041    
20180201154014013300571    
20180201154014013300073    
20180201154152026600102    
20180201154152026600031    
20180201154152026600041    
20180201154152026600061    
20180201154152026600071    
20180201154152026600211    
20180201154152026600451    
20180201154152026680012    
20180201154152026680022    
20180201154152026605021    
20180201154152026605031    
20180201154152026605161    
20180201154152026605202    
20180201154152026640111    
20180201154441600299016    
201802011544416002051510   
20180201154501019800039    
20180201154501019800047    
201802011545010198001014   
20180201154501019800451    
20180201154555026900103    
20180201154555026900032    
20180201154555026900041    
20180201154555026900571    
20180201154555026900061    
20180201154555026900071    
20180201154555026900211    
20180201154555026940201    
20180201154555026980014    
20180201154555026980031    
20180201154555026905021    
20180201154555026905041    
20180201154555026980071    
20180201154640013100103    
20180201154640013100032    
20180201154640013100062    
20180201154640013100071    
20180201154640013100212    
20180201154640013102042    
20180201154640013140535    
20180201154640013105023    
20180201154640013105043    
20180201154640013105143    
20180201154643006600034    
20180201154643006600044    
20180201154643006600431    
20180201154643006600441    
20180201154643006600731    
20180201154643006600108    
20180201154726001100106    
20180201154726001100033    
20180201154726001100043    
20180201154726001100731    
20180201154726001100591    
20180201154825803300031    
20180201154825803300041    
20180201154825803300102    
20180201154825803300281    
20180201154825803305141    
20180201154825803305151    
20180201154825803340212    
20180201154825803380021    
20180201155334009500104    
20180201155334009500032    
20180201155334009500042    
20180201155334009505022    
20180201155353003300106    
20180201155353003300033    
20180201155353003300043    
20180201155353003300081    
20180201155353003300071    
20180201155353003340391    
20180201155427026100041    
20180201155427026100101    
20180201155427026100281    
20180201155427026105152    
20180201155427026180012    
20180201155427026100401    
20180201155504025100102    
20180201155504025100031    
20180201155504025100041    
20180201155504025100571    
20180201155504025100201    
20180201155504025102042    
20180201155504025100281    
20180201155504025140391    
20180201155504025180031    
20180201155504025105162    
20180201155504025105152    
20180201155504025105121    
20180201155504025180024    
20180201155504025180018    
20180201155504025105141    
20180201155504025105021    
20180201155504025100581    
20180201155504025100072    
20180201155504025100062    
20180201155504025100401    
20180201155530022400104    
20180201155530022400032    
20180201155530022400042    
20180201155530022400072    
20180201155530022405042    
20180201155749006200102    
20180201155749006200031    
20180201155749006200041    
20180201155749006200631    
20180201155834026800103    
20180201155834026800031    
20180201155834026800042    
20180201155834026800071    
20180201155906025105121    
20180201155906025100061    
20180201155906025100071    
20180201160038022180071    
20180201160038022100105    
20180201160038022100033    
20180201160038022100042    
20180201160038022100631    
20180201160038022100401    
20180201160038022180042    
20180201160038022100751    
20180201160038022100281    
20180201160038022100072    
