2018030217202202011001120  
20180302172022020115992    
20180302173601171410711    
20180302173601171415991    
20180302173601171410132    
20180302173601171410303    
20180302173601171410313    
20180302173601171410295    
2018030217360117141001100  
20180302173601171410111    
20180302173601171410181    
2018030219052320641001120  
20180302190523206410132    
201803021943391394100140   
20180302194339139410111    
20180302194339139410131    
201803021949031614100180   
20180302194903161410134    
20180302194903161410141    
20180302194903161410171    
20180302194903161410295    
20180302194903161410631    
201803022003270200100180   
20180302200327020010131    
20180302200327020015992    
20180302200327020018291    
201803022009510240100140   
201803022016170190100140   
20180302201617019010101    
20180302201617019010121    
20180302201617019010131    
20180302201617019010321    
20180302201617019010432    
20180302201617019010445    
20180302201617019010462    
20180302201617019010502    
20180302201617019010572    
20180302201617019070003    
201803022019430156100160   
20180302201943015610061    
