20180213115306201411013    
20180213115306201411022    
20180213163619201211013    
20180213163619201211022    
20180213163619201212031    
20180213164020202211012    
20180213164020202211021    
20180213171357300511022    
20180213171357300511013    
20180213180447302411012    
20180213180447302411022    
20180213181730302011012    
20180213181730302011021    
20180213182825200111019    
20180213182825200111026    
20180213182825200111031    
20180213182825200111051    
20180213182825200111061    
20180213182825200111101    
20180213182825200111141    
20180213182825200112031    
20180213182825200112061    
20180213182825200113121    
20180213185608301111011    
20180213185608301111021    
20180213185626200411012    
20180213185626200411022    
20180213192959300711022    
20180213192959300711012    
20180213193529201011022    
201802131935292010111110   
20180213193529201011013    
20180213193635301411012    
20180213193635301411022    
20180213200405200311012    
20180213200405200311022    
20180213200405200311061    
20180213200435200511015    
20180213200435200511023    
20180213200607200811013    
20180213200607200811022    
20180213200749302611014    
20180213200749302611023    
20180213200749302611061    
201802132007493026111110   
20180213200749302612031    
