201806112237470231110220   
20180611223747023113012    
20180611223747023117351    
201806112309120123110110   
20180611230912012313011    
201806120012260343110210   
201806120012260343110310   
20180612001226034311055    
20180612001226034315042    
20180612001226034317213    
20180612001226034317351    
20180612001226034317421    
20180612001226034317521    
20180612001226034317661    
20180612001226034318061    
20180612001226034318211    
20180612001226034321061    
201806120012550011110110   
20180612001255001113011    
20180612001255001117031    
20180612001255001112136    
201806120016430088110110   
201806120016430088110310   
20180612001643008815043    
20180612001643008811051    
20180612001643008817421    
201806120030000328110210   
20180612003000032816051    
20180612003000032815061    
201806120031550322110210   
201806120034570156110215   
20180612003457015613011    
20180612003457015611054    
20180612003457015611067    
20180612003457015621061    
20180612003457015621171    
20180612003457015617061    
201806120057160055110110   
20180612005716005511062    
20180612005716005517682    
20180612005716005517255    
20180612005716005515013    
20180612005716005516061    
20180612005909001011025    
201806120059090010110310   
201806120103150284110210   
20180612010315028411062    
20180612010315028413011    
20180612010315028415061    
20180612010315028422671    
201806120103450115110310   
201806120107190345110210   
20180612010719034511066    
20180612010719034519201    
201806120107190345110310   
20180612010719034517521    
20180612010815032915132    
20180612010815032915042    
20180612010815032921001    
20180612011128004111053    
20180612011128004117351    
201806120111280041110310   
20180612011128004117421    
201806120117350065110310   
201806120212540279110310   
20180612021254027911053    
20180612021254027913011    
20180612021254027915013    
20180612021254027917301    
20180612021254027918011    
20180612021254027919221    
20180612021254027919201    
20180612022100024211063    
201806120221000242110320   
20180612022100024212134    
201806120225110087110210   
20180612022511008713011    
20180612022511008713082    
20180612022511008717351    
201806120225110087110310   
20180612022511008712134    
201806120228530181110210   
20180612022853018111051    
20180612022853018112132    
20180612022853018112142    
20180612022853018115132    
20180612022853018116031    
20180612022853018116021    
20180612022853018113012    
201806120244140237110315   
20180612024414023711053    
20180612024414023713011    
20180612024414023715043    
20180612024414023717351    
20180612024414023717421    
20180612024414023712134    
20180612025800019011062    
20180612025800019017041    
20180612025800019017031    
201806120258000190110310   
201806120309130222110315   
20180612030913022217031    
20180612030913022217191    
20180612030913022219201    
20180612030913022219031    
20180612030913022217681    
20180612030913022217691    
20180612030913022213011    
20180612030913022211063    
20180612030913022217421    
20180612030913022221031    
201806120315030327110210   
201806120315030327110310   
20180612031503032717301    
20180612031503032717451    
20180612031503032717472    
