20180305220027100210421    
20180305220027100215111    
20180305220027100220021    
20180305220027100210871    
20180305220027100230031    
20180305220027100230381    
20180305220027100230521    
20180305220027100230701    
20180305220027100210955    
20180305224700103910141    
20180305224700103910271    
20180305224700103910303    
20180305224700103910626    
20180305224700103910631    
20180305224700103910641    
20180305224700103910651    
20180305224700103910953    
20180305224700103910971    
20180305224700103915111    
201803052247001039202012   
20180305224700103920213    
20180305224700103930032    
20180305232303104310271    
20180305232303104310345    
20180305232303104310645    
20180305232303104310651    
20180305232303104310681    
20180305232303104315131    
20180305232303104320281    
20180305232303104325141    
20180305232303104325151    
20180305232303104325181    
20180305232303104325251    
20180305232303104325271    
20180305232303104330015    
20180305232303104330393    
20180305232303104330891    
20180305232325109110345    
20180305232325109110432    
20180305232325109110682    
20180305232325109110861    
201803052323251091109510   
20180305232325109115371    
20180305232325109115401    
20180305232325109120101    
20180305232325109120191    
201803052323251091202012   
20180305232325109120331    
20180305232325109125261    
201803052323251091300110   
20180305232325109130031    
20180305232325109130081    
20180305232325109130251    
20180305232325109130382    
20180305232325109130921    
20180305233220108110258    
20180305233220108110271    
20180305233220108110345    
20180305233220108110382    
20180305233220108110421    
20180305233220108115041    
20180305233220108120053    
20180305233220108110661    
20180305233220108110683    
20180305233220108115371    
20180305233220108110172    
20180305233220108110303    
20180305233220108115261    
20180305233220108130031    
20180305233220108130042    
20180305233220108130054    
20180305233220108130081    
20180305233220108130453    
20180305233220108130701    
20180305233220108130351    
20180305233220108110952    
20180306004035109310071    
20180306004035109310255    
20180306004035109310305    
20180306004035109310325    
20180306004035109310652    
20180306004035109310671    
20180306004035109310683    
20180306004035109310821    
201803060040351093300110   
20180306004035109330035    
20180306004035109330043    
20180306004035109330451    
20180306004035109330701    
20180306004035109330731    
20180306004035109330941    
20180306010605105910211    
20180306010605105910221    
20180306010605105910255    
20180306010605105910271    
20180306010605105910302    
201803060106051059103410   
20180306010605105910362    
20180306010605105910623    
20180306010605105910651    
20180306010605105910682    
20180306010605105910841    
20180306010605105910941    
20180306010605105915042    
20180306010605105915211    
20180306010605105915351    
20180306010605105915372    
20180306010605105915401    
20180306010605105915422    
20180306010605105920022    
20180306010605105920085    
20180306010605105930035    
20180306010605105930042    
20180306010605105930082    
20180306010605105930481    
20180306010605105930731    
20180306013856109710345    
20180306013856109710661    
20180306013856109710944    
20180306013856109710971    
20180306013856109715041    
20180306013856109720401    
20180306013856109720401    
20180306013856109725271    
20180306013856109730731    
