2018051812210602011001120  
20180518122106020110061    
20180518122106020110131    
20180518122106020110221    
20180518122106020110571    
20180518122106020115992    
20180518165549171415991    
20180518165549171410133    
20180518165549171413397    
20180518165549171410572    
201805181655491714102910   
20180518165549171410306    
20180518165549171410316    
20180518165549171410111    
2018051816554917141001120  
20180518165549171410101    
20180518165549171410181    
20180518165549171410714    
201805181938101614100180   
20180518193810161410135    
20180518193810161410293    
20180518193810161410574    
201805181943500240100140   
20180518194350024010132    
20180518194350024015991    
20180518194350024010141    
201805181943500240104210   
201805182001221394100140   
20180518200122139410291    
20180518200122139410301    
20180518200122139410431    
201805182018381854100180   
20180518201838185410132    
20180518201838185410295    
20180518201838185410571    
20180518201838185413393    
20180518201838185413494    
20180518201838185470005    
20180518201838185470025    
201805182021491444100140   
20180518202149144410132    
20180518202149144410181    
201805182022090186100140   
20180518202209018610061    
20180518202209018610132    
20180518202209018610141    
20180518202209018610181    
20180518202209018610293    
20180518202209018613393    
2018051820271805941002200  
20180518202718059410285    
20180518202904024910061    
20180518202904024910101    
20180518202904024910132    
20180518202904024910224    
20180518202904024915993    
20180518202904024911101    
2018051820290402491002140  
201805182029541724100180   
20180518202954172410061    
20180518202954172410131    
20180518202954172410281    
20180518202954172410292    
20180518202954172410301    
20180518202954172410311    
201805182029541724105210   
20180518202954172413393    
20180518202954172415991    
201805182029541724186910   
201805182029541724196910   
20180518202954172470011    
201805182030080156100160   
20180518203008015610131    
20180518203008015610295    
201805182032262204100140   
20180518203226220410061    
20180518203226220410131    
20180518203226220410221    
20180518203226220415991    
20180518203226220470005    
201805182036260170100160   
20180518203626017010141    
201805182038031824100280   
20180518203803182410132    
20180518203803182410141    
20180518203803182410171    
20180518203803182410445    
20180518203803182410631    
20180518203803182410732    
20180518203803182410744    
20180518203803182413395    
20180518203803182415991    
201805182038031824700010   
