20180114020148400210122    
20180114020148400210343    
20180114020148400210351    
20180114020148400210362    
20180114020148400210624    
20180114020148400210861    
20180114020148400210953    
20180114020148400215211    
20180114020148400217012    
20180114020148400220051    
20180114020148400220461    
20180114020148400230012    
20180114020148400230031    
20180114020148400230111    
20180114020148400230251    
20180114020148400230271    
20180114020148400230381    
20180114020148400230601    
