20180319153726102711022    
20180319153726102711051    
20180319153726102711013    
20180319161827102611021    
20180319161827102611051    
20180319161827102611061    
20180319161827102611013    
20180319165412100211025    
201803191654121002111110   
20180319165412100212011    
20180319165412100211016    
20180319171629100711013    
20180319171629100711021    
20180319171822100411012    
20180319171822100411021    
20180319174809100411031    
20180319181914200611012    
20180319181914200611021    
20180319182416202311021    
20180319182416202311011    
20180319182722101011012    
20180319182722101011021    
20180319185055100911012    
20180319185055100911021    
20180319185055100911031    
20180319185055100911131    
201803191850551009111110   
20180319185055100911061    
201803191915101007111110   
20180319194749101211013    
20180319194749101211023    
20180319194749101213111    
20180319194931102011011    
20180319194931102011021    
20180319200517101911011    
20180319200517101911021    
20180319201153102411022    
20180319201153102411012    
20180319201553100311011    
20180319201553100311021    
