201803262330270284110210   
20180326233027028412133    
20180326233027028421081    
20180326233027028421171    
201803270007170343110230   
20180327000717034311055    
20180327000717034311063    
20180327000717034311253    
20180327000717034315061    
20180327000717034316051    
20180327000717034317213    
20180327000717034317252    
20180327000717034317411    
20180327000717034317421    
20180327000717034318141    
20180327000717034319201    
20180327000717034321061    
201803270026200011110110   
20180327002620001121031    
20180327002620001121071    
20180327002620001121141    
20180327002620001113085    
201803270034510088110310   
201803270034510088110110   
20180327003451008815012    
20180327003451008815061    
20180327003451008815131    
201803270045250322110210   
20180327004525032211054    
20180327004525032211066    
20180327004525032211162    
20180327004525032213011    
20180327004525032213091    
201803270047310156110210   
20180327004731015613011    
20180327004731015611056    
20180327004731015611063    
20180327004731015611081    
201803270055520345110210   
20180327005552034511051    
20180327005552034511064    
20180327005552034519201    
20180327005813008713011    
201803270058130087110310   
20180327005813008717361    
201803270102240116110120   
20180327010224011617031    
201803270105110299110310   
20180327010511029912131    
20180327010511029912141    
20180327010511029917661    
20180327010511029917691    
201803270107390069110210   
20180327010739006911065    
20180327010739006913091    
20180327010739006917351    
20180327010739006917421    
20180327011401032711051    
20180327011401032711061    
20180327011401032713011    
20180327011401032715044    
201803270142500115110310   
20180327014250011512121    
20180327014250011514011    
20180327014250011521061    
201803270206220237110310   
20180327020622023711053    
20180327020622023713011    
20180327020622023711162    
201803270217350279110310   
20180327021735027911053    
20180327021735027918031    
20180327021735027918041    
201803270223250242110210   
20180327022325024211055    
201803270225100190110310   
20180327023548022211035    
20180327023548022211053    
20180327023548022212142    
20180327023548022211062    
201803270326500055110110   
20180327032650005511051    
20180327032650005513011    
201803270337120073110220   
20180327033712007311065    
20180327033712007313011    
20180327033712007317191    
201803270346100185110210   
20180327034610018512134    
20180327034610018513011    
20180327034610018517011    
20180327034610018517031    
20180327034610018517681    
20180327034610018517351    
201803270353300181110210   
201803270353300181110310   
20180327035330018111051    
20180327035330018111063    
20180327035330018111071    
20180327035330018112132    
20180327035330018112141    
20180327035330018116021    
20180327035330018119221    
20180327035330018113012    
