201806292211161026103410   
20180629221116102610433    
20180629221116102610652    
20180629221116102610791    
20180629221116102610861    
20180629221116102620112    
20180629221116102625041    
20180629221116102630121    
20180629221116102630272    
20180629221116102630351    
20180629234617106410211    
20180629234617106410221    
20180629234617106410255    
20180629234617106410411    
20180629234617106410681    
20180629234617106410841    
20180629234617106410861    
20180629234617106410971    
20180629234617106415071    
20180629234617106415131    
20180629234617106415331    
20180629234617106420021    
20180629234617106420101    
20180629234617106420113    
20180629234617106425261    
20180629234617106430013    
20180629234617106430071    
20180629234617106430463    
20180629234617106430492    
20180629234617106430891    
20180629235750102615071    
20180630002033104810211    
20180630002033104810221    
20180630002033104810651    
20180630002033104810681    
20180630002033104810862    
20180630002033104810981    
20180630002033104810991    
20180630002033104815041    
20180630002033104815261    
20180630002033104815401    
20180630002033104815421    
20180630002033104830081    
20180630002033104830731    
20180630002344106415041    
20180630005834106910071    
20180630005834106910125    
20180630005834106910175    
201806300058341069102510   
20180630005834106910271    
20180630005834106910325    
20180630005834106910431    
20180630005834106910684    
20180630005834106915071    
20180630005834106915112    
20180630005834106915262    
20180630005834106915331    
20180630005834106915371    
20180630005834106915402    
20180630005834106920102    
20180630005834106920116    
20180630005834106930035    
20180630005834106930045    
20180630005834106930082    
20180630005834106930122    
20180630005834106930275    
20180630005834106930383    
20180630005834106930571    
20180630005834106930731    
20180630010619102710122    
20180630010619102710321    
20180630010619102710491    
20180630010619102710623    
20180630010619102710651    
20180630010619102710682    
20180630010619102710861    
20180630010619102710956    
20180630010619102720011    
20180630010619102725251    
20180630010619102725261    
20180630010619102730025    
20180630010619102730193    
20180630010619102730701    
20180630010619102730731    
20180630010619102730931    
20180630012909100510172    
20180630012909100510682    
20180630012909100510861    
20180630012909100530053    
20180630013320107610382    
20180630013320107610681    
20180630013320107620462    
201806300133201076250910   
20180630013320107630025    
20180630013320107630381    
20180630013320107630891    
20180630015315108110141    
20180630015315108110211    
20180630015315108110221    
20180630015315108110411    
20180630015315108110421    
20180630015315108110434    
201806300153151081106210   
20180630015315108110651    
20180630015315108115041    
20180630015315108115061    
20180630015315108115131    
20180630015315108115261    
20180630015315108115291    
20180630015315108115352    
20180630015315108115401    
20180630015315108115421    
20180630015315108120111    
201806300153151081202012   
20180630015315108120281    
20180630015315108120403    
20180630015315108130061    
20180630015315108130081    
20180630015315108130151    
20180630015315108130272    
20180630015315108130351    
20180630015315108130371    
20180630015315108130382    
20180630015315108130701    
20180630015315108130731    
20180630015315108130892    
20180630015918108810022    
20180630015918108810141    
20180630015918108810305    
20180630015918108810325    
20180630015918108810351    
20180630015918108810361    
20180630015918108810491    
20180630015918108810683    
20180630015918108810861    
20180630015918108815041    
20180630015918108815111    
20180630015918108815251    
20180630015918108820222    
20180630015918108820461    
20180630015918108830111    
20180630015918108830193    
20180630015918108830203    
20180630015918108830351    
20180630024754110110123    
20180630024754110110211    
20180630024754110110221    
20180630024754110110271    
20180630024754110110323    
20180630024754110110681    
20180630024754110110821    
20180630024754110115261    
20180630024754110115331    
20180630024754110115371    
20180630024754110120061    
20180630024754110130033    
20180630024754110130121    
20180630024754110130701    
20180630024754110130921    
20180630025546104110421    
20180630025546104120331    
20180630025546104130035    
20180630025546104130173    
20180630025546104130381    
20180630025719100110253    
20180630025719100110622    
20180630025719100110643    
20180630025719100115061    
20180630025719100115331    
20180630025719100120021    
20180630025719100130891    
