201802010940411159100010   
201802010948581128100020   
20180201094858112813021    
20180201094858112814001    
20180201094858112814011    
20180201094858112814025    
20180201094858112814032    
20180201094858112814061    
20180201094858112814091    
20180201094858112815041    
20180201094858112815054    
20180201094858112816031    
20180201094858112813091    
201802011010331165100120   
20180201101033116512073    
20180201101033116513021    
20180201101033116513072    
201802011010331165150520   
20180201101033116516011    
201802011010331165542610   
201802011012021174100010   
20180201101202117413091    
201802011016171043100010   
20180201101617104313021    
20180201101617104313091    
201802011028121031130910   
201802011028121031542620   
20180201103237113813021    
20180201103237113813091    
201802011035461039100010   
201802011035461039120940   
20180201103546103913041    
20180201103546103913051    
201802011042201155120920   
20180201104220115512125    
20180201104220115513051    
20180201104220115513091    
20180201104220115514022    
20180201104220115514032    
20180201104220115515055    
20180201104220115515102    
20180201104220115554265    
20180201104249110815001    
20180201104455104717012    
201802011057231141100010   
201802011057231141100110   
20180201105852116514002    
20180201105852116515011    
201802011111271027100050   
201802011112461063100020   
20180201111246106312072    
20180201111246106313031    
20180201111246106313091    
201802011112461063150410   
20180201111246106316022    
201802011117121045100010   
201802011132551005100020   
20180201114232110813041    
20180201114232110813051    
20180201114232110814001    
20180201114232110814032    
20180201114232110814041    
20180201114232110817001    
201802011152447004121210   
201802011152447004541710   
20180201115502117113031    
201802011211151147100010   
20180201121115114712062    
20180201121115114712095    
20180201121115114714021    
20180201121115114716031    
20180201122608112513041    
20180201122608112513051    
20180201122608112513091    
201802011231217000524110   
20180201123142114713091    
20180201123453115554265    
20180201123611700212211    
20180201123611700230031    
20180201123611700251052    
20180201123611700253051    
20180201123741700413053    
201802011259581053100020   
20180201132547106910021    
201802011327221110100020   
20180201132722111013051    
201802011327221110150510   
20180201132722111016024    
20180201132722111054265    
201802011332361071100010   
20180201133236107112043    
20180201133236107112072    
201802011332361071120910   
20180201133236107113021    
20180201133236107117041    
201802011333384004100010   
20180201133414116513041    
20180201133414116513051    
20180201134146110012075    
20180201135401102713021    
201802011357021130100010   
