20180327105812320440011    
20180327105812320440001    
20180327105812320460392    
20180327105812320460111    
20180327105812320460301    
20180327105812320460311    
20180327105812320460351    
20180327110604001640001    
20180327110604001640021    
20180327110604001650101    
20180327110604001660001    
20180327110604001660311    
20180327110604001660321    
20180327110604001660391    
20180327111746551060321    
20180327111746551060301    
20180327113016620240001    
20180327113016620240021    
20180327113016620260391    
20180327113016620260461    
20180327113247141440001    
20180327113247141450101    
20180327113247141459991    
20180327113247141460011    
20180327113409141750101    
20180327113409141759951    
20180327113409141760091    
20180327113409141760321    
20180327115804770540011    
20180327115804770560011    
20180327115804770560321    
20180327115804770560461    
20180327115804770560111    
20180327115804770560301    
20180327115804770560311    
20180327115804770560121    
20180327115804770550101    
20180327123848571360001    
20180327123848571360021    
20180327123848571360111    
20180327123848571360391    
