20180205000342630240001    
20180205000342630240011    
20180205000342630250101    
20180205000342630259981    
20180205000342630260012    
20180205000342630260395    
20180205000342630260462    
20180205075941020240001    
20180205075941020260001    
20180205075941020250101    
20180205075941020260392    
20180205075941020240021    
20180205075941020260191    
20180205075941020260351    
20180205075941020260461    
20180205101048150460001    
20180205101048150460091    
20180205101316141540001    
20180205101316141540011    
20180205101316141540021    
20180205101316141550103    
20180205101316141550151    
20180205101316141550291    
20180205101316141560003    
20180205101316141560101    
20180205101316141560382    
20180205101316141560411    
20180205102053770140002    
20180205102053770140011    
20180205102053770160451    
20180205102053770160335    
20180205102053770150102    
20180205102053770150151    
20180205104117551040001    
20180205104117551050101    
20180205104117551060001    
20180205104117551060011    
20180205104117551060321    
20180205104117551060361    
20180205104117551060391    
20180205104117551060462    
20180205104319811140001    
20180205104319811140011    
20180205104319811158011    
20180205104319811160001    
20180205104319811160351    
20180205104319811160391    
