20180311004214300210283    
20180311004214300210322    
201803110042143002300110   
20180311004214300230042    
20180311004214300230061    
20180311004214300230381    
20180311235254300610123    
201803112352543006102510   
20180311235254300610471    
201803112352543006106210   
20180311235254300615041    
20180311235254300615332    
20180311235254300615372    
20180311235254300620016    
20180311235254300620083    
20180311235254300620262    
20180311235254300625241    
20180311235254300630035    
201803112352543006300510   
20180311235254300630381    
20180311235254300630452    
20180311235254300630671    
20180312013649300410661    
20180312013649300430042    
