201805180012493006102510   
20180518001249300610276    
20180518001249300610421    
20180518001249300610471    
201805180012493006106210   
20180518001249300610862    
20180518001249300615181    
20180518001249300615262    
20180518001249300615291    
20180518001249300615371    
20180518001249300615401    
201805180012493006202024   
20180518001249300620271    
20180518001249300620312    
20180518001249300630035    
20180518001249300630045    
201805180012493006300510   
20180518001249300630272    
20180518001249300630351    
20180518001249300630382    
20180518001249300630451    
20180518001249300630892    
20180518012204300810212    
20180518012204300810222    
201805180122043008103415   
20180518012204300810611    
20180518012204300810841    
20180518012204300810871    
20180518012204300810955    
20180518012204300815041    
20180518012204300815111    
20180518012204300815162    
201805180122043008200810   
20180518012204300820101    
20180518012204300825251    
20180518012204300825261    
20180518012204300830111    
20180518012547300410071    
20180518012547300420113    
20180518012547300430031    
20180518012547300430041    
20180518012547300430111    
20180518012547300430241    
20180518012547300430451    
20180518012834300810123    
20180518012834300810276    
20180518012834300810624    
20180518021047300210283    
20180518021047300210323    
20180518021047300210635    
20180518021047300210661    
20180518021047300215291    
20180518021047300215421    
20180518021047300220011    
20180518021047300220101    
20180518021047300220201    
20180518021047300225083    
20180518021047300225093    
20180518021047300230081    
20180518021109300910173    
20180518021109300910321    
20180518021109300910342    
20180518021109300910471    
20180518021109300910635    
20180518021109300910682    
20180518021109300910862    
20180518021109300910954    
20180518021109300910973    
20180518021109300930032    
20180518021109300930251    
20180518021109300930271    
20180518021109300930461    
20180518021109300930892    
