20180701011222300210141    
20180701011222300210255    
20180701011222300210282    
20180701011222300210841    
20180701011222300210861    
20180701011222300210952    
20180701011222300215401    
20180701011222300215422    
20180701011222300230381    
20180701011222300230705    
201807020020293006102520   
20180702002029300610421    
20180702002029300610686    
20180702002029300610861    
20180702002029300615071    
20180702002029300615251    
20180702002029300615331    
201807020020293006300210   
20180702002029300630045    
201807020020293006300510   
20180702002029300630351    
20180702002029300630381    
20180702002029300630671    
20180702014952300810013    
20180702014952300810212    
20180702014952300810222    
20180702014952300810624    
20180702014952300810683    
20180702014952300810841    
20180702014952300810991    
20180702014952300820085    
20180702014952300820201    
20180702014952300825251    
20180702014952300825261    
201807020149523008300110   
20180702014952300830032    
20180702014952300830121    
20180702014952300830272    
20180702014952300830381    
20180702020128300910276    
20180702020128300910302    
20180702020128300910623    
20180702020128300910635    
20180702020128300910651    
20180702020128300910681    
20180702020128300910861    
20180702020128300910955    
20180702020128300915351    
20180702020128300915421    
201807020201283009202012   
20180702020128300920271    
20180702020128300930025    
20180702020128300930082    
20180702020128300930271    
20180702020128300930451    
20180702020128300930461    
20180702020128300930691    
20180702020128300930703    
