20180523094947101010013    
20180523094947101010029    
20180523094947101010041    
20180523094947101010101    
20180523094947101011023    
20180523094947101011043    
20180523094947101011051    
20180523094947101011071    
20180523094947101011081    
20180523094947101012011    
20180523094947101012026    
20180523094947101013018    
20180523094947101013021    
20180523094947101013061    
20180523094947101015021    
20180523094947101015051    
20180523094947101016021    
20180523094947101017021    
20180523094947101017031    
20180523094947101018011    
20180523094947101020051    
20180523094947101030011    
20180523094947101011093    
201805231107091009100210   
20180523110709100910041    
20180523110709100910081    
20180523110709100910102    
20180523110709100911011    
20180523110709100911082    
20180523110709100912026    
20180523110709100913018    
20180523110709100913021    
20180523110709100916012    
20180523110827101310013    
20180523110827101310026    
20180523110827101310103    
20180523110827101311024    
20180523110827101311031    
20180523110827101311044    
20180523110827101311051    
20180523110827101311081    
20180523110827101312011    
20180523110827101312024    
20180523110827101313016    
20180523110827101313022    
20180523110827101315041    
20180523110827101317011    
20180523110827101318012    
20180523110827101320022    
20180523110827101330021    
20180523111103102710013    
20180523111103102710026    
20180523111103102710041    
20180523111103102712023    
20180523111103102713012    
20180523111103102713021    
20180523111103102715011    
20180523111103102716022    
20180523123920102610011    
20180523123920102610027    
20180523123920102611022    
20180523123920102611031    
20180523123920102611042    
20180523123920102611051    
20180523123920102612023    
20180523123920102613015    
20180523123920102615021    
20180523123920102615031    
20180523123920102620021    
20180523123920102620051    
20180523123920102611091    
20180523125816100810013    
201805231258161008100210   
20180523125816100810041    
20180523125816100810061    
20180523125816100810081    
20180523125816100810101    
20180523125816100811022    
20180523125816100811042    
20180523125816100811082    
201805231258161008120212   
201805231258161008130110   
20180523125816100813024    
20180523125816100815021    
20180523125816100818012    
20180523125947100210024    
20180523125947100210102    
20180523125947100211051    
20180523125947100213012    
20180523125947100213021    
20180523130208100710022    
20180523130924100110014    
201805231309241001100210   
20180523130924100110031    
20180523130924100110041    
20180523130924100111011    
20180523130924100111084    
20180523130924100113015    
20180523130924100113023    
