20180320230919706851063    
20180320230919706850185    
20180320230919706850042    
20180320230919706850071    
20180320230919706850136    
201803202330377002500110   
20180320233037700250031    
20180320233037700250042    
20180320233037700250052    
20180320233037700250071    
20180320233037700250136    
20180320233037700250221    
20180320233037700250411    
20180320233037700250811    
20180320233037700251053    
201803210011477053500120   
20180321001147705350041    
20180321001147705350051    
20180321001147705350071    
20180321001147705350221    
20180321001147705350411    
20180321001147705350391    
20180321001147705350521    
20180321001147705350801    
20180321001147705350141    
20180321002031703251181    
20180321002031703251191    
20180321002031703250222    
20180321002031703250061    
20180321002031703251272    
20180321002031703250832    
20180321002031703250771    
20180321002031703250981    
20180321002031703250072    
20180321002031703250241    
20180321002031703250581    
20180321002031703250161    
20180321002031703250192    
20180321002031703250042    
20180321002031703250051    
201803210020317032500120   
20180321002031703251053    
