201803241427470248001014   
20180324142747024800038    
20180324142747024800047    
20180324142747024800082    
20180324142747024800063    
20180324142747024800074    
20180324142747024800201    
20180324142747024800721    
20180324142747024805221    
20180324142747024803001    
20180324142747024800401    
20180324142747024805041    
20180324142747024805144    
201803241427470248051520   
20180324142747024805162    
20180324144640023000031    
20180324144640023000041    
20180324144640023000104    
20180324144640023080014    
20180324144640023080024    
20180324144640023000071    
20180324144640023000571    
20180324144640023000581    
20180324144640023005032    
20180324144640023000061    
20180324144640023005021    
20180324144640023040535    
20180324144640023002041    
20180324144640023000201    
20180324144640023000211    
20180324153736803800032    
20180324153736803800042    
20180324153736803800211    
20180324153736803800221    
20180324153736803800752    
20180324153736803800104    
20180324153736803805011    
20180324153736803800062    
20180324153736803800073    
20180324153736803880102    
20180324154653013100032    
20180324154653013100041    
20180324154653013100071    
20180324154653013100103    
20180324154653013100212    
20180324154653013100221    
20180324154653013100571    
20180324154653013102044    
20180324154653013105023    
20180324154653013105043    
20180324154653013140115    
20180324154653013140535    
20180324154653013180041    
20180325001606029200031    
20180325001606029200101    
20180325001606029200571    
20180325001606029202041    
20180325023515029300032    
20180325023515029300041    
20180325023515029300061    
20180325023515029300072    
20180325023515029300103    
20180325023515029302041    
20180325023515029305021    
20180325023515029305122    
20180325023515029305161    
20180325023515029305231    
20180325023515029380013    
20180325023515029380021    
20180325063458022100104    
20180325063458022100032    
20180325063458022100042    
20180325063458022100062    
20180325063458022100072    
20180325063458022140112    
20180325063458022100281    
20180325063458022103001    
20180325091229027900102    
20180325091229027900031    
20180325091229027900041    
20180325091229027900071    
20180325091229027900211    
20180325091229027902041    
20180325091229027940131    
20180325091229027940525    
20180325091229027940535    
20180325091229027980014    
20180325091229027905021    
20180325091229027905041    
20180325091229027905121    
20180325091229027905162    
20180325092836802500032    
20180325092836802500042    
20180325092836802500401    
20180325092836802500102    
20180325092836802505021    
20180325092836802505042    
20180325092836802505121    
20180325092836802505201    
20180325092836802540525    
20180325092836802580011    
20180325092836802580021    
20180325092836802500071    
20180325101529007605011    
20180325101529007600072    
20180325101529007600061    
20180325101529007680014    
20180325101529007680021    
20180325101529007605042    
20180325101529007605141    
20180325101529007600032    
20180325101529007600042    
20180325101529007600104    
20180325101529007600281    
20180325101756801900032    
20180325101756801900041    
20180325101756801900202    
20180325101756801900221    
20180325101756801900571    
20180325101756801900104    
20180325101756801905032    
20180325101756801905044    
20180325101756801905152    
20180325101756801905172    
20180325101756801900061    
20180325101756801902042    
20180325101756801905221    
20180325101844801900581    
20180325101844801900591    
20180325102053801905122    
20180325102522025500061    
20180325102522025500071    
20180325102522025500301    
20180325102522025500721    
20180325102522025540525    
20180325102522025580012    
20180325102522025505031    
20180325104903019300102    
20180325104903019300031    
20180325104903019300041    
20180325104903019300571    
20180325104903019300061    
20180325104903019300071    
20180325104903019300201    
20180325104903019300211    
20180325104903019300221    
20180325104903019302041    
20180325104903019300631    
20180325104903019300721    
20180325104903019300751    
20180325104903019300581    
20180325104903019300731    
20180325104903019340535    
20180325104903019380031    
20180325104903019305021    
20180325104903019305032    
20180325104903019305141    
20180325104903019305161    
20180325104903019340021    
20180325104903019340111    
20180325104903019340171    
20180325104903019303001    
20180325105008801400032    
20180325105008801400041    
20180325105008801400202    
20180325105008801400103    
20180325105008801405011    
20180325105008801405021    
20180325105008801405033    
20180325105008801405043    
20180325105008801405123    
20180325105008801405141    
20180325105008801405152    
20180325105008801405173    
20180325105008801405201    
20180325105008801480015    
20180325105008801480023    
20180325105008801480031    
20180325105008801405231    
20180325105634802000104    
20180325105634802000032    
20180325105634802000042    
20180325105634802000072    
20180325105634802000201    
20180325105634802000221    
20180325105634802002042    
20180325105634802000401    
20180325105634802000591    
20180325105634802080014    
20180325105634802080021    
20180325105634802005021    
20180325105634802005033    
20180325105634802005122    
20180325105634802005151    
201803251123210093990142   
201803251123210093990236   
20180325112321009300088    
20180325112321009300076    
20180325112321009300066    
20180325112321009300401    
20180325112321009300754    
20180325112321009305024    
20180325112321009300216    
201803251123210093050410   
20180325112321009302046    
20180325112321009300206    
201803251123210093800120   
20180325112403801800031    
20180325112403801800041    
20180325112403801800102    
20180325112403801805021    
20180325112403801805151    
20180325112403801840535    
20180325112403801800061    
20180325112403801800071    
20180325112403801840391    
20180325114358016100102    
20180325114358016100031    
20180325114358016100041    
20180325114358016100571    
20180325114358016100081    
20180325114358016100063    
20180325114358016100075    
20180325114358016140525    
20180325114358016140535    
20180325114358016180022    
20180325114358016105021    
20180325114358016105151    
20180325114844801300037    
20180325114844801300045    
20180325114844801300202    
20180325114844801300212    
20180325114844801300721    
201803251148448013001012   
20180325114844801305121    
20180325114844801305141    
20180325114844801305151    
20180325114844801305171    
20180325114844801340211    
201803251148448013405210   
201803251148448013405510   
20180325114844801380014    
20180325114844801380021    
20180325114844801300061    
20180325115607027600041    
20180325115607027600201    
20180325115607027600103    
20180325115607027605032    
20180325115607027600061    
20180325115607027600072    
20180325120444801600033    
20180325120444801600043    
20180325120444801600201    
20180325120444801600211    
20180325120444801600221    
20180325120444801600571    
20180325120444801600106    
20180325120444801600081    
20180325120444801605011    
20180325120444801605022    
20180325120444801605032    
20180325120444801605043    
20180325120444801605122    
20180325120444801605141    
20180325120444801605162    
20180325120444801640111    
20180325120444801680014    
20180325120444801680021    
20180325120444801600061    
20180325120444801600071    
20180325120444801640391    
20180325120444801602041    
20180325120444801603001    
20180325122139020000105    
20180325122139020000033    
20180325122139020000042    
20180325122139020000571    
20180325122139020000061    
20180325122139020000073    
20180325122139020005231    
20180325122139020003001    
20180325122139020000211    
20180325122139020000221    
20180325122139020000251    
20180325122139020000301    
20180325122139020000281    
20180325122139020002042    
20180325122139020000401    
20180325122139020040211    
20180325122139020005011    
20180325122139020005021    
20180325122139020005032    
20180325122139020005042    
201803251221390200050710   
20180325122139020005123    
20180325122139020005131    
20180325122139020005151    
20180325122139020005162    
20180325124325015900031    
20180325124325015900041    
20180325124325015900102    
20180325124325015905122    
20180325124601028500073    
20180325124601028500211    
20180325124601028500221    
20180325124601028503002    
20180325124601028505122    
20180325124601028540171    
20180325124601028540525    
20180325124601028540535    
20180325124601028580021    
20180325124601028599016    
20180325124601028599026    
20180325125750800200066    
20180325125750800200076    
201803251257508002002812   
20180325125750800200772    
201803251257508002020412   
201803251257508002050316   
20180325125750800205205    
20180325125750800205213    
20180325125750800240012    
201803251257508002401410   
201803251257508002800120   
201803251257508002990112   
201803251257508002990212   
20180325130334021305042    
20180325130334021305152    
20180325130334021340141    
20180325130334021305202    
20180325130334021340523    
20180325130334021340533    
20180325130334021380021    
20180325130334021300073    
20180325130334021399016    
20180325130334021302041    
20180325130638004800102    
20180325130638004800031    
20180325130638004800041    
20180325130638004840021    
20180325130638004880031    
20180325130638004800231    
20180325130638004805131    
20180325130638004805076    
20180325130638004800571    
20180325130638004800072    
20180325130945017805124    
20180325130945017805202    
20180325130945017840536    
20180325130945017840526    
20180325130945017800751    
20180325130945017800212    
20180325130945017800222    
20180325130945017800201    
20180325130945017802041    
20180325130945017805162    
20180325130945017805021    
20180325130945017800631    
20180325130945017800771    
20180325130945017800081    
20180325130945017800073    
20180325130945017800062    
20180325130945017899016    
20180325130945017899026    
20180325131147802100031    
20180325131147802100041    
20180325131147802100201    
20180325131147802100211    
20180325131147802100231    
20180325131147802100581    
20180325131147802100752    
20180325131147802100102    
20180325131147802105021    
20180325131147802105044    
20180325131147802105121    
20180325131147802105161    
20180325131147802140131    
20180325131147802180024    
20180325131147802100061    
20180325131147802100071    
20180325131147802102041    
20180325131844500200033    
20180325131844500200042    
20180325131844500200211    
20180325131844500200571    
20180325131844500200753    
20180325131844500200105    
20180325131844500205021    
20180325131844500205145    
20180325131844500205155    
20180325131844500240525    
201803251318445002405315   
20180325131844500280014    
20180325131844500200072    
20180325131844500280055    
20180325131844500280096    
20180325131844500280106    
20180325131952018900031    
20180325131952018900041    
20180325131952018900211    
20180325131952018900571    
20180325131952018900751    
20180325131952018900102    
20180325131952018905032    
20180325131952018905162    
20180325131952018940021    
20180325131952018940112    
20180325131952018940535    
20180325131952018980024    
20180325131952018900072    
20180325131952018902041    
201803251331028009000730   
20180325133102800900403    
20180325133102800900732    
201803251331028009990130   
201803251331028009990260   
20180325133917804000032    
20180325133917804000042    
20180325133917804000061    
20180325133917804000071    
20180325133917804000104    
20180325133917804000201    
20180325133917804000212    
20180325133917804000221    
20180325133917804000301    
20180325133917804000571    
20180325133917804002041    
20180325133917804005022    
20180325133917804005033    
20180325133917804005043    
20180325133917804005121    
20180325133917804040213    
20180325133917804040391    
20180325133917804040527    
20180325133917804040533    
201803251339178040405520   
20180325133917804080012    
20180325134132026600101    
20180325134132026600041    
20180325134132026600211    
20180325134132026680012    
20180325134132026605041    
20180325134714003200033    
20180325134714003200042    
20180325134714003200105    
20180325134714003200072    
20180325134714003200063    
20180325134714003205011    
20180325134714003240113    
20180325134714003200753    
20180325134724003300033    
20180325134724003300043    
20180325134724003300072    
20180325134724003300102    
20180325134724003303001    
20180325134833008900033    
20180325134833008900042    
20180325134833008900105    
20180325134833008900062    
20180325134833008900072    
20180325134833008900081    
20180325134833008905032    
20180325134833008905043    
20180325134833008905173    
20180325135132023200106    
20180325135132023200033    
20180325135132023200042    
20180325135132023200572    
20180325135132023200062    
20180325135132023200073    
20180325135132023200211    
20180325135132023202041    
20180325135132023240201    
20180325135132023200772    
20180325135132023205203    
20180325135132023240211    
20180325135132023280032    
20180325135132023205032    
20180325135132023205124    
20180325135132023205154    
20180325135132023205164    
20180325135132023205173    
20180325135343009500106    
20180325135343009500034    
20180325135343009500042    
20180325135343009500072    
20180325135604026900101    
20180325135604026900031    
20180325135604026900041    
20180325135604026900081    
20180325135604026900071    
20180325135604026980014    
20180325135713014400033    
20180325135713014400043    
20180325135713014400211    
20180325135713014400106    
20180325135713014400081    
20180325135713014405031    
20180325135713014405043    
20180325135713014400061    
20180325135713014400073    
20180325135713014402041    
20180325140353008700032    
20180325140353008700042    
20180325140353008700104    
20180325140353008700201    
20180325140353008700751    
20180325140353008702041    
20180325140353008705032    
20180325140353008705041    
20180325140353008705141    
20180325140353008705162    
20180325140353008740141    
20180325140353008740391    
20180325140353008740528    
20180325140625004800062    
20180325140625004805032    
20180325141436006300033    
20180325141436006300041    
20180325141436006300202    
20180325141436006300213    
20180325141436006300221    
20180325141436006300571    
20180325141436006300581    
20180325141436006300631    
20180325141436006300721    
20180325141436006300752    
20180325141436006300103    
20180325141436006300771    
20180325141436006305021    
20180325141436006305046    
20180325141436006305125    
20180325141436006305143    
20180325141436006305154    
20180325141436006340141    
20180325141436006340171    
201803251414360063405520   
201803251414360063800112   
20180325141436006380024    
20180325141436006300076    
20180325141436006340392    
20180325141436006302042    
20180325141436006380092    
20180325141436006380102    
20180325141518006340214    
20180325141700020700102    
20180325141700020700031    
20180325141700020700041    
20180325141700020700751    
20180325141700020740211    
20180325141700020705041    
20180325141700020705075    
20180325141700020705131    
20180325141700020780011    
20180325141700020780021    
201803251420167806002110   
20180325142016780600222    
20180325142016780600232    
20180325142016780600252    
20180325142016780600301    
20180325142016780605025    
20180325142016780605155    
20180325142016780640131    
201803251420167806405215   
201803251420167806405320   
20180325142016780680031    
20180325142016780680071    
20180325142016780699016    
20180325142016780699026    
20180325142244028300211    
20180325142244028300571    
20180325142244028300771    
20180325142244028305031    
20180325142244028305121    
20180325142244028305172    
20180325142244028340021    
20180325142244028340201    
20180325142244028340221    
201803251422440283405510   
20180325142244028300062    
20180325142244028300072    
20180325142244028340391    
20180325142244028302041    
20180325142312801700032    
20180325142312801700042    
20180325142312801700201    
20180325142312801700211    
20180325142312801700221    
20180325142312801700721    
20180325142312801700301    
20180325142312801700104    
20180325142312801700081    
20180325142312801705022    
20180325142312801705042    
20180325142312801705123    
20180325142312801705152    
20180325142312801705163    
20180325142312801705204    
20180325142312801780017    
20180325142312801780023    
20180325142312801780031    
20180325142312801780041    
20180325142312801700071    
20180325142312801702042    
20180325142312801705221    
20180325142555028340131    
20180325142632802400032    
20180325142632802400042    
20180325142632802400212    
20180325142632802400221    
20180325142632802400751    
20180325142632802400301    
20180325142632802400104    
20180325142632802405021    
20180325142632802405032    
20180325142632802405042    
20180325142632802405152    
20180325142632802480024    
20180325142632802400061    
20180325142632802400072    
20180325142632802402041    
20180325142632802405231    
20180325142632802403001    
201803251427048042000730   
20180325142704804200402    
201803251427048042990190   
201803251427048042990290   
20180325142800007900103    
20180325142800007900032    
20180325142800007900041    
20180325142800007900063    
20180325142800007900072    
20180325142800007940525    
20180325142800007905022    
20180325142800007905151    
20180325142808780100081    
20180325142808780100211    
20180325142808780100221    
20180325142808780100251    
20180325142808780100401    
20180325142808780100571    
20180325142808780100721    
20180325142808780100751    
20180325142808780100771    
20180325142808780105021    
20180325142808780105031    
20180325142808780105042    
20180325142808780105125    
20180325142808780105155    
20180325142808780105173    
20180325142808780105231    
20180325142808780180071    
201803251428087801990115   
20180325142808780199026    
20180325143115019800034    
20180325143115019800043    
20180325143115019800107    
20180325143115019800062    
20180325143115019800401    
20180325143132022900101    
20180325143132022900041    
20180325143132022900731    
20180325143132022900591    
20180325143132022905011    
20180325143132022905022    
20180325143227025100103    
20180325143227025100032    
20180325143227025100041    
20180325143227025100201    
20180325143227025100211    
20180325143227025105042    
20180325143227025100281    
20180325143227025140532    
20180325143227025105021    
20180325143227025105032    
20180325143227025105121    
20180325143227025105152    
20180325143534801500033    
20180325143534801500042    
20180325143534801500201    
20180325143534801500211    
20180325143534801500221    
20180325143534801500401    
20180325143534801500572    
20180325143534801500751    
20180325143534801500301    
20180325143534801500105    
20180325143534801500081    
20180325143534801500771    
20180325143534801505022    
20180325143534801505033    
20180325143534801505043    
20180325143534801505122    
20180325143534801505141    
20180325143534801505157    
20180325143534801505162    
20180325143534801540112    
20180325143534801540171    
20180325143534801505202    
20180325143534801540211    
20180325143534801540535    
20180325143534801580014    
20180325143534801580021    
20180325143534801500062    
20180325143534801500071    
20180325143534801540391    
20180325143534801502041    
20180325143553006700071    
20180325143553006705141    
20180325143553006700221    
20180325143553006705172    
20180325143553006700771    
20180325143553006740533    
20180325143628022700101    
20180325143628022700041    
20180325143628022700071    
20180325143628022705011    
20180325143628022705031    
20180325143628022705171    
20180325143628022740201    
20180325143628022740211    
201803251436280227405510   
20180325143922028700031    
20180325143922028700041    
20180325143922028705041    
20180325143922028740131    
20180325143922028740212    
201803251439220287405212   
201803251439220287405310   
201803251439220287405510   
20180325143922028700062    
201803251439307809000710   
20180325143930780900213    
20180325143930780900231    
20180325143930780900401    
20180325143930780905022    
201803251439307809050710   
20180325143930780905132    
20180325143930780905172    
20180325143930780940201    
20180325143930780940212    
20180325143930780940221    
201803251439307809405520   
201803251439307809990115   
201803251439307809990215   
20180325144100003800032    
20180325144100003800042    
20180325144100003800104    
20180325144100003805041    
20180325144100003802041    
20180325144100003805162    
20180325144100003800071    
20180325144103803000032    
20180325144103803000042    
20180325144103803000201    
20180325144103803000211    
20180325144103803000401    
20180325144103803000451    
20180325144103803000581    
20180325144103803000104    
20180325144103803005022    
20180325144103803005122    
20180325144103803040525    
20180325144103803000062    
20180325144103803000072    
20180325144103803003002    
20180325144158015785004    
20180325144158015700031    
20180325144158015700211    
20180325144158015702041    
20180325144158015705041    
20180325144158015705161    
20180325144203780000034    
20180325144203780000043    
201803251442037800000612   
20180325144203780000107    
20180325144203780000731    
20180325144203780005042    
20180325144203780005121    
201803251442037800401110   
20180325144352780700034    
20180325144352780700044    
20180325144352780700108    
20180325144352780702041    
20180325144352780705042    
20180325144352780740112    
20180325144425800000033    
20180325144425800000042    
20180325144425800000105    
20180325145115028200103    
20180325145115028200032    
20180325145115028200042    
20180325145115028200063    
20180325145115028200076    
20180325145115028240535    
20180325145115028205122    
20180325145115028205142    
20180325145115028205075    
20180325145115028280042    
201803251451150282405520   
20180325145115028240201    
20180325145115028200201    
20180325145115028202041    
201803251452418040050715   
20180325145241804005135    
20180325145557026100061    
20180325145557026100031    
20180325145557026100041    
20180325145557026100103    
20180325145557026100571    
20180325145557026105031    
20180325145557026105021    
20180325145557026100281    
20180325145557026105151    
20180325145929801805041    
20180325145929801802042    
20180325150318011405045    
20180325150318011440523    
20180325150318011400062    
20180325150318011400032    
20180325150318011400042    
20180325150318011400104    
20180325150318011400401    
20180325150435029400033    
20180325150435029400042    
20180325150435029400073    
20180325150435029400104    
20180325150435029400211    
20180325150435029400281    
20180325150435029400581    
20180325150435029400721    
20180325150435029402043    
20180325150435029405023    
20180325150435029405043    
20180325150435029405211    
20180325150435029440391    
20180325150435029440526    
20180325150435029440535    
20180325150435029480014    
20180325150537005700036    
20180325150537005700041    
20180325150537005700107    
20180325150537005705121    
201803251505370057000723   
20180325150537005780011    
20180325150537005780021    
20180325150537005740531    
20180325150537005702041    
20180325150607013000108    
20180325150607013000035    
20180325150607013000043    
201803251507180077001013   
20180325150718007700036    
20180325150718007700045    
20180325150718007700571    
20180325150718007700062    
20180325150718007700076    
20180325150718007700401    
20180325150718007703001    
20180325150718007700581    
20180325150718007780016    
20180325150718007740525    
20180325150718007700221    
20180325150718007700211    
20180325150718007700251    
20180325150718007705152    
20180325150718007705174    
20180325150718007780022    
20180325150825803300031    
20180325150825803300041    
20180325150825803300751    
20180325150825803300102    
20180325150825803300281    
20180325150825803305021    
20180325150825803305151    
20180325150825803305201    
20180325150825803340212    
20180325150825803340525    
20180325150825803380014    
20180325150825803380021    
20180325150825803300072    
20180325150825803340391    
20180325150858801840523    
20180325150858801880012    
20180325151004006600033    
20180325151004006600042    
20180325151004006600731    
20180325151004006600106    
20180325151033020100102    
20180325151033020100031    
20180325151033020100041    
20180325151033020100772    
20180325151033020100632    
20180325151033020105042    
201803251511067998002010   
20180325151533016900103    
20180325151533016900032    
20180325151533016900041    
20180325151533016900571    
20180325151533016900073    
20180325151533016900631    
20180325151533016940525    
201803251515330169050710   
201803251518110274990124   
201803251518110274990212   
20180325151811027400063    
20180325151811027400076    
20180325151811027405232    
20180325151811027403002    
20180325151811027402042    
20180325151811027440222    
20180325151811027440202    
20180325151811027400721    
201803251518110274405210   
201803251518110274405310   
201803251518110274405520   
20180325151811027405153    
20180325151851002700031    
20180325151851002700041    
20180325151851002700101    
20180325151851002705202    
20180325151912023900061    
20180325151912023999016    
20180325151912023999026    
20180325151912023900401    
20180325151912023940201    
20180325151912023905033    
20180325151912023905121    
20180325151939028600031    
20180325151939028600041    
20180325151939028600061    
20180325151939028600101    
20180325151939028600281    
20180325151939028602041    
20180325151939028605033    
20180325151939028605043    
20180325151939028605162    
20180325151939028605202    
20180325151939028680014    
20180325151939028680022    
20180325151953028800031    
20180325151953028800062    
20180325151953028800071    
20180325151953028800201    
20180325151953028800571    
20180325151953028805121    
20180325151953028805142    
20180325151953028805151    
20180325151953028805161    
20180325151953028840529    
20180325151953028840537    
20180325151953028880012    
20180325151953028880021    
20180325151956010700581    
20180325151956010700571    
20180325151956010700073    
20180325151956010700042    
20180325151956010700102    
20180325151956010700251    
20180325151956010700721    
20180325151958012500101    
20180325151958012500031    
20180325151958012500071    
20180325151958012505121    
20180325151958012540021    
201803251519580063405310   
20180325152009802300104    
20180325152009802300032    
20180325152009802300042    
20180325152009802300062    
20180325152009802300202    
20180325152009802300211    
20180325152009802300221    
20180325152009802302042    
20180325152009802300591    
20180325152009802340525    
20180325152009802340535    
20180325152009802380014    
20180325152009802380023    
20180325152009802380031    
20180325152009802305011    
20180325152009802305022    
20180325152009802305036    
20180325152009802305042    
20180325152009802305122    
20180325152009802305142    
20180325152009802305152    
20180325152009802305162    
20180325152009802305202    
20180325152009802340021    
20180325152009802340113    
20180325152009802340171    
20180325152009802340391    
20180325152018025800033    
20180325152018025800042    
20180325152018025800301    
20180325152018025800105    
20180325152018025805202    
20180325152018025800061    
20180325152018025840391    
20180325152018025802042    
20180325152057028800591    
20180325152057028800731    
20180325152057028800751    
20180325152119803005121    
20180325152119803080018    
20180325152119803080028    
20180325152151801840555    
20180325152255001100103    
20180325152255001100031    
20180325152255001100042    
20180325152255001100631    
20180325152255001100401    
20180325152255001105151    
20180325152949028800101    
20180325153030024600103    
20180325153030024600031    
20180325153030024600041    
20180325153030024600071    
20180325153030024605021    
20180325153030024605122    
20180325153030024605171    
20180325153030024605211    
20180325153030024680011    
20180325153030024680021    
20180325153603009800281    
20180325153603009805021    
20180325153603009805122    
20180325153603009840211    
20180325153603009880011    
20180325153603009800071    
201803251536030098990112   
20180325153603009899026    
20180325153603009803001    
20180325153623015600106    
20180325153623015600033    
20180325153623015600043    
20180325153623015600571    
20180325153623015600081    
20180325153623015600063    
20180325153623015605232    
20180325153623015600201    
20180325153623015600211    
20180325153623015600221    
20180325153623015602041    
20180325153623015600281    
20180325153623015600751    
20180325153623015640524    
20180325153623015640552    
20180325153623015605021    
20180325153623015605032    
20180325153623015605043    
20180325153623015605152    
20180325153623015605204    
20180325153657008200301    
20180325153657008205046    
20180325153657008200072    
20180325153853006200102    
20180325153853006200031    
20180325153853006200041    
20180325154247002000031    
20180325154247002000041    
20180325154247002000102    
20180325154247002005041    
20180325154247002080022    
20180325154247002000061    
20180325154342013300103    
20180325154342013300032    
20180325154342013300041    
20180325154342013300772    
20180325154342013340171    
20180325154434600500213    
20180325154434600500221    
20180325154434600500573    
20180325154434600500721    
20180325154434600500731    
20180325154434600500751    
20180325154434600500282    
20180325154434600505022    
20180325154434600505033    
20180325154434600505042    
20180325154434600540021    
20180325154434600540141    
20180325154434600540171    
20180325154434600540201    
20180325154434600540213    
20180325154434600540221    
201803251544346005405530   
20180325154434600580014    
20180325154434600580021    
20180325154434600500062    
20180325154434600500076    
20180325154434600540393    
201803251544346005990124   
201803251544346005990218   
20180325154434600502045    
20180325154434600505232    
20180325154434600503002    
20180325154826028700102    
20180325155247022400101    
20180325155247022400031    
201803251552470224405210   
20180325155247022405152    
20180325155247022440391    
20180325155704803900032    
20180325155704803900042    
20180325155704803900201    
20180325155704803900571    
20180325155704803900103    
20180325155704803900061    
20180325155909804100031    
20180325155909804100041    
20180325155909804100571    
20180325155909804100102    
20180325155909804100072    
