20180523223316102610122    
20180523223316102610141    
20180523223316102610305    
20180523223316102610491    
20180523223316102610625    
20180523223316102615162    
20180523223316102620021    
20180523223316102630035    
20180523223316102630045    
20180523223316102630055    
20180523223316102630701    
20180523223316102630892    
201805232246021044102515   
20180523224602104410328    
201805232246021044103410   
20180523224602104410422    
20180523224602104410433    
20180523224602104410672    
20180523224602104410672    
20180523224602104410687    
201805232246021044109510   
20180523224602104420055    
201805232246021044200810   
20180523224602104420193    
20180523224602104420213    
20180523224602104420241    
20180523224602104420383    
201805232246021044300210   
20180523224602104430332    
20180523224602104430461    
20180523224602104430922    
20180523231033106810651    
20180523231033106815231    
20180523231033106830013    
20180523231033106830031    
20180523231033106830381    
20180523231735108510211    
20180523231735108510221    
20180523231735108510253    
20180523231735108510345    
20180523231735108510623    
20180523231735108510643    
20180523231735108510943    
20180523231735108510955    
20180523231735108510971    
20180523231735108515371    
20180523231735108530195    
20180523231735108530202    
20180523231735108530271    
20180523231735108530891    
20180523231735108530921    
20180523233112101110022    
20180523233112101110121    
20180523233112101110173    
20180523233112101110651    
20180523233112101110681    
20180523233112101115041    
20180523233112101115351    
20180523233112101115401    
20180523233112101130011    
20180523233112101130271    
20180523233112101130331    
20180523233112101130461    
20180524001024108810681    
20180524001024108810942    
20180524001024108815041    
20180524001024108815251    
20180524001024108830015    
20180524001024108830033    
20180524001024108830045    
20180524001024108830111    
20180524001510110510321    
20180524001510110510342    
20180524001510110510681    
20180524001510110510841    
20180524001510110510861    
20180524001510110515051    
20180524001510110515351    
20180524001510110520082    
20180524001510110520101    
20180524001510110530022    
20180524001510110530192    
20180524001510110540091    
20180524004150106410253    
20180524004150106410322    
20180524004150106410651    
20180524004150106410681    
20180524004150106420311    
20180524004150106430015    
20180524004150106430061    
20180524004150106430461    
20180524004257100110101    
20180524004257100110255    
20180524004257100110645    
20180524004257100110861    
20180524004257100115161    
20180524004257100120093    
20180524004257100130891    
20180524004613108010253    
20180524004613108010271    
20180524004613108010323    
20180524004613108010345    
20180524004613108010491    
20180524004613108010645    
20180524004613108010651    
20180524004613108010681    
20180524004613108010971    
20180524004613108015401    
20180524004613108020101    
20180524004613108020192    
20180524004613108020202    
20180524004613108030025    
20180524004613108030031    
20180524004613108030055    
20180524004613108030331    
20180524004613108030381    
20180524004613108030731    
20180524005152108110125    
20180524005152108110271    
20180524005152108110325    
20180524005152108110471    
20180524005152108110651    
20180524005152108110661    
20180524005152108110955    
20180524005152108115261    
20180524005152108115371    
20180524005152108115421    
201805240051521081202012   
20180524005152108120311    
20180524005152108125251    
20180524005152108125261    
20180524005152108125271    
20180524005152108130025    
20180524005152108130112    
201805240051521081301910   
20180524005152108130272    
201805240051521081307010   
20180524005152108130892    
20180524012937102410325    
20180524012937102410471    
20180524012937102410652    
20180524012937102410681    
20180524012937102415042    
20180524012937102415071    
20180524012937102415111    
20180524012937102415261    
20180524012937102415291    
20180524012937102415331    
20180524012937102415351    
20180524012937102415401    
20180524012937102415421    
20180524012937102420021    
20180524012937102420052    
201805240129371024202012   
201805240129371024300110   
20180524012937102430035    
20180524012937102430251    
20180524012937102430271    
20180524012937102430701    
20180524012937102430731    
20180524013530107610861    
20180524013530107620222    
20180524013530107620462    
20180524013530107630042    
20180524013530107630381    
20180524014831104110308    
20180524014831104110626    
20180524014831104110651    
20180524014831104110661    
20180524014831104115331    
20180524014831104120271    
20180524014831104130055    
20180524014831104130231    
20180524014831104130251    
20180524014831104130331    
20180524015453103510071    
20180524015453103510141    
20180524015453103510211    
20180524015453103510255    
20180524015453103510271    
20180524015453103510342    
20180524015453103510421    
20180524015453103510651    
20180524015453103510663    
20180524015453103510681    
20180524015453103510861    
20180524015453103510871    
20180524015453103510971    
20180524015453103515031    
20180524015453103515162    
20180524015453103515211    
20180524015453103515352    
20180524015453103515371    
20180524015453103520092    
20180524015453103520191    
201805240154531035202012   
20180524015453103525251    
20180524015453103530025    
20180524015453103530033    
20180524015453103530111    
20180524015453103530131    
20180524015453103530381    
20180524015453103530701    
20180524015453103530731    
20180524021924108910347    
20180524021924108910351    
20180524021924108910681    
20180524021924108910302    
20180524021924108910791    
20180524021924108910841    
20180524021924108930052    
20180524021924108930381    
20180524021924108910952    
20180524021924108910991    
20180524021924108910831    
201805240219241089300210   
20180524022428110410322    
20180524022428110410651    
20180524022428110415211    
20180524022428110430042    
20180524022428110430351    
