20180707100928802100032    
20180707100928802100041    
20180707100928802100201    
20180707100928802100721    
20180707100928802100752    
20180707100928802105041    
20180707100928802105121    
20180707100928802105152    
20180707100928802140211    
20180707100928802180014    
20180707100928802180024    
20180707100928802180041    
20180707100928802100072    
20180707100928802102041    
20180707101349802500031    
20180707101349802500041    
20180707101349802500751    
20180707101349802500102    
20180707101349802505021    
20180707101349802505042    
20180707101349802505121    
20180707101349802505141    
20180707101349802580012    
20180707101349802580021    
20180707101349802500061    
20180707102504801900033    
20180707102504801900043    
20180707102504801900202    
20180707102504801900441    
20180707102504801900631    
20180707102504801900106    
20180707102504801905021    
20180707102504801905032    
20180707102504801905046    
20180707102504801905075    
20180707102504801905124    
20180707102504801905131    
20180707102504801905152    
20180707102504801905203    
20180707102504801900062    
20180707102504801940391    
20180707102504801902042    
20180707105518802000103    
20180707105518802000031    
20180707105518802000042    
20180707105518802000571    
20180707105518802000072    
20180707105518802000221    
20180707105518802002042    
20180707105518802000581    
20180707105518802080014    
20180707105518802080022    
20180707105518802005033    
20180707105518802005043    
20180707105518802040113    
201807071222498013000310   
20180707122249801300048    
201807071222498013001018   
20180707122249801380014    
20180707122249801300066    
20180707125612801400031    
20180707125612801400041    
20180707125612801400202    
20180707125612801400581    
20180707125612801400102    
20180707125612801405033    
20180707125612801405042    
20180707125612801405075    
20180707125612801405131    
20180707125612801405141    
20180707125612801405152    
20180707125612801440211    
20180707125612801480012    
20180707125612801400061    
20180707125612801400071    
20180707125612801402043    
20180707133526500200032    
20180707133526500200041    
20180707133526500200572    
20180707133526500200753    
20180707133526500200104    
20180707133526500205021    
20180707133526500205041    
20180707133526500205075    
20180707133526500205131    
20180707133526500205143    
20180707133526500205153    
20180707133526500240201    
20180707133526500240212    
20180707133526500240525    
201807071335265002405310   
20180707133526500280031    
20180707133526500200072    
20180707133526500202041    
20180707133526500280052    
20180707133526500280071    
20180707133526500280096    
20180707133526500280106    
20180707135022801500034    
20180707135022801500044    
20180707135022801500212    
20180707135022801500402    
20180707135022801500581    
20180707135022801500108    
20180707135022801505021    
20180707135022801505045    
20180707135022801505124    
20180707135022801540131    
20180707135022801580016    
20180707135022801580024    
20180707135022801500076    
20180707135022801502042    
20180707135447023000032    
20180707135447023000041    
20180707135447023000104    
20180707135447023005122    
20180707135447023080014    
20180707135447023000071    
20180707135447023000061    
20180707135447023040525    
20180707135447023005131    
20180707135447023005075    
20180707135447023005151    
20180707135447023005172    
20180707135447023005042    
20180707135447023002041    
20180707135447023000211    
20180707135447023005021    
20180707140704027840201    
20180707140704027840221    
20180707141336801600032    
20180707141336801600041    
20180707141336801600211    
20180707141336801600401    
20180707141336801600571    
20180707141336801600301    
20180707141336801600103    
20180707141336801605033    
20180707141336801605041    
20180707141336801605121    
20180707141336801605142    
20180707141336801640112    
20180707141336801640201    
20180707141336801640212    
20180707141336801640525    
20180707141336801640535    
20180707141336801680013    
20180707141336801680021    
20180707141336801600062    
20180707141336801600071    
20180707143742801940211    
20180707143742801940535    
201807071437428019405510   
20180707144628802400031    
20180707144628802400041    
20180707144628802400102    
20180707144628802400081    
20180707144628802405021    
20180707144628802405041    
20180707144628802405152    
20180707144628802440172    
20180707144628802440212    
201807071446288024405510   
20180707144628802480022    
20180707144628802480031    
20180707144628802400061    
20180707144628802400072    
20180707144628802440391    
20180707144628802402042    
20180707145725802300104    
20180707145725802300033    
20180707145725802300042    
20180707145725802300571    
20180707145725802300072    
20180707145725802300202    
20180707145725802300212    
20180707145725802300221    
20180707145725802300231    
20180707145725802300721    
20180707145725802302042    
20180707145725802300401    
201807071457258023405210   
201807071457258023405310   
20180707145725802340213    
20180707145725802380014    
20180707145725802380031    
20180707145725802305221    
20180707145725802303001    
20180707145725802305022    
20180707145725802305042    
20180707145725802305132    
20180707145725802340112    
20180707145725802340121    
20180707145725802340141    
20180707145812803900031    
20180707145812803900102    
201807071458128039405520   
20180707145911801800031    
20180707145911801800101    
20180707145911801805041    
20180707145911801805075    
20180707145911801805121    
20180707145911801805131    
20180707145911801840201    
20180707145911801840211    
20180707145911801840534    
20180707145911801840555    
20180707145911801800061    
20180707145911801800071    
20180707152106801500302    
20180707153757804000032    
20180707153757804000041    
20180707153757804000061    
20180707153757804000072    
20180707153757804000102    
20180707153757804000211    
20180707153757804002041    
20180707153757804005021    
20180707153757804005031    
20180707153757804005042    
20180707153757804005121    
20180707153757804005132    
20180707153757804040391    
20180707153757804080012    
20180707153757804080021    
20180707154745801700033    
20180707154745801700044    
20180707154745801700202    
20180707154745801700212    
20180707154745801700221    
20180707154745801700571    
20180707154745801700581    
20180707154745801700631    
20180707154745801700721    
20180707154745801700751    
20180707154745801700107    
20180707154745801705022    
20180707154745801705032    
20180707154745801705043    
201807071547458017050711   
20180707154745801705126    
20180707154745801705132    
20180707154745801705142    
20180707154745801705152    
20180707154745801740112    
20180707154745801705204    
20180707154745801780019    
20180707154745801780024    
20180707154745801780031    
20180707154745801700062    
20180707154745801700073    
20180707154745801702043    
