20180424164115202211012    
20180424164115202211021    
20180424164655302611021    
201804241646553026111110   
20180424164655302611012    
20180424164655302612031    
20180424180921301511021    
20180424180921301511012    
20180424180921301511141    
20180424180921301512061    
20180424180921301512071    
20180424185603201411011    
20180424185603201411021    
20180424190452302011011    
20180424190452302011021    
20180424190452302011081    
20180424192843201011021    
20180424192843201011012    
20180424194447200311021    
20180424194447200311041    
20180424194447200311011    
20180424200659200111014    
20180424200659200111131    
20180424200659200111141    
20180424200659200113111    
20180424201326200511012    
20180424201326200511021    
20180424202553202311031    
20180424202553202311011    
