2018041920373021152001100  
20180419203730211520061    
20180419203730211520071    
20180419203730211520081    
20180419203730211520321    
201804192037302115206510   
201804192104512061200160   
20180419210451206120081    
20180419210451206120321    
20180419210451206120071    
20180419210451206120655    
20180419210451206120911    
201804192213122027200180   
20180419221312202720061    
20180419221312202720071    
20180419221312202720081    
20180419221312202720321    
201804192213122027206510   
201804192305052046200180   
20180419230505204620061    
20180419230505204620081    
20180419230505204620901    
201804192316272026200180   
20180419231627202620061    
20180419231627202620071    
20180419231627202620081    
20180419231627202620321    
201804192316272026206520   
20180419231627202621021    
2018041923175520342001160  
20180419231755203420055    
20180419231755203420062    
20180419231755203420071    
20180419231755203420081    
20180419231755203420301    
20180419231755203420321    
201804192317552034206520   
20180419231755203421041    
2018041923233420692001120  
20180419232334206920061    
20180419232334206920072    
20180419232334206920081    
20180419232334206920321    
201804192323342069206515   
20180419232334206921041    
201804192331152291200120   
20180419233115229120061    
20180419233115229120081    
20180419233115229120655    
20180419233115229121041    
20180419233115229120545    
2018041923380820942001140  
20180419233808209420062    
20180419233808209420071    
20180419233808209420321    
201804192338082094206515   
20180419233808209420901    
20180419233808209421121    
2018041923463320322001120  
20180419234633203220062    
20180419234633203220072    
20180419234633203220081    
201804192346332032206510   
20180419234633203221041    
201804192353162050200140   
20180419235316205020072    
20180419235316205020652    
2018041923534722302001100  
20180419235347223020062    
20180419235347223020071    
20180419235347223020081    
20180419235347223020321    
201804192353472230206515   
2018041923561120912001180  
20180419235611209120062    
20180419235611209120072    
20180419235611209120082    
20180419235611209120321    
201804192356112091206520   
20180419235611209120901    
20180419235611209120921    
20180419235611209121021    
201804200007222226200140   
20180420000722222620321    
201804200007222226206510   
2018042000155720432001140  
20180420001557204320062    
20180420001557204320071    
20180420001557204320081    
20180420001557204320301    
201804200015572043206525   
20180420001557204321041    
20180420001557204321121    
2018042001464713812001120  
20180420014647138120061    
20180420014647138120301    
20180420014647138120321    
20180420014647138120072    
201804200146471381206515   
