20180701141826103410041    
20180701141826103410134    
20180701141826103410224    
20180701141826103410262    
20180701141826103420072    
20180701141826103440031    
20180701141826103440151    
20180701141826103441032    
20180701162246102010021    
20180701162246102010031    
20180701162246102010041    
20180701162246102010051    
20180701162246102010061    
20180701162246102010091    
201807011622461020101810   
20180701162246102010224    
20180701162246102020001    
201807011622461020300410   
20180701162246102030071    
20180701162246102040031    
20180701162246102040122    
20180701162246102041033    
20180701163707102010138    
20180701164415203910011    
20180701164415203910022    
20180701164415203910031    
20180701164415203910041    
20180701164415203910051    
20180701164415203910061    
20180701164415203910081    
20180701164415203910091    
20180701164415203910105    
20180701164415203920085    
20180701164415203940122    
20180701164415203978032    
20180701164415203978042    
20180701172124100110021    
20180701172124100110031    
20180701172124100110041    
20180701172124100110061    
20180701172124100110131    
20180701172124100110202    
20180701172124100110222    
20180701172124100120022    
20180701172124100140052    
20180701172124100140061    
20180701172124100140123    
20180701172124100140151    
20180701172124100141031    
20180701172124100141041    
20180701172124100141051    
20180701172124100141071    
20180701182231102020021    
201807011911182025100320   
20180701191118202510041    
20180701191118202510051    
20180701191118202510131    
20180701191118202510185    
20180701191118202510201    
20180701191118202510223    
20180701191118202510262    
20180701191118202530061    
201807011911182025310320   
20180701191118202540051    
20180701191118202540111    
20180701191118202541041    
20180701200653204010031    
20180701200653204010132    
20180701200653204010162    
20180701200653204010221    
20180701200653204010261    
20180701200653204020021    
20180701200653204020081    
20180701200653204030061    
20180701200653204040151    
20180701200653204040191    
20180701200653204041031    
20180701200653204060081    
20180701200653204061033    
20180701200653204061042    
201807012046072035100320   
20180701204607203510041    
20180701204607203510061    
20180701204607203510132    
20180701204607203510183    
20180701204607203510191    
20180701204607203540031    
20180701204607203541032    
20180701205416104510021    
201807012054161045100320   
20180701205416104510041    
20180701205416104510133    
20180701205416104510202    
20180701205416104510222    
20180701205416104510261    
20180701205416104520011    
20180701205416104520031    
20180701205416104540001    
20180701205416104540013    
20180701205416104540151    
20180701205416104541031    
20180701205416104541071    
20180701205416104560081    
20180701205416104561033    
20180701205928104110011    
20180701205928104110022    
20180701205928104110041    
20180701205928104110061    
20180701205928104110101    
20180701205928104110132    
20180701205928104110182    
20180701205928104110202    
20180701205928104110222    
20180701205928104110262    
20180701205928104130121    
201807012059281041310310   
20180701205928104140031    
20180701205928104140151    
20180701205928104140191    
20180701205928104141035    
20180701205928104141042    
20180701210223204910021    
201807012102232049100320   
20180701210223204910041    
20180701210223204910101    
20180701210223204910132    
20180701210223204910202    
20180701210223204910221    
20180701210223204910262    
20180701210223204920022    
20180701210223204920051    
201807012102232049310320   
20180701210223204940051    
20180701210223204941032    
20180701210223204941041    
20180701210223204977791    
20180701210255205110011    
20180701210255205110021    
20180701210255205110032    
20180701210255205110136    
20180701210255205110203    
20180701210255205140055    
20180701210255205140101    
20180701210255205140122    
20180701210255205140191    
20180701210255205141033    
20180701211029104010022    
201807012110291040100340   
20180701211029104010042    
20180701211029104010161    
20180701211029104010181    
20180701211029104010202    
20180701211029104010222    
20180701211029104010263    
20180701211029104020021    
20180701211029104020061    
20180701211029104040002    
20180701211029104040015    
20180701211029104040021    
20180701211029104040111    
20180701211029104040151    
20180701211029104040191    
20180701211029104041032    
20180701211029104041041    
20180701211053205140015    
20180701212741203710021    
20180701212741203710042    
20180701212741203710133    
20180701212741203720061    
201807012127412037300410   
20180701212741203740015    
20180701212741203740051    
20180701212741203740151    
20180701212741203710031    
20180701212741203710202    
20180701212741203741034    
20180701212741203741041    
20180701212741203731031    
20180701212741203710222    
20180701212741203730121    
20180701212741203740191    
20180701212741203741051    
20180701212741203741071    
20180701212741203760081    
20180701212741203761042    
20180701212903103310011    
20180701212903103310041    
20180701212903103310135    
20180701212903103320021    
20180701212903103320041    
20180701212903103340052    
20180701212903103340151    
20180701212903103320001    
20180701212903103310201    
20180701212903103341041    
20180701212903103310181    
20180701212903103310191    
20180701212903103310221    
20180701212903103310262    
20180701212903103310165    
20180701212903103377791    
20180701215250104810021    
20180701215250104810032    
20180701215250104810041    
20180701215250104810072    
20180701215250104810102    
20180701215250104810162    
20180701215250104810191    
20180701215250104810202    
20180701215250104810221    
20180701215250104810262    
20180701215250104831031    
20180701215250104840052    
20180701215250104841035    
20180701220112204510011    
20180701220112204510021    
201807012201122045100320   
20180701220112204510041    
20180701220112204510091    
20180701220112204510101    
20180701220112204510131    
20180701220112204510202    
20180701220112204510221    
20180701220112204510261    
20180701220112204541033    
20180701220311204510011    
20180701220311204510021    
201807012203112045100320   
20180701220311204510041    
20180701220311204510091    
20180701220311204510101    
20180701220311204510131    
20180701220311204510202    
20180701220311204510221    
20180701220311204510261    
20180701220311204540031    
20180701220311204541033    
20180701222133103510081    
20180701222133103510091    
20180701222133103510165    
20180701222133103510191    
20180701222133103520011    
20180701222133103520071    
20180701222133103531031    
20180701222133103540012    
20180701222133103540021    
20180701222133103540191    
20180701222133103541031    
201807012221331035500910   
201807020138381042100320   
20180702013838104210133    
20180702013838104210202    
20180702013838104210262    
20180702013838104230071    
201807020138381042310320   
20180702013838104240001    
20180702013838104240012    
20180702013838104240021    
20180702013838104261042    
20180702015701103210021    
201807020157011032100325   
20180702015701103210041    
20180702015701103210051    
20180702015701103210061    
20180702015701103210105    
20180702015701103210134    
20180702015701103210165    
20180702015701103210202    
20180702015701103210223    
20180702015701103220072    
20180702015701103240018    
20180702015701103240024    
20180702015701103240031    
20180702015701103241035    
