2018032821511921052001100  
20180328215119210520652    
20180328215119210520051    
20180328215119210520061    
20180328215119210520901    
20180328215119210520071    
20180328215119210520321    
20180328215119210520911    
201803282205331371200180   
20180328220533137120061    
20180328220533137120084    
20180328220533137120301    
20180328220533137120321    
20180328220533137120655    
201803282205531369200160   
20180328220553136920061    
20180328220553136920082    
20180328220553136920655    
2018032822512921242001100  
20180328225129212420061    
20180328225129212420071    
20180328225129212420301    
2018032822520320232001120  
20180328225203202320062    
20180328225203202320072    
20180328225203202320091    
20180328225203202320301    
20180328225203202320655    
2018032823441820682001100  
20180328234418206820062    
20180328234418206820081    
20180328234418206820321    
20180328234418206820072    
20180328234418206820657    
20180328234418206820901    
2018032823482620862001140  
20180328234826208620051    
20180328234826208620062    
20180328234826208620072    
20180328234826208620082    
20180328234826208620321    
201803282348262086205210   
201803282348262086206510   
20180328234826208620901    
20180328234826208620931    
201803282354221477200160   
20180328235422147720062    
20180328235422147720301    
20180328235422147720655    
20180328235422147720931    
201803290004402107200160   
20180329000440210720061    
20180329000440210720082    
2018032900092910262001100  
20180329000929102620053    
20180329000929102620061    
20180329000929102620071    
20180329000929102620081    
20180329000929102620321    
20180329000929102620652    
20180329000929102620931    
201803290012342031200160   
20180329001234203120051    
20180329001234203120061    
20180329001234203120071    
20180329001234203120321    
20180329001234203120521    
20180329001234203120551    
20180329001234203120653    
20180329001234203120901    
201803290023011370200160   
20180329002301137020051    
20180329002301137020652    
20180329002301137020072    
20180329002301137020062    
20180329002301137020322    
201803290052011018200290   
20180329005201101820052    
20180329005201101820062    
20180329005201101820081    
20180329005201101820271    
20180329005201101820301    
20180329005201101820321    
20180329005201101820652    
201803290100291002200160   
20180329010029100220061    
20180329010029100220161    
20180329010029100220321    
20180329010029100220655    
20180329010029100220901    
20180329010029100220911    
2018032901083114652001100  
20180329010831146520321    
2018032901325622292001120  
20180329013256222920053    
20180329013256222920062    
20180329013256222920301    
20180329013256222920322    
20180329013256222920071    
20180329013256222920658    
20180329013256222920931    
2018032902171920292001160  
20180329021719202920054    
20180329021719202920062    
20180329021719202920072    
20180329021719202920081    
20180329021719202920271    
20180329021719202920301    
20180329021719202920321    
20180329021719202920551    
201803290217192029206520   
20180329021719202920911    
20180329021719202921021    
20180329021719202921041    
2018032902512510222001140  
20180329025125102220061    
20180329025125102220071    
20180329025125102220083    
20180329025125102220321    
201803290251251022206515   
20180329025125102220911    
201803290251341021200160   
20180329025134102120051    
20180329025134102120061    
20180329025134102120071    
20180329025134102120081    
20180329025134102120901    
20180329025134102120654    
20180329043333136720303    
201803290433331367206520   
20180329043333136721041    
20180329043333136720061    
201803290433331367200180   
20180329043333136720321    
20180329043333136720071    
