20180113221749102610625    
20180113221749102610861    
20180113221749102615061    
20180113221749102615071    
20180113221749102615211    
20180113221749102620021    
20180113221749102620271    
20180113222358110510272    
20180113222358110510282    
20180113222358110510652    
20180113222358110515351    
20180113222358110520101    
20180113222358110520271    
20180113222358110520311    
20180113222358110530061    
20180113222358110530381    
20180114025634104110141    
20180114025634104110382    
20180114025634104110437    
20180114025634104110625    
20180114025634104110661    
20180114025634104115101    
20180114025634104115291    
20180114025634104120011    
20180114025634104120101    
20180114025634104120111    
201801140256341041202012   
20180114025634104120271    
20180114025634104130016    
20180114025634104130032    
20180114025634104130055    
20180114025634104130195    
20180114025634104130205    
20180114025634104130251    
20180114025634104130271    
20180114025634104130381    
20180114175509107610381    
20180114175509107610861    
20180114175509107610971    
20180114175509107615061    
20180114175509107615211    
20180114175509107615351    
20180114175509107620192    
20180114211342106410682    
20180114211342106410953    
20180114211342106415041    
20180114211342106420311    
20180114211342106430331    
20180114211342106430923    
20180114213643105710141    
20180114213643105710255    
20180114213643105710271    
20180114213643105710342    
20180114213643105710381    
20180114213643105715071    
20180114213643105715161    
20180114213643105720101    
201801142136431057202012   
20180114213643105725091    
20180114213643105715251    
20180114213643105710622    
20180114213643105720401    
20180114213643105710651    
20180114213643105710661    
20180114213643105715401    
20180114213643105715421    
20180114213643105710301    
20180114213643105710821    
20180114213643105725241    
20180114213643105730015    
20180114213643105730033    
20180114213643105730451    
20180114213643105710952    
20180114213643105710991    
20180114223024100510285    
20180114223024100510972    
20180114223024100510981    
20180114223024100530053    
20180114223024100530381    
20180114223024100530921    
20180114230317110210211    
20180114230317110210221    
20180114230317110210271    
20180114230317110210421    
20180114230317110210471    
20180114230317110210681    
20180114230317110210861    
20180114230317110215351    
20180114230317110215401    
20180114230317110230081    
20180114230317110230251    
20180114230317110230351    
20180114230317110230381    
20180114230317110230731    
20180114230532109010141    
201801142305321090102510   
20180114230532109010382    
20180114230532109010422    
20180114230532109010471    
20180114230532109010862    
20180114230532109030251    
20180114230532109030701    
20180114231256106810305    
20180114231256106810372    
20180114231256106810651    
20180114231256106810861    
20180114231256106815161    
20180114231256106815262    
201801142312561068202010   
20180114231256106830271    
20180114232010103510025    
20180114232010103510071    
20180114232010103510172    
20180114232010103510255    
201801142320101035103410   
20180114232010103510351    
20180114232010103510362    
20180114232010103510371    
20180114232010103510471    
20180114232010103510491    
20180114232010103510625    
20180114232010103510681    
20180114232010103510863    
20180114232010103510942    
20180114232010103510957    
20180114232010103510971    
20180114232010103520021    
20180114232010103520052    
20180114232010103520101    
20180114232010103520311    
20180114232010103520402    
20180114232010103530015    
20180114232010103530033    
20180114232010103530111    
20180114232010103530511    
20180114232010103530702    
20180114232010103530732    
20180114232010103530891    
20180114232010103530921    
20180115000656104010211    
20180115000656104010221    
20180115000656104010253    
20180115000656104010271    
20180115000656104010431    
20180115000656104010633    
20180115000656104010871    
20180115000656104015211    
20180115000656104020101    
20180115000656104020192    
201801150006561040202012   
20180115000656104025121    
20180115000656104030015    
20180115000656104030451    
20180115000836100110023    
20180115000836100110255    
20180115000836100110433    
20180115000836100110642    
20180115000836100110861    
20180115000836100120021    
20180115000836100130081    
20180115000836100130195    
20180115000836100130202    
20180115000836100130691    
20180115000836100130891    
20180115000836100130921    
20180115000836100130941    
20180115002519108910271    
20180115002519108910321    
20180115002519108910345    
20180115002519108910381    
20180115002519108910431    
20180115002519108915041    
20180115002519108910651    
20180115002519108910681    
20180115002519108915331    
20180115002519108915351    
20180115002519108915371    
20180115002519108910121    
20180115002519108910302    
20180115002519108930041    
20180115002519108930271    
20180115002519108930381    
20180115002519108910981    
20180115005226106710122    
20180115005226106710221    
20180115005226106710307    
20180115005226106710344    
20180115005226106710624    
20180115005226106710651    
20180115005226106710661    
20180115005226106710871    
20180115005226106715211    
201801150052261067202012   
20180115005226106730032    
20180115005226106730042    
20180115005226106730054    
20180115005226106730121    
20180115013905102910021    
20180115013905102910071    
201801150139051029101210   
20180115013905102910212    
20180115013905102910222    
201801150139051029102520   
20180115013905102910271    
201801150139051029103010   
20180115013905102910325    
201801150139051029103410   
20180115013905102910625    
20180115013905102910661    
20180115013905102910684    
20180115013905102910864    
201801150139051029109510   
20180115013905102910991    
20180115013905102915041    
20180115013905102915131    
20180115013905102915161    
20180115013905102920011    
20180115013905102920021    
20180115013905102920101    
20180115013905102925241    
20180115013905102930015    
20180115013905102930035    
20180115013905102930351    
20180115013905102930691    
20180115013905102930701    
20180115013905102930961    
20180115025658110310174    
20180115025658110310255    
20180115025658110310271    
20180115025658110310682    
20180115025658110310861    
201801150256581103109510   
20180115025658110315061    
20180115025658110315161    
20180115025658110315251    
20180115025658110325151    
20180115025658110330042    
20180115025658110330055    
20180115025658110330192    
20180115025658110330202    
20180115025658110330271    
20180115025658110330601    
20180115025658110330691    
20180115025658110330891    
