20180226012357027700102    
20180226012357027700031    
20180226012357027700041    
20180226012357027700571    
20180226012357027700081    
20180226012357027700061    
20180226012357027700071    
20180226012357027700201    
20180226012357027700211    
20180226012357027702041    
20180226012357027740391    
20180226012357027740121    
20180226012357027700401    
20180226012357027740535    
20180226012357027740213    
201802260123570277405520   
20180226012357027705022    
20180226012357027705031    
20180226012357027705121    
20180226012357027705151    
20180226012357027705164    
20180226110316028200105    
20180226110316028200032    
20180226110316028200043    
20180226110316028200076    
20180226110316028200201    
20180226110316028202042    
201802261103160282405310   
20180226110316028240201    
20180226110316028240221    
20180226110316028280032    
20180226110316028205022    
20180226110316028205043    
20180226110316028205122    
20180226110316028240392    
20180226130528803300211    
20180226130528803302041    
20180226130528803300281    
20180226130528803300591    
20180226130528803340525    
201802261305288033405520   
20180226130528803305201    
20180226130528803300771    
20180226130528803340391    
20180226132117004800102    
20180226132117004800042    
20180226132117004805032    
20180226132117004805042    
20180226132117004800061    
20180226132117004800071    
20180226132438028500062    
20180226132438028500072    
20180226132438028500211    
20180226132438028500221    
20180226132438028500301    
20180226132438028503001    
20180226132438028505021    
20180226132438028505032    
20180226132438028505043    
20180226132438028505122    
20180226132438028505143    
20180226132438028540021    
20180226132438028540171    
20180226132438028540391    
20180226132438028580021    
20180226132438028599016    
20180226132438028599026    
20180226133213023200106    
20180226133213023200033    
20180226133213023200043    
20180226133213023200571    
20180226133213023200061    
20180226133213023200072    
20180226133213023200201    
20180226133213023200281    
20180226133213023202041    
20180226133213023240201    
20180226133213023200752    
20180226133213023200772    
20180226133213023205203    
20180226133213023280018    
20180226133213023205033    
20180226133213023205042    
20180226133213023205124    
20180226133213023205164    
20180226133213023205174    
20180226134727023700101    
20180226134727023700041    
20180226134727023700061    
20180226134727023700071    
20180226134727023700211    
20180226134727023700281    
20180226134727023780014    
20180226134727023705041    
20180226134727023705021    
20180226134727023705141    
20180226134727023705162    
20180226140140025500102    
20180226140140025500031    
20180226140140025500061    
20180226140140025500071    
20180226140140025500751    
20180226140140025540201    
20180226140140025540221    
20180226140140025540211    
20180226140140025505042    
20180226140140025505132    
20180226140936028700032    
20180226140936028700041    
20180226140936028700211    
20180226140936028700103    
20180226140936028705021    
20180226140936028705033    
20180226140936028740525    
20180226140936028700062    
20180226140936028700073    
20180226140936028740392    
20180226141508009500105    
20180226141508009500033    
20180226141508009500043    
20180226142103006700031    
20180226142103006700041    
20180226142103006700102    
20180226142103006705031    
20180226142103006700721    
20180226142103006700731    
20180226142112026100031    
20180226142112026100101    
20180226142112026100072    
20180226142112026100062    
20180226142112026105163    
20180226142112026100281    
20180226142339020700104    
20180226142339020700032    
20180226142339020700042    
20180226142339020700061    
20180226142339020700071    
20180226142339020700201    
20180226142339020700211    
20180226142339020700281    
20180226142339020700751    
20180226142339020740523    
20180226142339020740533    
20180226142339020740211    
20180226142339020740113    
20180226142339020705041    
20180226142339020705141    
20180226142339020780021    
20180226142339020705123    
20180226142418007900104    
20180226142418007900032    
20180226142418007900042    
20180226142418007905022    
20180226142418007905032    
20180226142418007905152    
20180226143240008900033    
20180226143240008900042    
20180226143240008900105    
20180226143240008900073    
20180226143240008900212    
20180226143240008905021    
20180226143240008905032    
20180226143240008905043    
20180226143240008905173    
201802261436050248001015   
20180226143605024800038    
20180226143605024800047    
20180226143605024800572    
20180226143605024800083    
20180226143605024800064    
20180226143605024800071    
20180226143605024800201    
20180226143605024802041    
20180226143605024805221    
20180226143605024805042    
20180226143605024805148    
201802261436050248051520   
20180226143605024805162    
20180226143605024840171    
201802261439220282405520   
20180226143922028240212    
20180226143922028205142    
20180226143922028280024    
20180226143949005700031    
20180226143949005700041    
20180226143949005700103    
20180226143949005705121    
20180226143949005780011    
20180226143949005780021    
20180226143949005700071    
20180226143949005700061    
20180226143949005740531    
20180226144745003200033    
20180226144745003200042    
20180226144745003200105    
20180226144745003240211    
20180226144745003205033    
20180226144842027900102    
20180226144842027900031    
20180226144842027900041    
20180226144842027900071    
20180226144842027900061    
20180226144842027900211    
20180226144842027902041    
20180226144842027900771    
20180226144842027940537    
20180226144842027940555    
20180226144842027905022    
20180226144842027905031    
20180226144842027905041    
20180226144842027905121    
20180226144842027905152    
20180226144842027905162    
20180226145121007600032    
20180226145121007600041    
20180226145121007600103    
20180226145121007600072    
20180226145121007605041    
20180226145121007640525    
20180226145121007605031    
20180226145125025505021    
20180226145125025500721    
20180226145618006300105    
20180226145618006300033    
20180226145618006300042    
20180226145618006300571    
20180226145618006300081    
20180226145618006300076    
20180226145618006300201    
20180226145618006300212    
20180226145618006300751    
20180226145618006302041    
201802261456180063405210   
20180226145618006380016    
20180226145618006380024    
20180226145618006305022    
20180226145618006305042    
20180226145618006305221    
20180226145618006305125    
20180226145618006305152    
20180226145618006305164    
20180226145958006600035    
20180226145958006600043    
20180226145958006600107    
20180226150102027400101    
20180226150102027400041    
20180226150102027400076    
20180226150102027440525    
20180226150102027440535    
20180226150102027440212    
201802261501020274405520   
20180226150102027405042    
20180226150316020000104    
20180226150316020000033    
20180226150316020000041    
20180226150316020000571    
20180226150316020000071    
20180226150316020005231    
20180226150316020003001    
20180226150316020000201    
20180226150316020000221    
20180226150316020000721    
20180226150316020002041    
20180226150316020040211    
20180226150316020040555    
20180226150316020005021    
20180226150316020005042    
20180226150316020005162    
20180226150819023000631    
20180226150819023000031    
20180226150819023000041    
20180226150819023000103    
20180226150819023005122    
20180226150819023000071    
20180226150819023000581    
20180226150819023005032    
20180226150819023000061    
20180226150819023005021    
20180226150819023040535    
20180226150819023005172    
20180226150819023000231    
20180226150819023005041    
20180226150819023000211    
20180226150819023000301    
20180226151042020100102    
20180226151042020100041    
20180226151042020100031    
20180226151042020180014    
20180226151050023999016    
20180226151050023999026    
20180226151050023900221    
20180226151050023900591    
20180226151050023940211    
201802261510500239405510   
20180226151050023905042    
20180226151050023905221    
20180226151050023905121    
20180226151050023905141    
20180226151150028800031    
20180226151150028800041    
20180226151150028800061    
20180226151150028800102    
20180226151150028800751    
20180226151150028803001    
20180226151150028805021    
20180226151150028805162    
20180226151150028805221    
20180226151150028840524    
20180226151150028840533    
20180226151150028880012    
20180226151150028880031    
20180226151242025800201    
20180226151242025800222    
20180226151242025800231    
20180226151242025840021    
20180226151242025805203    
20180226151242025840201    
20180226151242025800062    
20180226151242025800071    
20180226151242025802041    
20180226151242025805231    
20180226151300024600103    
20180226151300024600031    
20180226151300024600041    
20180226151300024600073    
20180226151300024600201    
20180226151300024602041    
20180226151300024605041    
20180226151300024605123    
20180226151300024605171    
20180226151300024640535    
20180226151300024680031    
20180226151300024680011    
20180226151300024680021    
20180226151730008700211    
20180226151730008700281    
20180226151730008700631    
20180226151730008700751    
20180226151730008702041    
20180226151730008705021    
20180226151730008705032    
20180226151730008705041    
20180226151730008705141    
20180226151730008705162    
20180226151730008740141    
20180226151730008740211    
20180226151730008740391    
20180226151740022900102    
20180226151740022900041    
20180226151740022900071    
20180226151740022905011    
20180226151740022905042    
20180226152027029300031    
20180226152027029300041    
20180226152027029300061    
20180226152027029300071    
20180226152027029300102    
20180226152027029300221    
20180226152027029300281    
20180226152027029300571    
20180226152027029300731    
20180226152027029302041    
20180226152027029305121    
20180226152027029305151    
20180226152027029305161    
20180226152035015600035    
20180226152035015600044    
20180226152035015600201    
20180226152035015600211    
20180226152035015600221    
20180226152035015600751    
20180226152035015600109    
20180226152035015600081    
20180226152035015600281    
20180226152035015605021    
20180226152035015605032    
20180226152035015605203    
20180226152035015600061    
20180226152035015600072    
20180226152511012500101    
20180226152511012500041    
20180226152511012505121    
20180226152511012505172    
20180226152808018900031    
20180226152808018900041    
20180226152808018900591    
20180226152808018900301    
20180226152808018900102    
20180226152808018905021    
20180226152808018905122    
20180226152808018940534    
20180226152808018902041    
20180226152814007700251    
20180226152814007700211    
20180226152814007705033    
20180226152814007700062    
20180226152814007705176    
20180226152814007703003    
20180226152814007700075    
20180226152814007700571    
20180226152814007700037    
20180226152814007700044    
201802261528140077001013   
20180226152814007700731    
20180226152814007780016    
20180226152814007780022    
20180226152840028300031    
20180226152840028300041    
20180226152840028300102    
20180226152840028305041    
20180226153051026900102    
20180226153051026900032    
20180226153051026900041    
20180226153051026900061    
20180226153051026900072    
20180226153051026900751    
20180226153051026940535    
20180226153051026980031    
20180226153051026905021    
20180226153051026905041    
20180226153051026905075    
20180226153153014400034    
20180226153153014400043    
20180226153153014400401    
20180226153153014400581    
20180226153153014400108    
20180226153153014405021    
20180226153153014405031    
20180226153153014405041    
20180226153153014400062    
20180226153153014400072    
20180226153153014402041    
20180226153228016900102    
20180226153228016900031    
20180226153228016900041    
20180226153228016900571    
20180226153228016900062    
20180226153228016900072    
20180226153228016900401    
20180226153228016940525    
20180226153228016905011    
20180226153251022100103    
20180226153251022100032    
20180226153251022100041    
20180226153251022140112    
20180226153251022100062    
20180226153251022100072    
20180226153251022100281    
20180226153251022100401    
20180226153416026600102    
20180226153416026600031    
20180226153416026600041    
20180226153416026600071    
20180226153416026600631    
20180226153416026640525    
20180226153416026640211    
20180226153416026680012    
20180226153416026680022    
20180226153416026605031    
20180226153416026605041    
20180226153416026605161    
20180226153416026605202    
20180226153444016100107    
20180226153444016100035    
20180226153444016100043    
20180226153444016105123    
20180226153444016105152    
20180226153544011405022    
20180226153544011440212    
20180226153544011400062    
20180226153544011400401    
20180226153544011400031    
20180226153544011400042    
20180226153544011400101    
20180226153632027800101    
20180226153632027800031    
20180226154120019800035    
20180226154120019800044    
20180226154120019800109    
20180226154126022700101    
20180226154126022700041    
20180226154126022700221    
20180226154126022740525    
20180226154126022705021    
20180226154126022705031    
20180226154126022705171    
20180226154126022700771    
20180226154126022740533    
20180226154202028900041    
20180226154202028900631    
20180226154202028900101    
20180226154202028905022    
20180226154202028905044    
20180226154202028940211    
20180226154202028980014    
20180226154202028980021    
20180226154202028900073    
20180226154226013100103    
20180226154226013100032    
20180226154226013100041    
20180226154226013105231    
20180226154226013100222    
20180226154226013180033    
20180226154226013105143    
20180226154226013105153    
20180226154301028305021    
20180226154301028300071    
20180226154313019300105    
20180226154313019300033    
20180226154313019300042    
20180226154313019300061    
20180226154313019300072    
20180226154313019300201    
20180226154313019300212    
20180226154313019302041    
20180226154313019300281    
20180226154313019300721    
201802261543130193405210   
20180226154313019340535    
201802261543130193405510   
20180226154313019380031    
20180226154313019305011    
20180226154313019305023    
20180226154313019305032    
20180226154313019305042    
20180226154313019305141    
20180226154313019305162    
20180226154313019340391    
20180226154448007200105    
20180226154448007200033    
20180226154448007200042    
20180226154504014480018    
20180226154504014480022    
20180226154545013300101    
20180226154545013300031    
20180226154545013300231    
20180226154545013340112    
20180226154652006200102    
20180226154652006200032    
20180226154652006205021    
20180226154722029400032    
20180226154722029400042    
20180226154722029400104    
20180226154722029400451    
20180226154722029405021    
20180226154722029405042    
20180226154722029405122    
20180226154722029440131    
20180226154722029440391    
20180226154722029480031    
20180226154857025700102    
20180226154857025700041    
20180226154857025700061    
20180226154857025780012    
20180226154857025705151    
20180226154956025100031    
20180226154956025100062    
20180226154956025100071    
20180226154956025100081    
20180226154956025100101    
20180226154956025105021    
20180226154956025105152    
20180226154956025105162    
20180226154956025140391    
20180226154956025140523    
20180226154956025180012    
20180226155047003300101    
20180226155047003300032    
20180226155047003305231    
20180226155047003380012    
20180226155047003380024    
20180226155047003305042    
20180226155047003305143    
20180226155113022400102    
20180226155113022400031    
20180226155113022405042    
20180226155113022405032    
20180226155113022400041    
20180226155134001100106    
20180226155134001100033    
20180226155134001100043    
20180226155134001100073    
20180226155134001100581    
20180226155134001100431    
20180226155134001105042    
20180226155134001105152    
20180226155134001140525    
20180226155134001140535    
20180226155135003800033    
20180226155135003800042    
20180226155135003800105    
20180226155135003805041    
20180226155135003805164    
20180226155135003800571    
20180226155135003800061    
20180226155135003800071    
20180226155135003800401    
20180226155204003802041    
20180226155228008200031    
20180226155228008200041    
20180226155228008200102    
20180226155228008205034    
20180226155228008205045    
20180226155228008200072    
20180226155530803300031    
20180226155530803300041    
20180226155530803305021    
20180226155530803300061    
20180226155530803300072    
