20180626170928102010011    
20180626170928102010021    
20180626170928102010031    
20180626170928102010041    
20180626170928102010184    
20180626170928102010202    
20180626170928102010224    
20180626170928102020001    
20180626170928102020011    
20180626170928102020021    
20180626170928102020082    
20180626170928102020103    
20180626170928102030071    
20180626170928102031031    
20180626170928102040123    
20180626170928102041032    
20180626170928102041041    
20180626172410100110021    
20180626172410100110032    
20180626172410100110041    
20180626172410100120001    
20180626172410100120065    
20180626172410100130071    
20180626172410100131031    
20180626172410100141032    
20180626172410100141041    
20180626172410100161021    
20180626172410100161035    
20180626172410100161045    
20180626172458103410032    
20180626172458103410041    
20180626172458103410136    
20180626172458103410184    
20180626172458103410224    
20180626172458103420021    
20180626172458103441032    
20180626175627400310011    
20180626175627400310023    
201806261756274003100360   
20180626175627400310137    
201806261756274003101810   
20180626175627400310205    
20180626175627400310222    
20180626175627400320001    
20180626175627400320082    
20180626175627400330121    
201806261756274003310360   
201806261756274003400112   
20180626175627400340093    
201806261756274003410310   
20180626175627400360082    
20180626175627400360092    
201806261935101040100320   
20180626193510104010132    
20180626193510104010201    
20180626193510104010221    
20180626193510104010261    
201806261935101040310310   
20180626193510104040002    
20180626193510104040013    
20180626193510104040021    
20180626193510104040031    
20180626193510104040151    
20180626193510104041033    
20180626193510104041041    
20180626193510104041051    
20180626195323202510132    
20180626195323202510202    
20180626195323202510222    
20180626195323202510261    
20180626195323202540151    
20180626195323202541032    
20180626195323202541041    
20180626195323202541051    
20180626195323202550011    
20180626200322204010022    
20180626200322204010031    
20180626200322204010061    
20180626200322204010132    
20180626200322204010162    
20180626200322204010182    
20180626200322204010201    
20180626200322204010221    
20180626200322204010261    
20180626200322204040031    
20180626200322204040096    
20180626200322204041031    
20180626200322204061033    
20180626202644103210023    
201806262026441032100325   
20180626202644103210041    
20180626202644103210081    
20180626202644103210134    
20180626202644103210204    
20180626202644103210225    
20180626202644103220073    
201806262026441032400114   
20180626202644103240025    
20180626202644103240151    
20180626202644103241037    
20180626210904103310041    
20180626210904103310071    
20180626210904103310091    
20180626210904103310101    
20180626210904103310134    
20180626210904103320021    
20180626210904103320061    
20180626210904103340021    
20180626210904103340151    
20180626210904103320001    
20180626210904103341031    
20180626210904103310221    
20180626210904103310261    
20180626210904103340191    
201806262125021041100320   
20180626212502104110041    
20180626212502104110133    
20180626212502104110182    
20180626212502104110201    
20180626212502104110222    
20180626212502104110262    
201806262125021041300410   
201806262125021041310310   
20180626212502104140031    
20180626212502104141032    
20180626212856205110031    
20180626212856205110051    
20180626212856205110072    
20180626212856205110133    
20180626212856205110203    
20180626212856205140006    
20180626212856205140016    
20180626212856205140024    
20180626212856205140122    
20180626212856205141033    
20180626212856205150031    
20180626213932203710021    
20180626213932203710133    
20180626213932203740013    
20180626213932203740051    
20180626213932203710031    
20180626213932203710201    
20180626213932203741033    
20180626213932203710221    
20180626214049203710182    
20180626214119104810041    
20180626214119104810203    
20180626214119104810262    
20180626214119104840053    
20180626214119104840061    
20180626214119104841032    
20180626214119104841051    
20180626214119104841071    
20180627002111204510021    
201806270021112045100320   
20180627002111204510041    
20180627002111204510134    
20180627002111204510222    
201806270021112045310320   
20180627002111204540151    
20180627002111204541033    
