201803182015411019100210   
20180318201541101911045    
20180318201541101912031    
20180318201541101913015    
20180318201541101914011    
20180318201541101915061    
20180318201541101917012    
20180318201541101920052    
201803190834191028100115   
201803190834191028100230   
201803190834191028110810   
201803190834191028130120   
20180319083419102814012    
20180319083419102815061    
20180319083419102818014    
20180319103920102010015    
201803191039201020100220   
20180319103920102011012    
201803191039201020110210   
20180319103920102011045    
20180319103920102011085    
201803191039201020120110   
201803191039201020120210   
201803191039201020130110   
20180319103920102014011    
20180319103920102015012    
20180319103920102015101    
20180319110349101610015    
201803191103491016100230   
20180319110349101611011    
20180319110349101611025    
20180319110349101611047    
20180319110349101611052    
20180319110349101611082    
20180319110349101613018    
20180319110349101614011    
20180319110349101615014    
20180319110349101616012    
20180319113132101310011    
20180319113132101310023    
20180319113132101310101    
20180319113132101311011    
20180319113132101311021    
20180319113132101311041    
20180319113132101311081    
20180319113132101312011    
20180319113132101312022    
20180319113132101313013    
20180319113132101313031    
20180319113132101317011    
20180319113132101320051    
20180319113132101320141    
20180319113132101330011    
20180319114225102710013    
20180319114225102710027    
20180319114225102710041    
20180319114225102711022    
20180319114225102711042    
20180319114225102712024    
20180319114225102712031    
20180319114225102713014    
20180319114225102713021    
20180319114225102715011    
20180319114225102715032    
20180319114225102716022    
20180319114639102310028    
20180319114639102310102    
20180319114639102311022    
20180319114639102311031    
20180319114639102311042    
20180319114639102312025    
20180319114639102313014    
20180319114639102313021    
20180319114639102315061    
20180319114639102315111    
20180319114639102320021    
20180319114639102330021    
20180319114830100910027    
20180319114830100910041    
20180319114830100910102    
20180319114830100911042    
20180319114830100912028    
20180319114830100913016    
20180319114830100913021    
20180319114830100916011    
20180319114830100916021    
20180319114830100920021    
20180319115706102410012    
20180319115706102410025    
20180319115706102411023    
20180319115706102411031    
20180319115706102411041    
20180319115706102411051    
20180319115706102411082    
20180319115706102412025    
20180319115706102413013    
20180319115706102413021    
20180319115706102430021    
20180319120534100810013    
20180319120534100810025    
20180319120534100810041    
20180319120534100811011    
20180319120534100811022    
20180319120534100811032    
20180319120534100811042    
20180319120534100811082    
20180319120534100813015    
20180319120534100813022    
20180319120534100818013    
20180319121506101810015    
201803191215061018100213   
20180319121506101811025    
20180319121506101811043    
20180319121506101811051    
20180319121506101811061    
20180319121506101811083    
201803191215061018130112   
20180319121506101815032    
20180319121506101816011    
20180319122552100710022    
20180319122552100713011    
201803191249111017100110   
201803191249111017100210   
201803191249111017110210   
20180319124911101711045    
20180319124911101711051    
20180319124911101711085    
201803191249111017130120   
20180319124911101713023    
20180319124911101714011    
20180319124911101715045    
20180319124911101717021    
20180319125114102610011    
20180319125114102610025    
20180319125114102611011    
20180319125114102611031    
20180319125114102612023    
20180319125114102613012    
20180319125114102615031    
20180319125114102615041    
20180319125114102617011    
20180319125114102617031    
20180319125114102618011    
20180319125810100110015    
201803191258101001100212   
20180319125810100110041    
20180319125810100111072    
20180319125810100111084    
20180319125810100112014    
201803191258101001130110   
20180319125810100115041    
20180319131047100210028    
20180319131047100210041    
20180319131047100210102    
20180319131047100212028    
20180319131047100213013    
20180319131054103010011    
20180319131054103010023    
20180319131054103011021    
20180319131054103011031    
20180319131054103011041    
20180319131054103011071    
20180319131054103012011    
20180319131054103012025    
20180319131054103013013    
20180319131054103013021    
20180319131054103015022    
20180319131054103015031    
20180319131054103015041    
