20180321105821102512023    
20180321105821102513013    
201803211136311009100210   
20180321113631100911072    
20180321113631100912028    
20180321113631100913016    
20180321113631100913022    
20180321113631100913061    
20180321113631100918012    
20180321120037102710012    
20180321120037102710025    
20180321120037102711082    
20180321120037102713013    
20180321120037102713021    
20180321120037102714011    
20180321120037102718011    
20180321124900100110015    
201803211249001001100212   
20180321124900100110041    
20180321124900100111082    
20180321124900100113018    
20180321124900100113022    
20180321125526100810014    
201803211255261008100210   
20180321125526100811022    
20180321125526100811031    
20180321125526100811061    
20180321125526100811082    
201803211255261008130110   
20180321125526100813023    
20180321125526100815022    
20180321125526100816021    
20180321125526100818013    
20180321125526100820022    
20180321125538102610012    
20180321125538102610026    
20180321125538102610041    
20180321125538102611022    
20180321125538102611031    
20180321125538102611041    
20180321125538102611071    
20180321125538102612012    
20180321125538102612024    
20180321125538102612031    
20180321125538102613016    
20180321125538102613021    
20180321125538102616031    
20180321125538102618011    
20180321125538102620021    
20180321130155100710021    
20180321130155100711041    
20180321131447100210028    
20180321131447100210041    
20180321131447100210102    
20180321131447100211042    
20180321131447100212028    
20180321131447100213017    
20180321131447100213021    
20180321131447100216011    
