20180525230936200310252    
20180525230936200310271    
20180525230936200310284    
20180525230936200310302    
20180525230936200310382    
20180525230936200310634    
20180525230936200310861    
20180525230936200315111    
20180525230936200315171    
20180525230936200320112    
201805252309362003202012   
20180525230936200325031    
20180525230936200325093    
20180525230936200330013    
20180525230936200330082    
20180525230936200330191    
20180525230936200330201    
20180525230936200330521    
20180525230936200330531    
20180526001014200315421    
