201804291523221274100140   
20180429152322127410061    
20180429152322127410132    
201804292011390884100240   
20180429201139088410101    
20180429201139088410296    
20180429201139088410602    
201804292038441614100180   
20180429203844161410133    
20180429203844161410295    
20180429203844161410574    
201804292241110240100160   
20180429224111024010111    
20180429224111024010571    
20180429224111024010241    
20180429230121121410132    
20180429230121121410141    
20180429230121121410303    
20180429230121121410311    
20180429230121121413691    
20180429230121121413492    
20180429230121121418295    
201804292301211214100260   
20180429230121121410741    
201804292308322184100140   
201804292310320170100120   
20180429231032017010231    
20180429231032017010141    
20180429231032017010285    
201804292323080200100160   
20180429232308020010062    
20180429232308020010111    
20180429232308020010131    
20180429232308020010181    
20180429232308020015991    
20180429232308020018291    
201804292339061734100140   
20180429233906173410131    
20180429233906173410301    
20180429233906173410311    
20180429233906173410423    
201804300019351334100160   
20180430001935133410132    
20180430001935133410141    
20180430001935133410221    
201804300019351334105310   
201804300019351334105210   
20180430001935133413494    
201804300026010764100240   
201804300026010764102910   
20180430002601076415991    
201804300026290914100140   
20180430002629091410221    
2018043000285605941002100  
201804300056081724100120   
20180430005608172410301    
20180430005608172410311    
20180430005608172470003    
20180430005608172470012    
20180430005608172470022    
201804300058410211100160   
20180430005841021110061    
20180430005841021110132    
20180430005841021114093    
201804300116350244100120   
20180430011635024413395    
201804300116350244105230   
20180430011635024411102    
201804300126592064100120   
201804300143280261100120   
20180430014328026110132    
20180430014328026110221    
20180430014328026110272    
201804300150540190100180   
20180430015054019010132    
20180430015054019010294    
20180430015054019013395    
20180430015054019010445    
201804300201331854100120   
20180430020133185410061    
20180430020133185410132    
20180430020133185410285    
20180430020133185410443    
2018043002071610941001120  
20180430020716109410072    
20180430020716109410111    
20180430020716109410135    
20180430020716109410141    
20180430020716109410181    
20180430020716109410222    
20180430020716109410241    
20180430020716109410273    
20180430020716109410281    
20180430023148139410131    
20180430023148139410291    
20180430023148139410301    
20180430023148139410431    
201804300300590245100120   
20180430030059024510053    
20180430030059024510221    
20180430030059024513393    
20180430030059024515991    
201804300313250201100160   
20180430031325020110061    
20180430031325020110131    
20180430031325020110141    
20180430031325020110411    
20180430031325020111101    
201804300337171104100140   
20180430033717110410051    
20180430033717110410061    
20180430033717110410101    
20180430033717110410111    
20180430033717110410133    
20180430033717110410224    
20180430033717110410412    
