20180211171300900100081    
20180211171300900100172    
201802111713009001100930   
201802122034473102100910   
201802122034473102101010   
20180212203447310220061    
20180212203447310230021    
20180212203447310260014    
20180212203447310260031    
20180212203447310260121    
20180212203447310280103    
20180212203447310280141    
201802122126471101100920   
201802122126471101101020   
20180212212647110130021    
20180212212647110150061    
20180212212647110180021    
20180212212647110180051    
20180212212647110180141    
201802122321351205100910   
201802122321351205101010   
20180212232135120520051    
20180212232135120530026    
20180212232135120540021    
20180212232135120550061    
