20220213204751116113031    
202202132047511161150510   
20220213204751116116076    
20220213210614101712073    
202202132106141017120820   
20220213210614101714005    
20220213210614101714033    
20220213210614101730103    
20220213221244112813041    
202202141020291027100010   
202202141100374004100010   
20220214110037400412081    
202202141100374004120915   
20220214110037400412122    
20220214110037400412132    
20220214110037400414033    
20220214110037400415053    
202202141125401178100010   
20220214112540117816011    
20220214112540117816021    
20220214115540100513051    
20220214115540100514002    
20220214115540100514011    
20220214115540100514024    
20220214115540100514031    
20220214115540100515053    
20220214115540100515142    
20220214115540100513092    
20220214115540100512132    
20220214120526106713031    
20220214120526106716022    
20220214120614106717011    
202202141227111124100010   
20220214122711112430102    
20220214133246118010005    
20220214133246118012079    
20220214133246118014003    
20220214133246118014014    
20220214133246118089213    
202202141342041063100010   
20220214134359106315001    
20220214134359106315011    
202202141343591063150530   
202202141351324004100010   
