20160517103505518891021    
20160517103505518891031    
20160517103505518891041    
20160517103505518891261    
20160517103505518891701    
20160517103505518891711    
20160517103505518891721    
20160517103505518897041    
20160517103505518891753    
20160517103505518891761    
201605171035055188912230   
20160517105614433291021    
20160517105614433291031    
20160517105614433291041    
20160517105614433291261    
20160517105614433291492    
20160517105614433291611    
20160517105614433291711    
20160517105614433291721    
20160517105614433291751    
20160517105614433292802    
20160517105614433293431    
20160517105614433297041    
20160517105614433298141    
20160517105614433298711    
20160517105621858691022    
20160517105621858691031    
20160517105621858691044    
20160517105621858691261    
20160517105621858691493    
20160517105621858691751    
20160517105621858691761    
20160517105621858691911    
20160517105621858691921    
20160517105621858692921    
20160517105621858693521    
20160517105621858697041    
20160517105621858692081    
20160517105621858691781    
20160517105621858691741    
20160517105621858697061    
20160517105621858691701    
20160517105621858691711    
20160517105621858691721    
20160517105621858691941    
20160517105621858691611    
20160517105621858690103    
20160517105621858690111    
20160517105621858699061    
20160517105958823291701    
20160517105958823291721    
20160517105958823297041    
