20160824132306625291022    
20160824132306625291041    
20160824132306625291492    
20160824132306625291641    
20160824132306625291752    
20160824132306625291761    
20160824132306625291911    
20160824132306625297041    
20160824132306625298231    
20160824132306625298251    
20160824132306625298261    
20160824132306625298271    
20160824132306625298313    
20160824132306625298622    
20160824132306625297061    
20160824132306625291611    
201608241323066252912810   
20160824132439523791021    
20160824132439523791041    
20160824132439523791491    
20160824132439523791641    
20160824132439523791751    
20160824132439523791921    
20160824132439523797041    
20160824132439523798271    
20160824132439523792081    
20160824132439523791701    
20160824132439523791721    
20160824132439523797021    
20160824132439523792421    
20160824132439523791285    
20160824133204724191041    
20160824133204724191161    
20160824133204724191701    
20160824133204724191711    
20160824133204724191721    
20160824133204724191731    
20160824133204724191771    
20160824133204724192921    
20160824140631652191641    
20160824140631652191911    
20160824140631652191031    
20160824140631652191041    
20160824140631652191021    
20160824140631652191701    
20160824140631652191781    
20160824142013543391021    
20160824142013543391032    
20160824142013543391043    
20160824142013543391262    
20160824142013543391494    
20160824142013543391621    
20160824142013543391641    
20160824142013543398251    
20160824142013543398262    
20160824142013543398311    
20160824142013543398451    
20160824142013543398701    
20160824142013543392081    
20160824142013543391781    
20160824142013543391742    
20160824142013543391301    
20160824142013543397062    
20160824142013543391701    
20160824142013543391711    
20160824142013543391612    
20160824142013543391341    
20160824142013543391284    
20160824143905651991022    
20160824143905651991033    
20160824143905651991042    
20160824143905651991371    
20160824143905651991621    
20160824143905651991641    
20160824143905651991751    
20160824143905651992161    
20160824143905651991211    
20160824143905651991721    
20160824143905651992481    
20160824143905651992431    
20160824143905651992421    
20160824143905651991281    
20160824150026713491021    
20160824150026713491041    
20160824150026713491641    
20160824150026713491701    
20160824150026713491721    
20160824150026713491911    
20160824150026713491761    
20160824150026713491285    
20160824150026713492921    
20160824150026713492951    
20160824150026713492082    
20160824154032722791641    
20160824154032722791911    
20160824154032722792921    
20160824154032722797041    
20160824154032722791711    
20160824162306615891023    
20160824162306615891032    
20160824162306615891044    
20160824162306615891161    
201608241623066158912815   
20160824162306615891481    
20160824162306615891491    
20160824162306615891612    
20160824162306615891641    
20160824162306615891702    
20160824162306615891712    
20160824162306615891722    
20160824162306615891731    
20160824162306615891741    
20160824162306615891753    
20160824162306615891761    
20160824162306615891771    
20160824162306615891911    
20160824162306615891922    
20160824162306615891941    
20160824162306615892082    
20160824162306615892921    
20160824162306615893501    
20160824162306615893511    
20160824162306615893521    
20160824162306615897041    
20160824162306615898251    
20160824162306615898261    
20160824162306615898271    
20160824162306615898318    
20160824162306615898711    
20160824164435615891781    
20160824172051518091031    
20160824172051518091041    
20160824172051518091211    
20160824172051518091288    
20160824172051518091481    
20160824172051518091711    
20160824172051518091721    
20160824172051518091751    
20160824172051518091761    
20160824172051518091771    
20160824172051518091782    
20160824172051518097021    
20160824172338612091022    
20160824172338612091032    
20160824172338612091043    
20160824172338612091621    
20160824172338612091611    
20160824172338612091641    
20160824172338612091711    
20160824172338612097041    
20160824172338612091491    
20160824172338612091761    
20160824172338612091161    
20160824172338612091287    
20160824172338612092081    
20160824172338612092921    
20160824172338612091921    
20160824172338612092162    
20160824172338612098314    
20160824172338612098271    
20160824172338612098881    
20160824173757562091283    
20160824173757562091621    
20160824173757562091751    
20160824173757562091761    
20160824173757562093501    
20160824173757562093511    
20160824173757562097061    
20160824181008543491031    
20160824181008543491491    
20160824181008543491721    
20160824181008543497041    
201608241811025434912810   
20160824185016848691711    
20160824185153513691021    
20160824185153513691032    
20160824185153513691043    
20160824185153513691261    
20160824185153513691271    
201608241851535136912810   
20160824185153513691341    
20160824185153513691611    
20160824185153513691642    
20160824185153513691922    
20160824185153513692082    
20160824185153513692091    
20160824185153513692164    
20160824185153513697061    
20160824185153513698272    
201608241851535136983110   
20160824185153513699061    
20160824190149854891022    
20160824190149854891032    
20160824190149854891042    
20160824190149854891491    
20160824190149854891641    
20160824190149854891751    
20160824190149854892161    
20160824190149854892211    
20160824190149854892921    
20160824190149854891741    
20160824190149854891701    
20160824190149854891711    
20160824190149854891731    
20160824190149854891611    
20160824190149854891283    
20160824195532857691021    
20160824195532857691031    
20160824195532857691043    
20160824195532857691491    
20160824195532857691621    
20160824195532857691751    
20160824195532857691771    
20160824195532857691921    
20160824195532857692921    
20160824195532857698271    
20160824195532857698313    
20160824195532857698711    
20160824195532857691781    
20160824195532857691701    
20160824195532857691711    
20160824195532857691611    
201608241955328576912815   
20160824195532857692741    
20160824195614857691041    
20160824201441562891021    
20160824201441562891284    
20160824201441562891621    
20160824201441562891711    
20160824201441562891721    
20160824201441562891731    
20160824201441562893501    
20160824201441562897041    
20160824201441562897061    
20160824204140561491026    
20160824204140561491035    
20160824204140561491048    
20160824204140561491161    
20160824204140561491261    
20160824204140561491492    
20160824204140561491623    
20160824204140561491643    
20160824204140561491653    
20160824204140561491762    
20160824204140561491912    
201608242041405614919210   
20160824204140561492923    
20160824204140561492951    
20160824204140561493503    
20160824204140561493513    
20160824204140561497043    
201608242041405614920810   
20160824204140561491787    
20160824204140561491741    
20160824204140561491706    
20160824204140561491716    
20160824204140561491725    
20160824204140561491731    
20160824204140561491941    
20160824204140561491613    
20160824204140561491346    
20160824204140561491202    
20160824204140561499063    
201608242041405614912820   
20160824204140561492741    
20160824210143851291021    
20160824210143851291031    
20160824210143851291042    
20160824210143851291261    
20160824210143851291491    
20160824210143851291621    
20160824210143851291642    
20160824210143851291702    
20160824210143851291712    
20160824210143851291731    
20160824210143851291751    
20160824210143851291761    
20160824210143851291781    
20160824210143851291911    
20160824210143851291951    
20160824210143851292211    
20160824210143851298311    
20160824210326859391021    
20160824210326859391031    
20160824210326859391042    
20160824210326859391161    
20160824210326859391271    
20160824210326859391492    
20160824210326859391642    
20160824210326859391911    
20160824210326859391921    
20160824210326859392011    
20160824210326859392921    
20160824210326859398312    
20160824210326859392081    
20160824210326859391785    
20160824210326859397061    
20160824210326859391701    
20160824210326859391711    
20160824210326859391721    
20160824210326859391612    
20160824210326859391201    
20160824210326859399061    
20160824210326859392421    
20160824210326859391288    
20160824212953857091021    
20160824212953857091031    
20160824212953857091042    
20160824212953857091283    
20160824212953857091711    
20160824212953857091721    
20160824212953857091911    
20160824212953857092921    
20160824214812844991022    
20160824214812844991031    
20160824214812844991042    
20160824214812844991211    
20160824214812844991261    
201608242148128449912816   
20160824214812844991492    
20160824214812844991621    
20160824214812844991701    
20160824214812844991741    
20160824214812844991761    
20160824214812844992221    
20160824214812844992951    
20160824214812844993431    
20160824214812844998318    
20160824223933650991021    
20160824223933650991032    
20160824223933650991042    
20160824223933650991642    
20160824223933650991713    
20160824223933650991763    
20160824223933650991771    
20160824223933650991911    
20160824223933650992211    
20160824223933650992221    
20160824223933650997041    
20160824231531560291021    
20160824231531560291282    
20160824231531560291311    
20160824231531560291621    
20160824231531560291641    
20160824231531560291731    
20160824231531560293501    
20160824231531560297021    
20160824231531560298312    
20160824231531560299061    
20160824233003615091023    
20160824233003615091034    
20160824233003615091045    
20160824233003615091261    
20160824233003615091491    
20160824233003615091621    
20160824233003615091752    
20160824233003615091764    
20160824233003615092921    
20160824233003615093501    
20160824233003615093521    
20160824233003615097041    
20160824233003615098311    
20160824233003615091741    
20160824233003615091701    
20160824233003615091712    
20160824233003615091721    
20160824233003615091732    
20160824233003615091611    
20160824233010662791021    
20160824233010662791031    
20160824233010662791041    
20160824233010662791621    
20160824233010662791701    
20160824233010662791721    
20160824233010662791753    
20160824233010662791761    
20160824233010662797071    
20160824233010662797081    
20160824233010662798741    
20160825061145525391022    
20160825061145525391032    
20160825061145525391042    
20160825061145525391621    
20160825061145525391611    
20160825061145525391641    
20160825061145525391701    
20160825061145525391711    
20160825061145525391731    
20160825061145525391911    
20160825061145525397041    
20160825061145525391761    
20160825061145525391771    
201608250611455253912810   
20160825061145525392081    
20160825061145525398314    
20160825071442840491022    
20160825071442840491033    
20160825071442840491042    
20160825071442840491261    
20160825071442840491701    
20160825071442840491741    
20160825071442840491287    
20160825071442840493211    
20160825071442840491301    
20160825071442840491642    
20160825071442840491491    
20160825071442840491761    
20160825071442840492221    
20160825075150615691021    
20160825075150615691042    
20160825075150615691271    
20160825075150615691285    
20160825075150615691701    
20160825075150615691721    
20160825075150615691741    
20160825075150615691751    
20160825075150615691762    
20160825075150615691781    
20160825075150615692921    
20160825075150615698314    
20160825082629855691021    
20160825082629855691031    
20160825082629855691042    
20160825082629855691611    
20160825082629855691641    
20160825082629855691751    
20160825082629855691761    
20160825082629855691771    
20160825082629855691285    
20160825082629855697061    
20160825082629855691651    
20160825082629855693501    
20160825082629855698311    
20160825083106855699061    
20160825085935533091031    
20160825085935533091261    
20160825091155533091494    
201608250911555330983110   
20160825091340432691021    
20160825091340432691032    
20160825091340432691283    
20160825091340432691341    
20160825091340432691611    
20160825091340432691641    
20160825091340432691702    
20160825091340432691711    
20160825091340432691721    
20160825091340432691741    
20160825091340432691751    
20160825091340432691771    
20160825091340432692161    
20160825091340432692922    
20160825091340432698251    
20160825092426812091031    
20160825092426812091041    
20160825092426812091283    
20160825092426812091491    
20160825092426812091711    
20160825092426812091771    
20160825092426812091911    
20160825093324561291021    
20160825093324561291041    
20160825093324561291031    
20160825093324561298271    
20160825093324561291761    
20160825093324561291271    
20160825093324561291751    
20160825093324561291711    
20160825093324561297191    
20160825093324561291721    
20160825093458840491611    
20160825095851519791022    
20160825095851519791032    
20160825095851519791043    
20160825095851519791341    
20160825095851519791491    
20160825095851519791611    
20160825095851519791621    
20160825095851519791641    
20160825095851519791711    
20160825095851519791731    
20160825095851519791741    
20160825095851519792011    
20160825095851519792731    
20160825095851519797191    
20160825095851519798313    
20160825102757525291021    
20160825102757525291032    
20160825102757525291641    
20160825102757525291911    
20160825102757525292211    
20160825102757525292921    
20160825102757525297041    
20160825102757525291702    
20160825102757525291722    
20160825102757525291731    
20160825102757525291611    
201608251027575252912810   
