20170308141027857599321    
20170308141412851491771    
20170308153546859391031    
20170308153546859391042    
20170308153546859391271    
20170308153546859391491    
20170308153546859391621    
20170308153546859398312    
20170308153546859391741    
20170308153546859391721    
201703081535468593912810   
20170308153546859392191    
20170308153546859399233    
20170308153546859399291    
20170308155234543491021    
20170308155234543491031    
20170308155234543491042    
20170308155234543491103    
20170308155234543491261    
201703081552345434912815   
20170308155234543491493    
20170308155234543491611    
20170308155234543491621    
20170308155234543491641    
20170308155234543491701    
20170308155234543491711    
20170308155234543491721    
20170308155234543491731    
20170308155234543491741    
20170308155234543491761    
20170308155234543491962    
20170308155234543492921    
20170308155234543493431    
20170308155234543497041    
20170308155234543497061    
20170308160153562091021    
20170308160153562091031    
20170308160153562091261    
20170308160153562091285    
20170308160153562091541    
20170308160153562091701    
20170308160153562091751    
20170308160153562091761    
20170308160153562091961    
20170308160153562091971    
20170308160153562092921    
20170308160153562099131    
20170308160153562099291    
20170308161355616091022    
20170308161355616091031    
20170308161355616091043    
20170308161355616091285    
20170308161355616091491    
20170308161355616091711    
20170308161355616097041    
20170308161355616097061    
20170308161538513691022    
20170308161538513691032    
20170308161538513691043    
20170308161538513691285    
20170308161538513691611    
20170308161538513691621    
20170308161538513691641    
20170308161538513691701    
20170308161538513691721    
20170308161538513691741    
20170308161538513691771    
20170308161538513691961    
20170308161538513692162    
20170308161538513693431    
201703081615385136983110   
20170308172929526291021    
20170308172929526291041    
20170308172929526291141    
20170308172929526291282    
20170308172929526291641    
20170308172929526292561    
20170308172929526292611    
20170308172929526292721    
20170308172929526293431    
20170308172929526293481    
20170308172929526298311    
20170308173111561491025    
20170308173111561491035    
201703081731115614910410   
20170308173111561491262    
20170308173111561491271    
20170308173111561491494    
20170308173111561491622    
20170308173111561491643    
20170308173111561491754    
20170308173111561491763    
20170308173111561491771    
20170308173111561491911    
20170308173111561492221    
20170308173111561492923    
20170308173111561493431    
20170308173111561493502    
20170308173111561493512    
20170308173111561497042    
20170308173111561499111    
20170308173111561491786    
20170308173111561491741    
20170308173111561491705    
20170308173111561491715    
20170308173111561491723    
20170308173111561491731    
20170308173111561491612    
201703081731115614912830   
20170308173111561492192    
20170308173111561491961    
20170308173111561491532    
20170308173111561491103    
20170308173111561499293    
20170308173731743091021    
20170308173731743091031    
20170308173731743091043    
20170308173731743091261    
201703081737317430912810   
20170308173731743091491    
20170308173731743091731    
20170308173731743091781    
20170308173731743091921    
20170308173731743092161    
20170308173731743092921    
20170308173731743092951    
20170308173731743097061    
20170308173731743099201    
20170308173731743099271    
20170308174459854891283    
20170308182953563391021    
20170308182953563391031    
20170308182953563391041    
20170308182953563391611    
20170308182953563391641    
20170308182953563391711    
20170308182953563391921    
20170308182953563391961    
20170308182953563393361    
20170308182953563393371    
20170308183521612091531    
20170308183521612091023    
20170308183521612091032    
20170308183521612091043    
20170308183521612091101    
20170308183521612091621    
20170308183521612091611    
20170308183521612091641    
20170308183521612091701    
20170308183521612091731    
20170308183521612091491    
20170308183521612091753    
20170308183521612091762    
20170308183521612091771    
20170308183521612091271    
20170308183521612091961    
20170308183521612092191    
20170308183521612099211    
20170308183521612093511    
20170308183521612092921    
20170308183521612092161    
20170308183521612098314    
20170308183521612099131    
20170308183521612092421    
20170308184851742591021    
20170308184851742591031    
20170308184851742591102    
20170308184851742591271    
20170308184851742591285    
20170308184851742591711    
20170308184851742591761    
20170308184851742591911    
20170308184851742597041    
20170308184851742598311    
20170308190424713492011    
20170308190424713491021    
20170308190424713491031    
20170308190424713491041    
20170308190424713491641    
20170308190424713491701    
20170308190424713491711    
20170308190424713492921    
20170308190424713491285    
20170308190424713497061    
20170308190424713491105    
20170308191033727291022    
20170308191033727291031    
20170308191033727291041    
20170308191033727291641    
20170308191033727291761    
20170308191033727292921    
20170308191033727293501    
20170308191033727298312    
20170308191033727291741    
20170308191033727291701    
20170308191033727291711    
20170308191033727291721    
20170308191033727291731    
20170308191033727291611    
20170308191033727291287    
20170308191033727291971    
20170308191033727291101    
20170308191733610391741    
20170308191733610391031    
20170308191733610391701    
20170308191733610391721    
20170308191733610391711    
20170308191733610391963    
20170308191733610397061    
20170308191733610398311    
20170308191733610391261    
20170308191733610397041    
20170308191733610391041    
20170308192500517791022    
20170308192500517791031    
20170308192500517791044    
20170308192500517791261    
20170308192500517791622    
20170308192500517791641    
20170308192500517791753    
20170308192500517791762    
20170308192500517791911    
20170308192500517798312    
20170308192500517798901    
20170308192500517791701    
20170308192500517791711    
20170308192500517795181    
20170308192500517791611    
201703081925005177912815   
20170308192500517791961    
20170308192500517795382    
20170308192500517799251    
20170308192500517799261    
20170308193613715391021    
20170308193613715391032    
20170308193613715391046    
20170308193613715391642    
20170308193613715391702    
20170308193613715391712    
20170308193613715391722    
20170308193613715391761    
20170308193613715391106    
20170308193613715391963    
201703081936137153912810   
20170308193613715391741    
20170308193613715391262    
20170308194113743991023    
20170308194113743991032    
20170308194113743991041    
20170308194113743991263    
20170308194113743991622    
20170308194113743991642    
201703081941137439917510   
20170308194113743991763    
20170308194113743991771    
20170308194113743991911    
20170308194113743992211    
20170308194113743992921    
20170308194113743993501    
20170308194113743993521    
20170308194113743997041    
20170308194113743991741    
20170308194113743991702    
20170308194113743991713    
20170308194113743991722    
20170308194113743991731    
20170308194113743991611    
20170308194113743992191    
20170308194113743991961    
20170308194113743991102    
20170308194407615891021    
20170308194407615891031    
20170308194407615891041    
20170308194407615891261    
201703081944076158912810   
20170308194407615891492    
20170308194407615891621    
20170308194407615891642    
20170308194407615891701    
20170308194407615891711    
20170308194407615891721    
20170308194407615891741    
20170308194407615891762    
20170308194407615891784    
20170308194407615891921    
20170308194407615891951    
20170308194407615891961    
20170308194407615893521    
20170308194407615893591    
20170308194407615895396    
20170308194407615897041    
20170308194407615897062    
201703081944076158983110   
20170308194407615899131    
20170308195157857691022    
20170308195157857691031    
20170308195157857691043    
20170308195157857691491    
20170308195157857691751    
20170308195157857691911    
20170308195157857691922    
20170308195157857698312    
20170308195157857691711    
20170308195157857691721    
20170308195157857691611    
20170308195157857691285    
20170308195157857691961    
20170308195157857699211    
20170308195157857699201    
20170308195157857699221    
20170308195157857699321    
20170308195157857699241    
20170308195157857699251    
20170308195157857699271    
20170308195157857699291    
20170308195539857699261    
20170308200102857699231    
20170308202420715391621    
20170308202420715397061    
20170308204013726491021    
20170308204013726491041    
20170308204013726491711    
20170308204013726491721    
20170308204013726491701    
20170308204013726493341    
20170308204905518091021    
20170308204905518091032    
20170308204905518091042    
20170308204905518091106    
201703082049055180912812   
20170308204905518091611    
20170308204905518091621    
20170308204905518091641    
20170308204905518091702    
20170308204905518091711    
20170308204905518091722    
20170308204905518091761    
20170308204905518091783    
20170308204905518091961    
20170308204905518093431    
20170308204905518093501    
20170308204905518097041    
20170308204905518098311    
20170308204905518098451    
20170308205819526491021    
20170308205819526491751    
20170308205819526491761    
20170308205819526492161    
20170308205819526493501    
20170308205819526493521    
20170308205819526498311    
20170308205819526491781    
20170308205819526491285    
20170308210717857291022    
20170308210717857291032    
20170308210717857291045    
20170308210717857291261    
20170308210717857291621    
20170308210717857291641    
20170308210717857291751    
20170308210717857291762    
20170308210717857291772    
20170308210717857293341    
20170308210717857293501    
20170308210717857293512    
20170308210717857297042    
20170308210717857298311    
20170308210717857298881    
20170308210717857291781    
20170308210717857291742    
20170308210717857297061    
20170308210717857291703    
20170308210717857291711    
20170308210717857291722    
20170308210717857291731    
20170308210717857299121    
20170308210717857291611    
201703082107178572912820   
20170308210717857292191    
20170308210717857291961    
20170308210717857291541    
20170308210717857291105    
20170308210717857299212    
20170308210717857299204    
20170308210717857299242    
20170308210717857299272    
20170308210717857299291    
20170308212105851291021    
20170308212105851291031    
20170308212105851291042    
20170308212105851291101    
20170308212105851291283    
20170308212105851291491    
20170308212105851291621    
20170308212105851291642    
20170308212105851291703    
20170308212105851291712    
20170308212105851291721    
20170308212105851291731    
20170308212105851291751    
20170308212105851291761    
20170308212105851291771    
20170308212105851291911    
20170308212407854791021    
20170308212407854791032    
20170308212407854791641    
20170308212407854792921    
20170308212407854792621    
20170308212407854791621    
20170308214301857091021    
20170308214301857091032    
20170308214301857091042    
20170308214301857091261    
20170308214301857091285    
20170308214301857091381    
20170308214301857091621    
20170308214301857091641    
20170308214301857091701    
20170308214301857091711    
20170308214301857091751    
20170308214301857091761    
20170308214301857091911    
20170308214301857091961    
20170308214301857092181    
20170308214301857092191    
20170308214301857097041    
20170308214301857097061    
20170308214301857098312    
20170308214301857099241    
20170308214301857099261    
20170308214301857099271    
20170308214301857099331    
20170308223225740291024    
20170308223225740291032    
20170308223225740291042    
20170308223225740291261    
20170308223225740291492    
20170308223225740291621    
20170308223225740291642    
20170308223225740291751    
20170308223225740291761    
20170308223225740291911    
20170308223225740292921    
20170308223225740297041    
20170308223225740291781    
20170308223225740291742    
20170308223225740297061    
20170308223225740291711    
20170308223225740291722    
20170308223225740291731    
20170308223225740291611    
201703082232257402912820   
20170308223225740291962    
20170308223225740291103    
20170308223736543591021    
20170308223736543591042    
20170308223736543591262    
20170308223736543591492    
20170308223736543591621    
20170308223736543591641    
20170308223736543591754    
20170308223736543591761    
20170308223736543591922    
20170308223736543592091    
20170308223736543592221    
20170308223736543593001    
20170308223736543593484    
20170308223736543593591    
20170308223736543598315    
20170308223736543591781    
20170308223736543597061    
20170308223736543591701    
20170308223736543591731    
20170308223736543591611    
201703082237365435912810   
20170308223736543591961    
20170308223736543591104    
20170308223736543599291    
20170308224144742891021    
20170308224144742891031    
20170308224144742891043    
20170308224144742891102    
20170308224144742891285    
20170308224144742891381    
20170308224144742891491    
20170308224144742891611    
20170308224144742891711    
20170308224144742891721    
20170308224144742891731    
20170308224144742891751    
20170308224144742891781    
20170308224144742891971    
20170308224144742892191    
20170308224144742893591    
20170308224144742897061    
20170308224144742898192    
20170308224144742898314    
20170308224144742899131    
20170308224531560291021    
20170308224531560291031    
20170308224531560291041    
20170308224531560291261    
20170308224531560291283    
20170308224531560291641    
20170308224531560291701    
20170308224531560291751    
20170308224531560291961    
20170308224531560298312    
20170308224531560299051    
20170308224932741991021    
20170308224932741991031    
20170308224932741991042    
20170308224932741991286    
20170308224932741991701    
20170308224932741991721    
20170308224932741991771    
20170308224932741992011    
20170308224932741992191    
20170308224932741997061    
20170308231846615091023    
20170308231846615091034    
20170308231846615091046    
20170308231846615091261    
20170308231846615091491    
20170308231846615091621    
20170308231846615091752    
20170308231846615091766    
20170308231846615091771    
20170308231846615092922    
20170308231846615093501    
20170308231846615098312    
20170308231846615091701    
20170308231846615091712    
20170308231846615091721    
20170308231846615091732    
20170308231846615091611    
20170308231846615091282    
20170309000558716091021    
20170309000558716091041    
20170309000558716091103    
20170309000558716091261    
201703090005587160912814   
20170309000558716091711    
20170309000558716091731    
20170309000558716091751    
20170309000558716097041    
20170309000558716099201    
20170309001024855391021    
20170309001024855391621    
20170309001024855391611    
20170309001024855391641    
20170309001024855391701    
20170309001024855391711    
20170309001024855391771    
20170309001024855391031    
20170309001024855391041    
20170309001024855391971    
20170309001024855391751    
20170309001024855391285    
20170309001024855392921    
20170309001024855397041    
20170309050826812091031    
20170309050826812091041    
20170309050826812091261    
20170309050826812091285    
20170309050826812091701    
20170309050826812091731    
20170309050826812091741    
20170309050826812091971    
20170309050826812092221    
20170309050826812098282    
20170309070951562391023    
20170309070951562391032    
20170309070951562391043    
20170309070951562391102    
20170309070951562391263    
201703090709515623912820   
20170309070951562391621    
20170309070951562391641    
20170309070951562391702    
20170309070951562391711    
20170309070951562391722    
20170309070951562391751    
20170309070951562391762    
20170309070951562391961    
20170309070951562392161    
20170309070951562392221    
20170309070951562393341    
20170309070951562393511    
20170309070951562398312    
20170309073720723891024    
20170309073720723891643    
20170309073720723891032    
20170309073720723891043    
20170309073720723891621    
20170309073720723891261    
20170309073720723891761    
20170309073720723891701    
20170309073720723891721    
20170309073720723891711    
20170309073720723897041    
20170309073720723891741    
201703090737207238912810   
20170309073720723897061    
20170309073720723891962    
20170309073720723891101    
20170309074325723891541    
20170309075145615691022    
20170309075145615691031    
20170309075145615691043    
20170309075145615691261    
20170309075145615691271    
201703090751456156912817   
20170309075145615691481    
20170309075145615691492    
20170309075145615691621    
20170309075145615691641    
20170309075145615691701    
20170309075145615691711    
20170309075145615691741    
20170309075145615691751    
20170309075145615691763    
20170309075145615691781    
20170309075145615691911    
20170309075145615691962    
20170309075145615692221    
20170309075145615692921    
20170309075145615697061    
20170309075145615698313    
20170309075145615699241    
20170309080133519791021    
20170309080133519791031    
20170309080133519791042    
20170309080133519791271    
20170309080133519791491    
20170309080133519791641    
20170309080133519791711    
20170309080133519791721    
20170309080133519791731    
20170309080133519791751    
20170309080133519791911    
20170309080133519798311    
20170309080133519799212    
20170309080746721091021    
20170309080746721091031    
20170309080746721091042    
20170309080746721091262    
20170309080746721091702    
20170309080746721091711    
20170309080746721091722    
20170309080746721091742    
201703090807467210912820   
20170309080746721097041    
20170309080746721092191    
20170309080746721091101    
20170309080746721091751    
20170309080746721097061    
20170309080746721091641    
20170309083110743691021    
20170309083110743691041    
20170309083110743691491    
20170309083110743691285    
20170309083328858491021    
20170309083328858491041    
20170309083328858491754    
20170309083328858491761    
20170309083328858491741    
20170309083328858497061    
20170309083328858491721    
20170309083328858491961    
20170309083328858499271    
20170309083430858491731    
20170309083430858491611    
20170309084621726991031    
20170309084621726991042    
20170309084621726991721    
20170309084621726991731    
20170309084621726991282    
20170309084621726997061    
20170309084621726999131    
20170309085154840491022    
20170309085154840491032    
20170309085154840491042    
20170309085154840491261    
20170309085154840491702    
20170309085154840491721    
20170309085154840491731    
20170309085154840491911    
20170309085154840491961    
20170309085154840491285    
20170309085154840491642    
20170309085154840491491    
20170309085154840491741    
20170309085154840491761    
20170309085154840491771    
20170309085154840491751    
20170309085154840491101    
20170309085154840492162    
20170309085154840498312    
20170309085154840491621    
20170309085225532691021    
20170309085225532691031    
20170309085225532691042    
20170309085225532691492    
20170309085225532691641    
20170309085225532691761    
20170309085225532691921    
20170309085225532697041    
20170309085225532698316    
20170309085225532691781    
20170309085225532691741    
20170309085225532691701    
20170309085225532691286    
20170309085225532692171    
20170309085225532691961    
20170309085225532691971    
20170309085225532699211    
20170309085225532699291    
20170309090041615991021    
20170309090041615991032    
20170309090041615991043    
20170309090041615991271    
20170309090041615991492    
20170309090041615991751    
20170309090041615992221    
20170309090041615992911    
20170309090041615992921    
20170309090041615992951    
20170309090041615993351    
20170309090041615997041    
20170309090041615991781    
20170309090041615997061    
20170309090041615991701    
20170309090041615991711    
20170309090041615991721    
20170309090041615991731    
201703090900416159912810   
20170309090041615991961    
20170309090041615995381    
20170309090041615995391    
20170309090041615991101    
20170309090041615999211    
20170309090041615999301    
20170309091738857491021    
20170309091738857491031    
20170309091738857491041    
20170309091738857491283    
20170309091738857491491    
20170309091738857491711    
20170309091738857492921    
20170309091738857493431    
20170309091738857493511    
20170309091738857497061    
20170309091738857498312    
20170309091828716391021    
20170309091828716391032    
20170309091828716391043    
20170309091828716391261    
20170309091828716391493    
20170309091828716391621    
20170309091828716391641    
20170309091828716391751    
20170309091828716391761    
20170309091828716391771    
20170309091828716393511    
20170309091828716397041    
20170309091828716398451    
20170309091828716391781    
20170309091828716391741    
20170309091828716397061    
20170309091828716391702    
20170309091828716391712    
20170309091828716391721    
20170309091828716391731    
20170309091828716391951    
20170309091828716391611    
201703090918287163912810   
20170309091828716392191    
20170309091828716391961    
20170309091828716391971    
20170309091828716391541    
20170309091828716391103    
20170309091828716399201    
20170309091828716399221    
20170309091828716399241    
20170309091828716399251    
20170309091828716399291    
20170309092030858091621    
20170309092030858091041    
20170309092030858091031    
20170309092030858091751    
20170309092030858097041    
20170309092030858097061    
20170309092030858091261    
20170309092030858091101    
20170309092030858091491    
20170309092030858091761    
20170309093049615791021    
20170309093049615791031    
20170309093049615791042    
20170309093049615791261    
201703090930496157912810   
20170309093049615791491    
20170309093049615791701    
20170309093049615791711    
20170309093049615791721    
20170309093049615791751    
20170309093049615791761    
20170309093049615791771    
20170309093049615791781    
20170309093049615792211    
20170309093049615792611    
20170309093049615792921    
20170309093049615797061    
20170309093049615798315    
20170309093049615799121    
20170309093049615799201    
20170309093049615799211    
20170309093049615799241    
20170309093733513091021    
20170309093733513091031    
20170309093733513091042    
20170309093733513091261    
20170309093733513091701    
20170309093733513091721    
20170309093733513091731    
20170309093733513091751    
20170309093733513091771    
201703090937335130912815   
20170309093733513093431    
20170309093733513092211    
20170309093733513098311    
20170309093733513091971    
20170309093733513092191    
20170309093733513091961    
20170309093818432691041    
20170309093818432691101    
20170309093818432691285    
20170309093818432691622    
20170309093818432691701    
20170309093818432691721    
20170309093818432691741    
20170309093818432691751    
20170309093818432697041    
20170309093818432698311    
20170309094233432699291    
20170309094411543391021    
20170309094411543391031    
20170309094411543391042    
20170309094411543391261    
20170309094411543391481    
20170309094411543391492    
20170309094411543391621    
20170309094411543391751    
20170309094411543391761    
20170309094411543391771    
20170309094411543392091    
20170309094411543397041    
20170309094411543398313    
20170309094411543398451    
20170309094411543391741    
20170309094411543391701    
20170309094411543391711    
20170309094411543391951    
20170309094411543391611    
20170309094411543391362    
201703090944115433912810   
20170309094411543392191    
20170309094411543391961    
20170309094411543391101    
20170309094411543399201    
20170309094411543399231    
20170309094411543399241    
20170309094411543399301    
20170309094411543399261    
20170309094435513097061    
20170309094435513091741    
20170309094706561291041    
20170309094706561291285    
20170309094706561291761    
20170309094706561291731    
20170309094706561291031    
20170309094706561291021    
20170309094814855691021    
20170309094814855691041    
20170309094814855691621    
20170309094814855691611    
20170309094814855691641    
20170309094814855691701    
20170309094814855691961    
20170309094814855691711    
20170309094814855697041    
20170309094814855691761    
20170309094814855691284    
20170309094814855691781    
20170309094814855692161    
20170309094814855698311    
20170309094945524691022    
20170309094945524691031    
20170309094945524691044    
20170309094945524691262    
20170309094945524691621    
20170309094945524691641    
20170309094945524691762    
20170309094945524691921    
20170309094945524693431    
20170309094945524697042    
20170309094945524698316    
20170309094945524691741    
20170309094945524697061    
20170309094945524691702    
20170309094945524691711    
20170309094945524691722    
20170309094945524691731    
20170309094945524691611    
201703090949455246912820   
20170309094945524692191    
20170309094945524691962    
20170309094945524691971    
20170309094945524691101    
20170309094945524699321    
20170309095314727791021    
20170309095314727791042    
20170309095314727791491    
20170309095314727791751    
20170309095314727791771    
20170309095314727797041    
20170309095314727798312    
20170309095314727791741    
20170309095314727797061    
20170309095314727791701    
20170309095314727791611    
201703090953147277912810   
20170309095314727791961    
20170309095314727799211    
20170309095314727799321    
20170309095314727799271    
20170309100613542991021    
20170309100613542991042    
201703091006135429912810   
20170309100613542991621    
20170309100613542991702    
20170309100613542991712    
20170309100613542991721    
20170309100613542991731    
20170309100613542991741    
20170309100613542991761    
20170309100613542991911    
20170309100613542991961    
20170309100613542992161    
20170309100613542992191    
20170309100613542993201    
20170309100613542997061    
20170309100613542998291    
20170309100613542998311    
20170309100613542999231    
20170309102240543691021    
20170309102240543691042    
20170309102240543691621    
20170309102240543697062    
20170309102240543691711    
20170309102240543691721    
201703091022405436912810   
20170309102240543692191    
20170309102240543691962    
20170309102240543691971    
20170309102333526991041    
20170309102333526991492    
20170309102333526991751    
20170309102333526998312    
20170309102333526998451    
20170309102333526991741    
20170309102333526991721    
20170309102333526991286    
20170309102333526991961    
20170309102333526999211    
20170309102333526999201    
20170309102333526999232    
20170309103536525291021    
20170309103536525291031    
20170309103536525291042    
20170309103536525291491    
20170309103536525291641    
20170309103536525291752    
20170309103536525292921    
20170309103536525297041    
20170309103536525291741    
20170309103536525291701    
20170309103536525291721    
20170309103536525291731    
20170309103536525291611    
20170309103536525291961    
20170309103536525291102    
20170309104023416291031    
20170309104023416291042    
20170309104023416291261    
20170309104023416291491    
20170309104023416291621    
20170309104023416291641    
20170309104023416291911    
20170309104023416291921    
20170309104023416292011    
20170309104023416293501    
20170309104023416291781    
20170309104023416297061    
20170309104023416291711    
20170309104023416291721    
20170309104023416291611    
20170309104023416292591    
20170309104023416291284    
20170309104023416291971    
20170309104623728391043    
20170309104623728391262    
20170309104623728391492    
20170309104623728391641    
20170309104623728392922    
20170309104623728393591    
20170309104623728397041    
20170309104623728391743    
20170309104623728391701    
20170309104623728391711    
20170309104623728391611    
20170309104623728391285    
20170309104623728391963    
20170309104623728399202    
20170309105145518691021    
20170309105145518691041    
20170309105145518691102    
20170309105145518691611    
20170309105145518691621    
20170309105145518691701    
20170309105145518691711    
20170309105145518691721    
20170309105145518691751    
20170309105145518691761    
20170309105145518691961    
20170309105202523591021    
20170309105202523591031    
20170309105202523591043    
20170309105202523591261    
20170309105202523591491    
20170309105202523591641    
20170309105202523591751    
20170309105202523591761    
20170309105202523597041    
20170309105202523591741    
20170309105202523591701    
20170309105202523591711    
20170309105202523591721    
20170309105202523591731    
20170309105202523591951    
20170309105202523591611    
201703091052025235912810   
20170309105202523591961    
20170309105202523591102    
20170309105145518692221    
20170309105145518692911    
20170309105145518693511    
20170309105145518697041    
20170309105344727991021    
20170309105344727991031    
20170309105344727991043    
20170309105344727991261    
20170309105344727991491    
20170309105344727991751    
20170309105344727991771    
20170309105344727991911    
20170309105344727992921    
20170309105344727993501    
20170309105344727997041    
20170309105344727998314    
20170309105344727991781    
20170309105344727991741    
20170309105344727997061    
20170309105344727991701    
20170309105344727991711    
20170309105344727991721    
20170309105344727999131    
201703091053447279912815   
20170309105344727991961    
20170309105344727991102    
20170309105344727999211    
20170309105344727999202    
20170309105344727999221    
20170309105344727999291    
20170309105626859491021    
20170309105626859491042    
20170309105626859491492    
20170309105626859491621    
20170309105626859491761    
20170309105626859497041    
20170309105626859491781    
20170309105626859491701    
20170309105626859491711    
20170309105626859492891    
20170309105626859491288    
20170309105626859491961    
20170309105626859491102    
20170309105822859492921    
20170309110109524891021    
20170309110109524891031    
20170309110109524891042    
20170309110109524891641    
20170309110109524891762    
20170309110109524892011    
20170309110109524897041    
20170309110109524891701    
20170309110109524891282    
20170309110109524891102    
20170309110240542091021    
20170309110240542091031    
20170309110240542091041    
20170309110240542091241    
20170309110240542091641    
20170309110240542091701    
20170309110240542091761    
20170309110240542091961    
20170309110240542099221    
20170309110240542099231    
20170309110242563091021    
20170309110242563091032    
20170309110242563091041    
20170309110242563091261    
20170309110242563091621    
20170309110242563091751    
20170309110242563091761    
20170309110242563091771    
20170309110242563091911    
20170309110242563093511    
20170309110242563097041    
20170309110242563098314    
20170309110242563091712    
20170309110242563091611    
201703091102425630912810   
20170309110242563091962    
