20160223143916625091021    
20160223143916625091031    
20160223143916625091041    
20160223143916625091491    
20160223143916625091641    
20160223143916625091752    
20160223143916625092881    
20160223143916625092921    
20160223143916625092951    
20160223143916625093501    
20160223143916625098261    
20160223143916625098312    
20160223143916625098701    
20160223143916625099081    
20160223143916625091711    
20160223143916625091941    
20160223143916625091611    
20160223145940848691021    
20160223145940848691041    
20160223145940848691261    
20160223145940848691641    
20160223145940848697191    
20160223145940848695101    
20160223145940848691223    
20160223145940848691711    
20160223153616856291021    
20160223153616856291041    
20160223153616856291224    
20160223153616856291401    
20160223153616856291701    
20160223153616856291741    
20160223153616856291751    
20160223153616856298251    
20160223153616856298311    
20160223170120854591022    
20160223170120854591033    
20160223170120854591044    
20160223170120854591211    
20160223170120854591228    
20160223170120854591261    
20160223170120854591621    
20160223170120854591702    
20160223170120854591712    
20160223170120854591721    
20160223170120854591731    
20160223170120854591741    
20160223170120854591751    
20160223170120854591763    
20160223170120854591771    
20160223170120854591911    
20160223170120854592921    
20160223170120854593431    
20160223170120854597031    
20160223170120854598251    
20160223170120854598312    
20160223173216858691022    
20160223173216858691031    
20160223173216858691044    
20160223173216858691261    
20160223173216858691494    
20160223173216858691621    
20160223173216858691911    
20160223173216858692921    
20160223173216858698313    
20160223173216858691741    
201602231732168586912212   
20160223173216858697061    
20160223173216858691701    
20160223173216858691711    
20160223173216858691731    
20160223173216858691611    
20160223184605857891031    
20160223184605857891342    
20160223184605857891702    
20160223184605857891712    
20160223184605857891741    
20160223184605857897041    
20160223185424859091022    
20160223185424859091042    
20160223185424859091492    
20160223185424859091641    
20160223185424859091751    
20160223185424859092091    
20160223185424859093001    
20160223185424859093341    
20160223185424859097041    
20160223185424859098622    
20160223185424859099071    
201602231854248590912220   
20160223185424859091701    
20160223185424859091731    
20160223185424859091611    
20160223190842681191022    
20160223190842681191031    
20160223190842681191041    
20160223190842681191494    
20160223190842681191713    
20160223190842681191741    
20160223190842681193202    
20160223190842681198312    
20160223191722822291022    
20160223191722822291161    
20160223191722822291225    
20160223191722822291341    
20160223191722822291611    
20160223191722822291641    
20160223191722822291701    
20160223191722822291711    
20160223191722822291723    
20160223191722822291741    
20160223191722822291751    
20160223191722822291781    
20160223191722822291911    
20160223191722822291951    
20160223191754663491031    
20160223191754663491042    
20160223191754663491641    
20160223191754663491711    
20160223191754663491721    
20160223191754663491491    
20160223191754663491761    
20160223191754663491751    
20160223191754663491223    
20160223191754663498311    
20160223191754663498241    
20160223191754663492541    
20160223191754663491301    
20160223191754663491021    
20160223192006858791021    
20160223192006858791031    
20160223192006858791042    
201602231920068587912210   
20160223192006858791491    
20160223192006858791621    
20160223192006858791641    
20160223192006858791711    
20160223192006858793591    
20160223192006858797041    
20160223192611642991022    
20160223192611642991031    
20160223192611642991041    
20160223192611642991761    
20160223192611642991701    
20160223192611642991711    
20160223192611642991721    
20160223192611642991731    
20160223193132857191021    
20160223193132857191041    
20160223193132857193431    
20160223193132857198312    
20160223193132857191721    
20160223200026856591021    
20160223200026856591041    
20160223200026856591223    
20160223200026856591331    
20160223200026856591391    
20160223200026856591491    
20160223200026856591701    
20160223200026856591781    
20160223200026856595261    
20160223200820624591021    
20160223200820624591031    
20160223200820624591223    
20160223201405624691023    
20160223201405624691032    
20160223201405624691041    
201602232014056246912210   
20160223201405624691701    
20160223201405624691721    
20160223201405624691751    
20160223201405624692621    
20160223202344823091022    
20160223202344823091032    
20160223202344823091042    
20160223202344823091641    
20160223202344823091261    
20160223202344823091702    
20160223202344823091721    
20160223202344823091731    
20160223202344823097021    
20160223202344823091211    
20160223202344823095101    
20160223202344823091761    
20160223202344823091751    
20160223202344823093511    
20160223203253840391022    
20160223203253840391031    
20160223203253840391042    
20160223203253840391222    
20160223203253840391611    
20160223203253840391621    
20160223203253840391641    
20160223203253840391731    
20160223203253840392921    
20160223203253840397021    
20160223204600664291024    
20160223204600664291032    
20160223204600664291044    
20160223204600664291261    
20160223204600664291492    
20160223204600664291641    
20160223204600664291751    
20160223204600664291761    
20160223204600664292161    
20160223204600664292951    
20160223204600664298312    
20160223204600664291783    
20160223204600664291741    
201602232046006642912210   
20160223204600664291701    
20160223204600664291721    
20160223204600664291731    
20160223204600664291611    
20160223211802842191031    
20160223211802842191041    
20160223211802842191621    
20160223211802842191261    
20160223211802842191721    
20160223211802842192921    
20160223211802842193341    
20160223211802842191371    
20160223211802842197021    
20160223212549621691022    
20160223212549621691033    
20160223212549621691042    
20160223212549621691211    
20160223212549621691226    
20160223212549621691491    
20160223212549621691611    
20160223212549621691621    
20160223212549621691641    
20160223212549621691702    
20160223212549621691712    
20160223212549621691721    
20160223212549621691741    
20160223212549621691751    
20160223212549621691761    
20160223212549621691911    
20160223212549621697041    
20160223213542857491021    
20160223213542857491031    
20160223213542857491042    
20160223213542857491222    
20160223213542857491621    
20160223213542857491641    
20160223213542857491711    
20160223213542857491721    
20160223213542857491751    
20160223213542857491761    
20160223213542857492221    
20160223213542857493591    
20160223213542857498311    
20160223213653855091021    
20160223213653855091041    
20160223213653855091211    
20160223213653855091225    
20160223213653855091731    
20160223213653855092081    
20160223213653855098261    
20160223214817664591023    
20160223214817664591031    
20160223214817664591041    
201602232148176645912210   
20160223214817664591481    
20160223214817664591701    
20160223214817664591712    
20160223214817664591721    
20160223214817664591732    
20160223214817664591911    
20160223214817664598451    
20160223221459624692161    
20160223223411858091021    
20160223223411858091031    
20160223223411858091042    
20160223223411858092081    
20160223223411858091721    
20160223223411858097041    
20160223223411858091711    
20160223223411858091761    
20160223223411858091751    
20160223223411858091621    
20160223223411858098311    
20160223232510843891021    
20160223232510843891031    
20160223232510843891041    
20160223232510843891641    
20160223232510843891261    
20160223232510843891701    
20160223232510843891711    
20160223232510843891721    
20160223232510843891731    
20160223232510843897041    
20160223232510843891491    
20160223232510843891751    
20160223232510843891223    
20160223233438662191022    
20160223233438662191032    
20160223233438662191043    
20160223233438662191161    
20160223233438662191611    
20160223233438662191621    
20160223233438662191641    
20160223233438662191701    
20160223233438662191711    
20160223233438662191722    
20160223233438662191781    
20160223233438662191911    
20160223233438662192091    
20160223233438662198312    
20160223234302642691021    
20160223234302642691041    
20160223234302642691211    
20160223234302642691222    
20160223234302642691641    
20160223234302642691701    
20160223234302642691711    
20160223234302642691771    
20160223234302642692891    
20160223234302642698311    
20160224025110681391021    
20160224025110681391032    
20160224025110681391223    
20160224025110681391261    
20160224025110681391301    
20160224025110681391341    
20160224025110681391622    
20160224025110681391703    
20160224025110681391712    
20160224025110681391721    
20160224025110681391753    
20160224025110681391761    
20160224025110681392011    
20160224025110681397061    
20160224025110681398274    
201602240251106813983110   
20160224025110681398452    
20160224025110681398621    
20160224033627845691021    
20160224033627845691731    
20160224033627845691791    
20160224033627845691951    
20160224033627845692091    
20160224033627845693001    
20160224033627845697041    
20160224033627845697061    
20160224033627845698311    
20160224033627845699071    
20160224053512844591021    
20160224053512844591044    
20160224053512844591033    
20160224053512844591262    
20160224053512844591622    
201602240535128445917511   
20160224053512844591642    
20160224053512844591715    
20160224053512844591702    
20160224053512844591763    
20160224053512844591772    
20160224053512844591211    
20160224053512844591225    
20160224053512844591721    
20160224053512844593211    
20160224053512844591741    
20160224053512844591611    
20160224053512844593501    
20160224053512844592911    
20160224072927851491021    
20160224072927851491031    
20160224072927851491041    
20160224072927851491222    
20160224072927851491641    
20160224072927851491701    
20160224072927851491711    
20160224072927851491731    
20160224072907680591022    
20160224072907680591031    
20160224072907680591041    
20160224072907680591702    
20160224072907680591712    
20160224072907680591762    
20160224072907680592922    
20160224074338846391022    
20160224074338846391031    
20160224074338846391041    
20160224074338846391222    
20160224074338846391621    
20160224074338846391641    
20160224074338846391701    
20160224074338846391711    
20160224074338846391721    
20160224074338846391741    
20160224074338846392921    
20160224074338846397041    
20160224080017852891031    
20160224080017852891222    
20160224080017852891701    
20160224080017852892161    
20160224080053852891031    
20160224080053852891041    
20160224080053852891222    
20160224080053852891701    
20160224080053852892161    
20160224081836660691031    
20160224081836660691041    
20160224081836660691701    
20160224081836660691721    
20160224081836660691781    
20160224081836660693211    
20160224081836660697041    
20160224081836660691271    
20160224081836660695261    
20160224081836660698311    
20160224081836660692921    
20160224085017841891021    
20160224085017841891641    
20160224085017841891611    
20160224085017841891222    
20160224085017841891751    
20160224085017841891911    
20160224085547663691021    
20160224085547663691031    
20160224085547663691042    
20160224085547663691261    
20160224085547663697041    
20160224085547663698311    
20160224085547663691227    
20160224085547663697061    
20160224085547663691701    
20160224085547663697021    
20160224091049858891021    
20160224091049858891031    
20160224091049858891042    
20160224091049858891491    
20160224091049858891751    
20160224091049858898271    
20160224091049858898313    
20160224091049858899111    
20160224091049858895101    
20160224091049858891741    
201602240910498588912210   
20160224091049858891701    
20160224091049858891711    
20160224091049858891721    
20160224091049858891951    
20160224091049858891611    
20160224091100530991021    
20160224091100530991031    
20160224091100530991042    
20160224091100530991222    
20160224091100530991271    
20160224091100530991301    
20160224091100530991731    
20160224091100530991771    
20160224091100530991871    
20160224091100530993211    
20160224091100530993521    
20160224091100530997191    
20160224091300857493501    
20160224091300857498621    
20160224091519857591022    
20160224091519857591031    
20160224091519857591043    
201602240915198575912210   
20160224091519857591341    
20160224091519857591493    
20160224091519857591611    
20160224091519857591621    
20160224091519857591641    
20160224091519857591701    
20160224091519857591711    
20160224091519857591721    
20160224091519857591741    
20160224091519857591752    
20160224091519857591771    
20160224091519857591781    
20160224091519857592151    
20160224091519857592211    
20160224091519857592951    
20160224091519857593511    
20160224091519857594131    
20160224091519857597041    
20160224091519857597061    
20160224091519857598316    
20160224091519857599081    
20160224092812561491025    
20160224092812561491035    
201602240928125614910410   
20160224092812561491161    
20160224092812561491262    
20160224092812561491271    
20160224092812561491492    
20160224092812561491623    
20160224092812561491645    
20160224092812561491652    
20160224092812561491754    
20160224092812561491764    
20160224092812561491771    
20160224092812561491911    
201602240928125614919210   
20160224092812561492221    
20160224092812561492922    
20160224092812561493502    
20160224092812561493512    
20160224092812561497042    
201602240928125614920810   
20160224092812561491785    
20160224092812561491742    
201602240928125614912220   
20160224092812561497061    
20160224092812561491707    
20160224092812561491717    
20160224092812561491726    
20160224092812561491732    
20160224092812561491612    
20160224092812561491345    
20160224094352663991021    
20160224094352663991031    
20160224094352663991041    
20160224094352663999071    
20160224094352663999111    
20160224094825663891721    
20160224094825663891031    
20160224094825663891911    
20160224094825663898311    
20160224095718857791021    
20160224095718857791031    
20160224095718857791041    
20160224095718857791641    
20160224095718857791701    
20160224095718857791711    
20160224095718857791721    
20160224100619851991021    
20160224100619851991041    
20160224100619851991225    
20160224100619851991701    
20160224100619851991721    
20160224100619851992221    
20160224100951857991021    
20160224100951857991031    
20160224100951857991041    
20160224100951857991211    
20160224100951857991261    
20160224100951857991721    
20160224100951857991751    
20160224100951857998141    
20160224100951857998311    
20160224101202532491031    
20160224101202532491225    
20160224101202532491491    
20160224101452663992921    
20160224101800652991022    
20160224101800652991032    
20160224101800652991042    
20160224101800652991225    
20160224101800652991611    
20160224101800652991701    
20160224101800652991721    
20160224101800652992081    
20160224101800652992921    
20160224101800652995101    
20160224101800652997041    
20160224101800652998261    
20160224101800652998312    
20160224101825623491021    
20160224101825623491031    
20160224101825623491041    
20160224101825623491701    
20160224101825623491721    
20160224101825623491711    
20160224102803844491021    
20160224102803844491032    
20160224102803844491043    
20160224102803844491261    
20160224102803844491641    
20160224102803844491761    
20160224102803844491771    
20160224102803844491225    
20160224102803844491701    
20160224102803844491711    
20160224102803844491731    
20160224102803844492491    
20160224102803844494241    
20160224104221858891761    
20160224104930663891761    
20160224105143624891021    
20160224105143624891031    
20160224105143624891041    
20160224105143624891226    
20160224105143624891751    
20160224105143624891761    
20160224105143624891781    
20160224105143624891921    
20160224105143624892081    
20160224105941857391022    
20160224105941857391031    
20160224105941857391042    
201602241059418573912210   
20160224105941857391261    
20160224105941857391491    
20160224105941857391621    
20160224105941857391702    
20160224105941857391761    
20160224105941857391781    
20160224105941857392492    
20160224105941857392921    
20160224105941857393501    
20160224105941857397061    
20160224105941857398221    
20160224105941857398251    
20160224105941857398271    
20160224105941857398312    
20160224105941857399071    
20160224105833664191021    
20160224105833664198701    
20160224105833664198314    
20160224105833664191261    
20160224105833664191611    
20160224105833664197191    
20160224105833664198881    
20160224105833664192091    
20160224105833664193001    
20160224105833664191041    
20160224105833664191491    
