20160526143134671690111    
20160526143134671691022    
20160526143134671691032    
20160526143134671691042    
201605261431346716912340   
20160526143134671691492    
20160526143134671691611    
20160526143134671691711    
20160526143134671691722    
20160526143134671691741    
20160526143134671691752    
20160526143134671691761    
20160526143134671692162    
20160526143134671692921    
20160526143134671697041    
20160526143134671697061    
20160526143134671698272    
20160526163809670391021    
20160526163809670391031    
20160526163809670391041    
20160526163809670391911    
20160526170821518491621    
20160526170821518491268    
20160526170821518493372    
20160526170821518491021    
20160526170821518491031    
20160526170821518491041    
20160526170821518491911    
20160526170821518491641    
20160526170821518491771    
20160526172717532891022    
20160526172717532891032    
20160526172717532891043    
20160526172717532891261    
20160526172717532891491    
20160526172717532891621    
20160526172717532892221    
20160526172717532892911    
20160526172717532898317    
20160526172717532891741    
20160526172717532891701    
20160526172717532891871    
20160526172717532891341    
20160526173320726798273    
20160526173320726798701    
20160526180810524698621    
20160526180810524692151    
20160526180810524691041    
20160526180810524691761    
20160526180810524697041    
20160526180810524691922    
20160526184240721091023    
20160526184240721091032    
20160526184240721091043    
20160526184240721091262    
20160526184240721091725    
20160526184240721091733    
20160526184240721091621    
20160526184240721091741    
20160526184240721093501    
20160526184240721093511    
20160526184240721091761    
20160526184240721091161    
20160526184240721091641    
20160526184240721091611    
20160526184240721092181    
20160526184623727291022    
20160526184623727291031    
20160526184623727291041    
20160526184623727291261    
20160526184623727291641    
20160526184623727291752    
20160526184623727291761    
20160526184623727291911    
20160526184623727292162    
20160526184623727292921    
20160526184623727292951    
20160526184623727293431    
20160526184623727293591    
20160526184623727297041    
20160526184623727298221    
20160526184623727298261    
20160526184623727298271    
20160526184623727291781    
20160526184623727291742    
20160526184623727297061    
20160526184623727291701    
20160526184623727291711    
20160526184623727291721    
20160526184623727291731    
20160526184623727291611    
20160526184623727290107    
20160526184623727299061    
201605261846237272912316   
20160526190056727491021    
20160526190056727491031    
20160526190056727491043    
20160526190056727491494    
20160526190056727491641    
20160526190056727491751    
20160526190056727491911    
20160526190056727498623    
20160526190056727491781    
20160526190056727491741    
20160526190056727491712    
20160526190056727491951    
20160526190056727491612    
20160526190056727491341    
20160526190056727490107    
201605261900567274912315   
20160526194755412791031    
20160526194755412791041    
20160526194755412791161    
20160526194755412791491    
20160526194755412791611    
20160526194755412791641    
20160526194755412791701    
20160526194755412791721    
20160526194755412791731    
20160526194755412792501    
20160526194755412792652    
20160526194755412793501    
20160526194755412793511    
20160526194755412797041    
20160526194755412798851    
20160526204839631791021    
20160526204839631791032    
20160526204839631791042    
20160526204839631791621    
20160526204839631791642    
20160526204839631791704    
20160526204839631791761    
20160526204839631792881    
20160526204839631793211    
20160526204839631793431    
20160526211554727091022    
20160526211554727091031    
20160526211554727091042    
201605262115547270912310   
20160526211554727091491    
20160526211554727091611    
20160526211554727091621    
20160526211554727091641    
20160526211554727091701    
20160526211554727091711    
20160526211554727091731    
20160526211554727091741    
20160526211554727091754    
20160526211554727091763    
20160526211554727091781    
20160526211554727092162    
20160526211554727093431    
20160526211554727097041    
20160526211554727098271    
20160526221637524790101    
20160526221637524791041    
20160526221637524791641    
20160526221637524791702    
20160526221637524791751    
20160526221637524791761    
20160526221637524792161    
20160526221637524793501    
20160526221637524793511    
20160526221814716090103    
20160526221814716091021    
20160526221814716091031    
20160526221814716091042    
20160526221814716091212    
20160526221814716091341    
20160526221814716091611    
20160526221814716091641    
20160526221814716091711    
20160526221814716091721    
20160526221814716091741    
20160526221814716091751    
20160526221814716091761    
20160526221814716091781    
20160526221814716093501    
20160526221814716095261    
20160526221814716097021    
20160526221814716097042    
20160526225906542291021    
20160526225906542291032    
20160526225906542291043    
20160526225906542291236    
20160526225906542291641    
20160526225906542291701    
20160526225906542291713    
20160526225906542291721    
20160526225906542291731    
20160526225906542291741    
20160526225906542291752    
20160526225906542291764    
20160526225906542291771    
20160526225906542291781    
20160526225906542291911    
20160526225906542292161    
20160526230950526491021    
20160526230950526491031    
20160526230950526491161    
20160526230950526491752    
20160526230950526491761    
20160526230950526491771    
20160526230950526498271    
20160526230950526491781    
20160526230950526491701    
20160526230950526491711    
20160526230950526491721    
20160526230950526490101    
20160526232756723891026    
20160526232756723891643    
20160526232756723891034    
20160526232756723891047    
20160526232756723891211    
20160526232756723891622    
20160526232756723891261    
20160526232756723891701    
20160526232756723891731    
20160526232756723891722    
20160526232756723891711    
20160526232756723897041    
20160526232756723891742    
20160526232756723893211    
20160526232756723897021    
20160526232756723891763    
20160526232756723891771    
20160526232756723897061    
20160526232756723898311    
201605262329217238912320   
20160526234028525990103    
20160526234028525991023    
20160526234028525991033    
20160526234028525991042    
201605262340285259912330   
20160526234028525991493    
20160526234028525991621    
20160526234028525991641    
20160526234028525991711    
20160526234028525991721    
20160526234028525991741    
20160526234028525991752    
20160526234028525991761    
20160526234028525991911    
20160526234028525991921    
20160526234028525992181    
20160526234028525993431    
20160526234028525997021    
20160526234028525997042    
20160527085616726991021    
20160527085616726991031    
20160527085616726991041    
20160527085616726991641    
20160527085616726991703    
20160527085616726991722    
20160527085616726991731    
20160527085616726991491    
20160527085616726997061    
20160527085616726995101    
20160527085616726998313    
20160527085616726993511    
20160527085616726992921    
20160527091745513091023    
20160527091745513091033    
20160527091745513091043    
20160527091745513091621    
20160527091745513091611    
20160527091745513091641    
20160527091745513091261    
20160527091745513097041    
20160527091745513091771    
20160527091745513093521    
20160527091745513092921    
20160527091745513093431    
20160527091745513092162    
20160527091745513090101    
20160527091745513091751    
20160527091839726691041    
20160527091839726691261    
20160527091839726691641    
20160527091839726691721    
20160527091839726691951    
201605270919165130912315   
20160527091859532691022    
20160527091859532691032    
20160527091859532691043    
20160527091859532691211    
201605270918595326912310   
20160527091859532691261    
20160527091859532691341    
20160527091859532691492    
20160527091859532691611    
20160527091859532691621    
20160527091859532691641    
20160527091859532691651    
20160527091859532691701    
20160527091859532691711    
20160527091859532691721    
20160527091859532691741    
20160527091859532691751    
20160527091859532691761    
20160527091859532691771    
20160527091859532691782    
20160527091859532692921    
20160527091859532693501    
20160527091859532693511    
20160527091859532693591    
20160527091859532698231    
201605270918595326983115   
20160527091859532698623    
20160527091859532698881    
20160527091859532699061    
20160527092017524491041    
20160527092017524491731    
20160527092017524491741    
20160527093350415791022    
20160527093350415791032    
20160527093350415791044    
20160527093350415791161    
201605270933504157912320   
20160527093350415791612    
20160527093350415791622    
20160527093350415791642    
20160527093350415791703    
20160527093350415791713    
20160527093350415791722    
20160527093350415791741    
20160527093350415791754    
20160527093350415791911    
20160527093350415791951    
20160527093350415792951    
20160527093350415797041    
20160527093350415798314    
20160527093715727391022    
20160527093715727391031    
201605270937157273912310   
20160527093715727391261    
20160527093715727391491    
20160527093715727391611    
20160527093715727391641    
20160527093715727391701    
20160527093715727391711    
20160527093715727391741    
20160527093715727391752    
20160527093715727391761    
20160527093715727391771    
20160527093715727391781    
20160527093715727397061    
20160527093715727398271    
20160527093715727398313    
20160527093715727398451    
