20160229134438560491031    
20160229134438560491041    
20160229134438560491211    
20160229134438560491225    
20160229134438560491621    
20160229134438560491641    
20160229134438560491701    
20160229134438560491711    
20160229134438560491721    
20160229134438560491731    
20160229134438560491752    
20160229134438560492951    
20160229134438560493201    
20160229134438560498311    
20160229134511822791022    
20160229134511822791031    
20160229134511822791041    
20160229134511822791223    
20160229134511822791261    
20160229134511822791611    
20160229134511822791701    
20160229134511822791712    
20160229134511822791741    
20160229134511822791771    
20160229134511822791871    
20160229134511822791911    
20160229134511822792161    
20160229134511822792921    
20160229134511822793211    
20160229134511822797041    
