20161013111226630891021    
20161013111226630891161    
20161013111226630891261    
20161013111226630891491    
20161013111226630897041    
20161013111226630895101    
20161013111403614691021    
20161013111403614691032    
20161013111403614691041    
20161013111403614691261    
20161013111403614691751    
20161013111403614691761    
20161013111403614691911    
20161013111403614691922    
20161013111403614692161    
20161013111403614692082    
20161013111403614691701    
20161013111403614691711    
20161013111403614691721    
20161013111403614691731    
20161013112935713491041    
20161013112935713491641    
20161013112935713491701    
20161013112935713491711    
20161013112935713491721    
20161013112935713491289    
20161013113550727291021    
20161013113550727291031    
20161013113550727291641    
20161013113550727291751    
20161013113550727291771    
20161013113550727292921    
20161013113550727292951    
20161013113550727298251    
20161013113550727298261    
20161013113550727298314    
20161013113550727298451    
20161013113550727298711    
20161013113550727291701    
20161013113550727291711    
20161013113550727291341    
20161013113550727299131    
20161013113550727291288    
20161013113550727292741    
20161013113945855391701    
20161013113945855391721    
20161013113945855391031    
20161013113945855391041    
20161013113945855392921    
20161013113945855391621    
20161013113945855391761    
20161013113945855391771    
20161013113945855391285    
