20170213214333413499201    
20170217101237415099201    
20170217102850543691021    
20170217102850543691031    
20170217102850543691042    
20170217102850543691492    
20170217102850543691641    
20170217102850543691911    
20170217102850543698315    
20170217102850543697061    
20170217102850543691702    
20170217102850543691711    
20170217102850543691611    
201702171028505436912810   
20170217102850543691961    
20170217110312423691021    
20170217110312423691041    
20170217110312423691531    
20170217110312423691961    
20170217110312423692091    
20170217110312423692921    
20170217110312423693001    
20170217110312423697061    
20170217113115727291021    
20170217114018522791021    
20170217114018522791031    
20170217114018522791042    
20170217114018522791103    
20170217114018522791286    
20170217114018522791381    
20170217114018522791611    
20170217114018522791621    
20170217114018522791641    
20170217114018522791702    
20170217114018522791711    
20170217114018522791721    
20170217114018522791731    
20170217114018522791741    
20170217114018522791751    
20170217114018522791761    
20170217114018522791911    
20170217114018522791961    
20170217114018522792921    
20170217114018522794381    
20170217114018522798311    
20170217120559543191041    
20170217120559543191101    
20170217120559543191611    
20170217120559543191701    
20170217120559543191721    
20170217120559543198313    
20170217121544523691022    
20170217121544523691031    
201702171215445236912820   
20170217121544523691401    
20170217121544523691611    
20170217121544523691642    
20170217121544523691711    
20170217121544523691721    
20170217121544523691752    
20170217121544523693511    
20170217121544523697041    
20170217121544523697061    
20170217121544523698312    
