20170105103240563091031    
20170105103240563091041    
20170105103240563098313    
201701051032405630912810   
20170105103240563091961    
20170105103403513091021    
20170105103403513091031    
20170105103403513091041    
20170105103403513091621    
20170105103403513091641    
20170105103403513091261    
20170105103403513092161    
20170105103844432291031    
20170105103844432291701    
20170105103844432291771    
20170105104138723991041    
20170105104138723991621    
20170105104138723991721    
20170105104138723991961    
20170105104138723991741    
20170105104138723991781    
20170105104138723991751    
20170105104138723991771    
20170105104138723991283    
20170105104524855691021    
20170105104524855691031    
20170105104524855691041    
20170105104524855691621    
20170105104524855691611    
20170105104524855691641    
20170105104524855691701    
20170105104524855691741    
20170105104524855691491    
20170105104524855691286    
20170105104524855697061    
20170105104524855691271    
20170105104524855698311    
20170105104524855698451    
20170105104524855691961    
