20161209102249523591021    
20161209102249523591031    
20161209102249523591041    
20161209102249523591261    
20161209102249523591491    
20161209102249523591641    
20161209102249523591751    
20161209102249523592221    
20161209102249523591301    
20161209102249523591701    
20161209102249523591721    
20161209102249523591611    
20161209102249523591285    
20161209102249523591971    
20161209102355415091021    
20161209102355415091041    
20161209102355415091711    
20161209102355415091721    
20161209102355415091731    
20161209102355415097041    
20161209102355415091751    
201612091023554150912810   
20161209102355415098312    
20161209102355415098864    
20161209105949727491021    
20161209105949727491031    
20161209105949727491042    
20161209105949727491641    
20161209105949727491751    
20161209105949727491761    
20161209105949727491771    
20161209105949727492221    
20161209105949727492921    
20161209105949727497041    
20161209105949727498311    
20161209105949727497061    
20161209105949727491701    
20161209105949727491711    
20161209105949727491731    
20161209105949727491611    
201612091059497274912810   
