20160907105800858891261    
20160907105843857291022    
20160907105843857291031    
20160907105843857291042    
20160907105843857291621    
20160907105843857291641    
20160907105843857291751    
20160907105843857297041    
20160907105843857298251    
20160907105843857298311    
20160907105843857291781    
20160907105843857291211    
20160907105843857291702    
20160907105843857291711    
20160907105843857291722    
20160907105843857297021    
20160907105843857291611    
20160907105843857291341    
20160907105843857299061    
201609071058438572912820   
20160907110232857391022    
20160907110232857391032    
20160907110232857391044    
20160907110232857391261    
201609071102328573912820   
20160907110232857391492    
20160907110232857391621    
20160907110232857391703    
20160907110232857391711    
20160907110232857391721    
20160907110232857391731    
20160907110232857391751    
20160907110232857391761    
20160907110232857391771    
20160907110232857391781    
20160907110232857392161    
20160907110232857392221    
20160907110232857392921    
20160907110232857393501    
20160907110232857397061    
20160907110232857398261    
20160907110232857398313    
20160907110232857398621    
20160907110324858291761    
20160907110324858291771    
20160907110653857791021    
20160907110653857791031    
20160907110653857791041    
20160907110653857791641    
20160907110653857791741    
20160907110738526591021    
20160907110738526591031    
20160907110738526591041    
20160907110738526591201    
201609071107385265912815   
20160907110738526591493    
20160907110738526591701    
20160907110738526591712    
20160907110738526591722    
20160907110738526591741    
20160907110738526591752    
20160907110738526597041    
20160907110738526597061    
20160907110738526599061    
20160907112028855391031    
20160907112028855391041    
20160907112028855391282    
20160907112028855391211    
20160907112028855391611    
20160907112028855391621    
20160907112028855391701    
20160907112028855391721    
20160907112028855391751    
20160907112028855391761    
20160907112028855398311    
20160907112307847191021    
20160907112307847191711    
20160907112307847191731    
20160907112307847191751    
20160907112307847191281    
20160907113520845291023    
20160907113520845291031    
20160907113520845291041    
20160907113520845291261    
201609071135208452912810   
20160907113520845291621    
20160907113520845291702    
20160907113520845291711    
20160907113520845291721    
20160907113520845291731    
20160907113520845292621    
20160907113520845292911    
20160907113520845293211    
20160907113520845293431    
20160907113520845297061    
20160907113520845298314    
