20161019143230651991022    
20161019143230651991033    
20161019143230651991043    
20161019143230651991161    
20161019143230651991622    
20161019143230651991642    
20161019143230651991751    
20161019143230651991301    
20161019143230651991702    
20161019143230651991721    
20161019143332848691021    
20161019143332848691031    
20161019143332848691041    
20161019143332848691491    
20161019143332848691641    
20161019143332848691911    
20161019143332848698311    
20161019143332848698451    
20161019143332848691781    
20161019143332848691301    
20161019143332848691701    
20161019143332848691731    
20161019143332848691341    
20161019143332848691285    
20161019160947616091021    
20161019160947616091031    
20161019160947616091043    
20161019160947616091261    
20161019160947616091271    
201610191609476160912815   
20161019160947616091492    
20161019160947616091611    
20161019160947616091641    
20161019160947616091741    
20161019160947616091921    
20161019160947616092081    
20161019160947616092921    
20161019160947616098315    
20161019160947616099061    
20161019161251562091041    
20161019161251562091161    
20161019161251562091284    
20161019161251562091701    
20161019161251562091711    
20161019161251562091721    
20161019161251562091741    
20161019161251562091751    
20161019161251562091761    
20161019161251562091911    
20161019161302854891022    
20161019161302854891031    
20161019161302854891042    
20161019161302854891491    
20161019161302854891621    
20161019161302854891641    
20161019161302854893431    
20161019161302854891611    
20161019161302854891285    
20161019162515615992081    
20161019171155519791021    
20161019171155519791032    
20161019171155519791042    
20161019171155519791161    
20161019171155519791283    
20161019171155519791341    
20161019171155519791611    
20161019171155519791712    
20161019171155519791761    
20161019171155519791771    
20161019171155519793431    
20161019182252543491021    
20161019182252543491261    
201610191822525434912820   
20161019182252543491493    
20161019182252543491611    
20161019182252543491621    
20161019182252543491641    
20161019182252543491701    
20161019182252543491712    
20161019182252543491741    
20161019182252543491754    
20161019182252543492622    
20161019182252543492891    
20161019182252543493591    
20161019182252543497042    
20161019182252543497062    
20161019182441653091041    
20161019182441653091621    
20161019182441653091762    
20161019182441653091771    
20161019182441653091911    
20161019182441653091702    
20161019182441653091711    
20161019182441653091721    
20161019182441653091611    
20161019183848612091022    
20161019183848612091032    
20161019183848612091043    
20161019183848612091621    
20161019183848612091611    
20161019183848612091641    
20161019183848612091711    
20161019183848612091721    
20161019183848612091731    
20161019183848612091741    
20161019183848612091491    
20161019183848612091751    
20161019183848612091761    
20161019183848612091285    
20161019183848612092081    
20161019183848612091921    
20161019183848612092161    
20161019183848612098314    
20161019184728859391021    
20161019184728859391031    
20161019184728859391041    
20161019184728859391261    
20161019184728859391271    
20161019184728859391492    
20161019184728859391641    
20161019184728859393501    
20161019184728859398313    
20161019184728859391741    
20161019184728859391701    
20161019184728859391711    
20161019184728859391611    
20161019184728859391285    
20161019185431432691041    
20161019185431432691262    
20161019192255513691022    
20161019192255513691033    
20161019192255513691043    
20161019192255513691261    
201610191922555136912810   
20161019192255513691341    
20161019192255513691641    
20161019192255513691701    
20161019192255513691711    
20161019192255513691721    
20161019192255513691731    
20161019192255513691741    
20161019192255513691761    
20161019192255513691922    
20161019192255513692091    
20161019192255513692162    
20161019192255513693431    
20161019192255513693511    
201610191922555136983110   
20161019193058610391021    
20161019193058610397041    
20161019193058610397062    
201610191930586103912820   
20161019193058610393501    
20161019193058610393511    
20161019193058610391303    
20161019193058610391611    
20161019193058610391271    
20161019193058610391701    
20161019193058610391031    
20161019193058610391041    
20161019193058610392921    
20161019193058610391641    
20161019194606857691021    
20161019194606857691031    
20161019194606857691042    
20161019194606857691491    
20161019194606857691922    
20161019194606857692921    
20161019194606857697191    
20161019194606857698251    
20161019194606857698271    
20161019194606857698311    
20161019194606857697061    
20161019194606857691701    
20161019194606857691721    
20161019194606857691731    
20161019194606857691611    
201610191946068576912810   
20161019194754857691751    
20161019194754857693211    
20161019195218615891022    
20161019195218615891031    
20161019195218615891043    
20161019195218615891201    
20161019195218615891285    
20161019195218615891341    
20161019195218615891493    
20161019195218615891701    
20161019195218615891721    
20161019195218615891741    
20161019195218615891751    
20161019195218615891771    
20161019195218615891782    
20161019195218615891951    
20161019195218615892011    
20161019195218615897062    
20161019195218615898251    
20161019195218615898261    
20161019195218615898316    
20161019202416518091022    
20161019202416518091031    
20161019202416518091042    
20161019202416518091212    
20161019202416518091261    
201610192024165180912825   
20161019202416518091304    
20161019202416518091372    
20161019202416518091611    
20161019202416518091641    
20161019202416518091701    
20161019202416518091711    
20161019202416518091721    
20161019202416518091751    
20161019202416518091762    
20161019202416518091771    
20161019202416518091781    
20161019202416518091911    
20161019202416518093211    
20161019202416518093431    
20161019202416518093511    
20161019202416518097041    
20161019202416518097191    
20161019202416518099061    
20161019205642857091031    
20161019205642857091042    
20161019205642857091211    
20161019205642857091283    
20161019205642857091491    
20161019205642857091641    
20161019205642857091711    
20161019205642857091731    
20161019205642857091741    
20161019205642857092091    
20161019205642857092891    
20161019205642857097041    
20161019205642857098312    
20161019214848715391021    
20161019214848715391032    
20161019214848715391043    
20161019214848715391642    
20161019214848715391261    
20161019214848715391741    
20161019214848715391702    
20161019214848715391721    
20161019214848715391731    
20161019214848715391911    
20161019214848715392921    
20161019214848715391621    
20161019214848715391761    
20161019214848715391752    
20161019215042851291021    
20161019215042851291031    
20161019215042851291041    
20161019215042851291491    
20161019215042851291611    
20161019215042851291621    
20161019215042851291641    
20161019215042851291701    
20161019215042851291711    
20161019215042851291721    
20161019215042851291781    
20161019215042851291911    
20161019215042851292921    
20161019215548854791021    
20161019215548854791031    
20161019215548854792921    
20161019215548854791641    
20161019215548854791701    
20161019215548854791711    
20161019215548854791721    
20161019215548854791731    
20161019215548854791491    
20161019222901650991021    
20161019222901650991031    
20161019222901650991042    
20161019222901650991621    
20161019222901650991641    
20161019222901650991702    
20161019222901650991712    
20161019222901650991721    
20161019222901650991731    
20161019222901650991761    
20161019222901650997041    
20161019224027560291031    
20161019224027560291041    
20161019224027560291261    
20161019224027560291282    
20161019224027560291641    
20161019224027560291721    
20161019224027560291771    
20161019224027560292162    
20161019224027560293341    
20161019224414662791022    
20161019224414662791032    
20161019224414662791042    
20161019224414662791282    
20161019224414662791611    
20161019224414662791621    
20161019224414662791702    
20161019224414662791711    
20161019224414662791721    
20161019224414662791731    
20161019224414662791911    
20161019233233816091021    
20161019233233816091031    
20161019233233816091781    
20161019233233816091741    
201610192332338160912815   
20161020061717525391022    
20161020061717525391032    
20161020061717525391042    
20161020061717525391621    
20161020061717525391611    
20161020061717525391641    
20161020061717525391261    
20161020061717525391701    
20161020061717525391711    
20161020061717525391721    
20161020061717525391731    
20161020061717525397021    
20161020061717525391752    
20161020061717525391762    
201610200617175253912810   
20161020061717525391311    
20161020061717525392081    
20161020061717525391921    
20161020061717525392921    
20161020061717525398312    
20161020070311716391022    
20161020070311716391032    
20161020070311716391043    
20161020070311716391262    
20161020070311716391493    
20161020070311716391623    
20161020070311716391642    
20161020070311716391754    
20161020070311716391761    
20161020070311716392011    
20161020070311716392921    
20161020070311716392951    
20161020070311716393591    
20161020070311716397042    
20161020070311716398261    
20161020070311716392081    
20161020070311716391742    
20161020070311716397061    
20161020070311716391702    
20161020070311716391712    
20161020070311716391721    
20161020070311716391612    
20161020070311716391341    
20161020070311716391201    
201610200703117163912840   
20161020070311716392743    
20161020070401561491025    
20161020070401561491034    
201610200704015614910410   
20161020070401561491262    
20161020070401561491271    
20161020070401561491494    
20161020070401561491622    
20161020070401561491643    
20161020070401561491754    
20161020070401561491762    
20161020070401561491772    
20161020070401561491911    
20161020070401561491925    
20161020070401561492015    
20161020070401561492211    
20161020070401561492221    
20161020070401561492922    
20161020070401561493502    
20161020070401561493512    
20161020070401561497042    
20161020070401561492085    
20161020070401561491785    
20161020070401561491741    
20161020070401561497061    
20161020070401561491706    
20161020070401561491714    
20161020070401561491725    
20161020070401561491731    
20161020070401561491941    
20161020070401561491612    
20161020070401561491344    
20161020070401561491201    
20161020070401561499062    
20161020070401561491365    
201610200704015614912820   
20161020071847562391022    
20161020071847562391031    
20161020071847562391043    
20161020071847562391201    
20161020071847562391261    
201610200718475623912820   
20161020071847562391621    
20161020071847562391641    
20161020071847562391701    
20161020071847562391711    
20161020071847562391722    
20161020071847562391752    
20161020071847562391762    
20161020071847562391911    
20161020071847562392161    
20161020071847562392221    
201610200732115623912810   
20161020074308615691021    
20161020074308615691031    
20161020074308615691042    
20161020074308615691271    
201610200743086156912815   
20161020074308615691492    
20161020074308615691741    
20161020074308615691751    
20161020074308615691763    
20161020074308615693511    
20161020074308615693591    
20161020074308615697061    
20161020074308615698316    
20161020080135615091022    
20161020080135615091034    
20161020080135615091046    
20161020080135615091261    
20161020080135615091491    
20161020080135615091622    
20161020080135615091752    
20161020080135615091765    
20161020080135615092921    
20161020080135615098311    
20161020080135615091741    
20161020080135615091702    
20161020080135615091711    
20161020080135615091721    
20161020080135615091732    
20161020080135615091611    
20161020080135615091281    
20161020085714815991021    
20161020085714815991031    
20161020085714815991042    
20161020085714815991641    
20161020085714815992921    
20161020085714815991283    
20161020090144563391031    
20161020090144563391641    
20161020090144563397041    
20161020090144563398312    
20161020091016815991492    
20161020091909840491022    
20161020091909840491031    
20161020091909840491042    
20161020091909840491261    
20161020091909840491702    
20161020091909840491711    
20161020091909840491721    
201610200919098404912810   
20161020091909840491741    
20161020091909840497061    
20161020091909840491641    
20161020091909840491492    
20161020091909840492162    
20161020091909840491761    
20161020091909840491771    
20161020091909840492221    
20161020092453561291021    
20161020092453561291641    
20161020092453561291042    
201610200924535612912810   
20161020092453561291031    
20161020092453561291751    
20161020092453561291761    
20161020092453561292911    
20161020092453561292221    
20161020092453561291711    
20161020092453561291701    
20161020093442812091021    
20161020093442812091041    
20161020093442812091201    
20161020093442812091287    
20161020093442812091491    
20161020093442812091641    
20161020093442812091731    
20161020093442812092161    
20161020093823855691021    
20161020093823855691031    
20161020093823855691041    
20161020093823855691611    
20161020093823855691641    
20161020093823855691261    
20161020093823855691491    
20161020093823855691761    
20161020093823855691285    
20161020093823855697061    
20161020093823855698311    
20161020095437416291031    
20161020095437416291042    
20161020095437416291621    
20161020095437416291641    
20161020095437416291921    
20161020095437416293341    
20161020095437416293431    
20161020095437416293501    
20161020095437416293591    
20161020095437416298231    
20161020095437416298314    
20161020095437416298622    
20161020095437416298881    
20161020095437416292081    
20161020095437416297061    
20161020095437416291731    
20161020095437416291286    
20161020095740815991711    
20161020100618612094222    
20161020101852525291021    
20161020101852525291031    
20161020101852525291043    
201610201018525252911410   
20161020101852525291641    
20161020101852525291752    
20161020101852525291911    
20161020101852525292211    
20161020101852525297041    
20161020101852525291701    
20161020101852525291721    
20161020101852525291611    
20161020101852525291284    
20161020104026651091022    
20161020104026651091031    
20161020104026651091041    
20161020104026651091701    
20161020104026651091761    
20161020104026651091651    
20161020104026651091301    
20161020104026651092181    
20161020104342651091281    
20161020104338727791021    
20161020104338727791031    
20161020104338727791041    
20161020104338727791481    
20161020104338727791491    
20161020104338727791641    
20161020104338727792921    
20161020104338727793482    
20161020104338727798313    
20161020104338727791794    
20161020104338727797061    
20161020104338727791701    
20161020104338727791711    
20161020104338727791611    
20161020104338727799131    
20161020104338727791285    
20161020110622516591721    
20161020110622516591701    
20161020110622516591731    
20161020110622516598311    
20161020110622516591282    
20161020110854518791021    
20161020110854518791031    
20161020110854518791041    
20161020110854518791284    
20161020110854518791371    
20161020110854518791621    
20161020110854518791641    
20161020110854518791701    
20161020110854518791713    
20161020110854518791752    
20161020110854518791762    
20161020110854518791781    
20161020110854518792221    
20161020110854518793501    
20161020110953855391021    
20161020110953855391285    
20161020110953855391701    
20161020110953855391761    
20161020110953855391711    
20161020110953855391041    
20161020110953855397061    
20161020110953855391641    
20161020110953855391611    
20161020110953855391751    
20161020110953855391261    
20161020110953855398311    
20161020110953855391491    
