20160401103830412791021    
20160401103830412791031    
20160401103830412791041    
20160401103830412791224    
20160401103830412791721    
20160401103830412792082    
20160401103830412792921    
20160401103830412797041    
20160401103830412798131    
20160401103830412798141    
20160401103830412798201    
20160401103830412798861    
20160401104319415091021    
20160401104319415091031    
20160401104319415091042    
20160401104319415091621    
20160401104319415091701    
20160401104319415091711    
20160401104319415091224    
20160401104319415097061    
20160401104319415091781    
20160401104319415097191    
20160401104319415092081    
20160401104319415093501    
20160401104319415092161    
20160401104319415098311    
20160401105300726691021    
20160401105300726691226    
20160401105300726691741    
20160401105300726692921    
20160401105300726698311    
20160401110320543191031    
20160401110320543191223    
20160401110320543191331    
20160401110320543191911    
20160401110320543192491    
20160401110320543193511    
20160401110320543193591    
20160401110320543197061    
20160401110320543198451    
20160401110320543198621    
20160401110517522791021    
20160401110517522791031    
20160401110517522791041    
20160401110517522791223    
20160401110517522791261    
20160401110517522791401    
20160401110517522791641    
20160401110517522791711    
20160401110517522792011    
20160401110517522792921    
20160401110517522797061    
20160401111203727091021    
20160401111203727091031    
20160401111203727091042    
20160401111203727091228    
20160401111203727091491    
20160401111203727091611    
20160401111203727091641    
20160401111203727091701    
20160401111203727091711    
20160401111203727091752    
20160401111203727091771    
20160401111203727092162    
20160401111203727098311    
