20160628110238413491761    
20160628110238413492161    
20160628110238413491701    
20160628110238413498311    
20160628110238413491031    
20160628110238413492081    
20160628110820415691701    
20160628110820415698311    
20160628110820415698701    
20160628111728815091781    
20160628111728815092162    
20160628111728815091021    
20160628111728815091031    
20160628111728815091042    
20160628111728815091761    
20160628111728815091752    
20160628111728815091235    
20160628111728815092921    
20160628111728815093431    
20160628111728815091941    
20160628111728815091641    
20160628111728815091211    
20160628113936822991021    
20160628113936822991032    
20160628113936822991043    
20160628113936822991211    
20160628113936822991236    
20160628113936822991341    
20160628113936822991641    
20160628113936822991711    
20160628113936822991721    
20160628113936822991741    
20160628113936822991781    
20160628113936822992161    
20160628113936822997041    
20160628113936822997061    
20160628113936822998311    
20160628120248411991031    
20160628120248411991041    
20160628120248411993211    
20160628120248411991731    
20160628120248411997021    
201606281202484119912310   
20160628120428562991042    
20160628120428562991261    
20160628120428562991621    
20160628120428562995261    
20160628120428562998316    
20160628120428562991701    
20160628120428562991871    
20160628122238830591021    
20160628122238830591041    
20160628122238830591261    
20160628122238830591711    
20160628122238830598711    
20160628122238830591233    
20160628122238830591761    
20160628122238830591751    
20160628122238830592081    
20160628122143821891021    
20160628122143821891031    
20160628122143821891041    
20160628122143821891211    
20160628122143821891641    
20160628122143821891261    
20160628122143821891721    
20160628122143821891236    
20160628122143821891951    
20160628122143821891941    
20160628122143821898271    
20160628122143821891701    
20160628122152519191021    
20160628122152519191031    
20160628122152519191042    
201606281221525191912310   
20160628122152519191261    
20160628122152519191341    
20160628122152519191491    
20160628122152519191641    
20160628122152519191741    
20160628122152519191751    
20160628122152519191761    
20160628122152519192921    
20160628122152519193341    
20160628122152519198312    
20160628125631830591211    
20160628125631830591491    
20160628125746624591701    
20160628125746624591761    
20160628125746624592921    
20160628125746624598312    
20160628132135511191022    
20160628132135511191032    
20160628132135511191042    
20160628132135511191492    
20160628132135511191621    
20160628132135511191641    
20160628132135511198701    
20160628132135511191211    
20160628132135511191741    
20160628132135511191701    
20160628132135511191712    
20160628132135511191721    
20160628132135511191611    
20160628132135511191233    
20160628132242848291022    
20160628132242848291031    
20160628132242848291043    
20160628132242848291491    
20160628132242848291621    
20160628132242848291641    
20160628132242848291762    
20160628132242848291771    
20160628132242848291911    
20160628132242848292073    
20160628132242848292161    
20160628132242848292921    
20160628132242848298251    
20160628132242848298261    
20160628132242848298271    
20160628132242848298311    
20160628132242848297061    
20160628132242848291702    
20160628132242848291712    
20160628132242848291611    
20160628132242848291341    
20160628132242848291201    
201606281322428482912310   
