20160604092551561191021    
20160604092551561191031    
20160604092551561191042    
20160604092551561191211    
201606040925515611912320   
20160604092551561191261    
20160604092551561191271    
20160604092551561191741    
20160604092551561191761    
20160604092551561197042    
20160605071057741891731    
20160605100400681491021    
20160605100400681491031    
20160605100400681491042    
20160605100400681491753    
20160605100400681497041    
20160605100400681498313    
20160605100400681491741    
20160605100400681497061    
20160605100400681491701    
20160605100400681491721    
20160605100400681491731    
201606051004006814912310   
20160605201854562691021    
20160605201854562691031    
20160605201854562691042    
20160605201854562691641    
20160605201854562691711    
20160606083812561891022    
20160606083812561891031    
20160606083812561891042    
20160606083812561891238    
20160606083812561891262    
20160606083812561891341    
20160606083812561891702    
20160606083812561891712    
20160606083812561891721    
20160606083812561891761    
20160606083812561891781    
20160606083812561891911    
20160606083812561892221    
20160606083812561897021    
20160606083812561897041    
20160606083812561898314    
20160606083812561898351    
20160606085209741691143    
20160606103232820791022    
20160606103232820791032    
20160606103232820791042    
20160606103232820791621    
20160606103232820791641    
20160606103232820792921    
20160606103232820792083    
20160606103232820791701    
20160606103232820791721    
20160606105501681491711    
20160606110948412091031    
20160606110948412091041    
20160606110948412091721    
20160606110948412091751    
20160606110948412093501    
20160606110948412093511    
20160606114344415591021    
20160606114344415591041    
20160606114344415591491    
20160606114344415591751    
20160606114344415592921    
20160606114344415597041    
20160606114344415598271    
20160606115821424091021    
20160606115821424091951    
20160606115821424091941    
20160606115821424091711    
20160606115821424091791    
20160606115821424093501    
20160606115821424093521    
20160606122938815790101    
20160606122938815791021    
20160606122938815791032    
20160606122938815791043    
201606061229388157912310   
20160606122938815791261    
20160606122938815791641    
20160606122938815791702    
20160606122938815791711    
20160606122938815791721    
20160606122938815791741    
20160606122938815791751    
20160606122938815791781    
20160606122938815791951    
20160606122938815792071    
20160606122938815799061    
20160606143706411391021    
20160606143706411391031    
20160606143706411391041    
20160606143706411391701    
20160606143706411390101    
20160606143706411391235    
20160606143706411391641    
20160606143706411397041    
20160606143706411391261    
20160606143706411392162    
20160606143706411392075    
20160606143706411397061    
20160606143706411398271    
20160606143706411398251    
20160606151552518491021    
20160606151552518491042    
20160606151552518491701    
20160606151552518491721    
20160606151552518491371    
20160606151552518492921    
20160606153221411391921    
20160606153221411392081    
20160606154333433091023    
20160606154333433091032    
20160606154333433091045    
20160606154333433091162    
20160606154333433091261    
20160606154333433091491    
20160606154333433091611    
20160606154333433091622    
20160606154333433091641    
20160606154333433091708    
20160606154333433091715    
20160606154333433091731    
20160606154333433091753    
20160606154333433091762    
20160606154333433091772    
20160606154333433092211    
20160606154333433092221    
20160606154333433092911    
20160606154333433092921    
20160606154333433092951    
20160606154333433093211    
20160606154333433093371    
20160606154801561891232    
20160606155054831591041    
20160606155054831591371    
20160606155054831591491    
20160606155054831591741    
20160606155054831591771    
20160606155054831592082    
20160606155054831595101    
20160606155054831595251    
20160606155054831597031    
20160606155619815691021    
20160606155619815691031    
20160606155619815691701    
20160606155619815691741    
20160606161511435391023    
20160606161511435391032    
20160606161511435391044    
20160606161511435391161    
20160606161511435391211    
201606061615114353912330   
20160606161511435391261    
20160606161511435391401    
20160606161511435391491    
20160606161511435391611    
20160606161511435391621    
20160606161511435391642    
20160606161511435391705    
20160606161511435391716    
20160606161511435391721    
20160606161511435391731    
20160606161511435391742    
20160606161511435391752    
20160606161511435391761    
20160606161511435391771    
20160606161511435391911    
20160606161511435392011    
20160606161511435392162    
20160606161511435393501    
20160606161511435395101    
20160606161511435397021    
20160606161511435397041    
20160606161511435399061    
20160606170526823390104    
20160606170526823391021    
20160606170526823391041    
201606061705268233912310   
20160606170526823391491    
20160606170526823391612    
20160606170526823391641    
20160606170526823391721    
20160606170526823391911    
20160606170526823391921    
20160606170526823391941    
20160606170526823391951    
20160606170526823392011    
20160606170526823392921    
20160606170526823393501    
20160606170526823393511    
20160606170526823398251    
20160606170526823398261    
20160606170526823398271    
20160606170526823398881    
20160606181924433091781    
20160606185206423791021    
201606061852064237912320   
20160606185206423791611    
20160606185206423791621    
20160606185206423791651    
20160606185206423791722    
20160606185206423791741    
20160606185206423791771    
20160606185206423791911    
20160606185206423793431    
20160606185206423797041    
20160606185206423797061    
20160606185206423798311    
20160606194118563190101    
20160606194118563191022    
20160606194118563191031    
20160606194118563191042    
201606061941185631912310   
20160606194118563191261    
20160606194118563191611    
20160606194118563191621    
20160606194118563191651    
20160606194118563191711    
20160606194118563191722    
20160606194118563193431    
20160606194118563193501    
20160606194118563198271    
20160606203111815591021    
20160606203111815591031    
20160606203111815591041    
20160606203111815591233    
20160606203111815591611    
20160606203111815591711    
20160606203111815591721    
20160606203111815591761    
20160606203111815591771    
20160606203111815591921    
20160606203615432291611    
20160606203615432291261    
20160606203615432291711    
20160606203615432298271    
20160606212221411891021    
20160606212221411891621    
20160606212221411893501    
20160606212221411893521    
20160606212756413491031    
20160606212756413491641    
20160606212756413492281    
20160606212756413491561    
20160606212756413492921    
20160606213502822391022    
20160606213502822391032    
20160606213502822391043    
20160606213502822391261    
20160606213502822391611    
20160606213502822391621    
20160606213502822391641    
20160606213502822391711    
20160606213502822391731    
20160606213502822391741    
20160606213502822391761    
20160606213502822391771    
20160606213502822391911    
20160606213502822391941    
20160606213502822391951    
20160606213502822397061    
20160606213502822398311    
20160606213502822399111    
20160606222048412491022    
20160606222048412491032    
20160606222048412491042    
201606062220484124912320   
20160606222048412491401    
20160606222048412491612    
20160606222048412491622    
20160606222048412491641    
20160606222048412491701    
20160606222048412491741    
20160606222048412491751    
20160606222048412491762    
20160606222048412491781    
20160606222048412491911    
20160606222048412497021    
20160606222048412497042    
20160606223853415990105    
20160606223853415991023    
20160606223853415991032    
20160606223853415991044    
201606062238534159912315   
20160606223853415991262    
20160606223853415991341    
20160606223853415991493    
20160606223853415991611    
20160606223853415991622    
20160606223853415991641    
20160606223853415991702    
20160606223853415991711    
20160606223853415991721    
20160606223853415991741    
20160606223853415991761    
20160606223853415992221    
20160606223853415992891    
20160606223853415992923    
20160606223853415994122    
20160606223853415997041    
20160606223853415997061    
20160606223853415998231    
20160606223853415998251    
20160606225333423091021    
20160606225333423091261    
20160606225333423091641    
20160606225333423091761    
20160606225333423091911    
20160606225333423091781    
20160606225333423091702    
20160606225333423091711    
20160606232655822691021    
20160606232655822691031    
20160606232655822691041    
20160606232655822691211    
20160606232655822691261    
20160606232655822691611    
20160606232655822691711    
20160606232655822691911    
20160606232655822692162    
20160606232655822697041    
20160606234458814691022    
20160606234458814691031    
20160606234458814691042    
20160606234458814691261    
20160606234458814691491    
20160606234458814691714    
20160606234458814691751    
20160606234458814691761    
20160606234458814691771    
20160606234458814692921    
20160606234458814695101    
20160606235322830491023    
20160606235322830491032    
20160606235322830491044    
20160606235322830491213    
201606062353228304912310   
20160606235322830491264    
20160606235322830491371    
20160606235322830491391    
20160606235322830491402    
20160606235322830491491    
20160606235322830491621    
20160606235322830491642    
20160606235322830491703    
20160606235322830491712    
20160606235322830491722    
20160606235322830491741    
20160606235322830491753    
20160606235322830491761    
20160606235322830491772    
20160606235322830491922    
20160606235322830491941    
20160606235322830492084    
20160606235322830492161    
20160606235322830493211    
20160606235322830493431    
20160606235322830495102    
20160606235322830497021    
20160606235322830498311    
20160607002056821591022    
20160607002056821591032    
20160607002056821591042    
20160607002056821591491    
20160607002056821591611    
20160607002056821591621    
20160607002056821591641    
20160607002056821591701    
20160607002056821591722    
20160607002056821591751    
20160607002056821592921    
20160607002056821593431    
20160607002056821593501    
20160607002056821599121    
20160607002844821291021    
20160607002844821291041    
20160607002844821292621    
20160607002844821297041    
20160607002844821291701    
20160607002844821291722    
20160607075315821491031    
20160607075315821491041    
20160607075315821491235    
20160607075315821491611    
20160607075315821491621    
20160607075315821491641    
20160607075315821491701    
20160607075315821491711    
20160607075315821491721    
20160607075315821491761    
20160607075315821491911    
20160607075315821497041    
20160607081513561891741    
20160607082220423891621    
20160607082220423892811    
20160607082220423897041    
20160607082220423898311    
20160607082220423891741    
20160607082220423891701    
20160607082220423891711    
20160607083124423892221    
20160607083124423892911    
20160607083124423891211    
20160607084459830391021    
20160607084459830391031    
20160607084459830391042    
20160607084459830391161    
20160607084459830391211    
20160607084459830391235    
20160607084459830391641    
20160607084459830391711    
20160607084459830391722    
20160607084459830391752    
20160607084459830391761    
20160607084459830391911    
20160607084459830392491    
20160607084459830393431    
20160607084459830397041    
20160607090906432691235    
20160607090906432691261    
20160607090906432691705    
20160607090906432691721    
20160607090906432691741    
20160607090906432691761    
20160607090906432691771    
20160607091423415491021    
20160607091423415491032    
20160607091423415491044    
20160607091423415491143    
20160607091423415491161    
201606070914234154912313   
20160607091423415491261    
20160607091423415491341    
20160607091423415491612    
20160607091423415491621    
20160607091423415491703    
20160607091423415491711    
20160607091423415491721    
20160607091423415491731    
20160607091423415491782    
20160607091423415492161    
20160607091423415492921    
20160607091423415492951    
20160607091423415493341    
20160607091423415498312    
20160607091423415498621    
20160607091454822391236    
20160607091522832091021    
20160607091522832091032    
20160607091522832091042    
20160607091522832091261    
20160607091522832091721    
20160607091522832091761    
20160607091522832091271    
20160607091522832091491    
20160607091522832091752    
20160607091522832091621    
20160607091522832091611    
20160607091522832091641    
20160607091522832092911    
20160607091522832092491    
20160607091531435091031    
20160607091531435091042    
20160607091531435091211    
20160607091531435091233    
20160607091531435091261    
20160607091531435091621    
20160607091531435091702    
20160607091531435091712    
20160607091531435091721    
20160607091531435091731    
20160607091531435091753    
20160607091531435091761    
20160607091531435091771    
20160607091531435091911    
20160607091531435091921    
20160607091531435091951    
20160607091531435092011    
20160607091531435092082    
20160607091531435092482    
20160607091531435093501    
20160607091531435095101    
20160607091531435098313    
20160607091748851491031    
20160607091748851491611    
20160607091748851491701    
20160607091748851491921    
20160607093202823190101    
20160607093202823191234    
20160607093202823191301    
20160607093202823191561    
20160607093202823191641    
20160607093202823191921    
20160607093202823192281    
20160607093302423491021    
20160607093302423491261    
20160607093302423491301    
20160607093302423491611    
20160607093302423491701    
20160607093302423491721    
20160607093302423491741    
20160607093302423491751    
20160607093302423495261    
20160607093302423498701    
20160607093302423499061    
20160607093326415391021    
20160607093326415391031    
20160607093326415391042    
20160607093326415391237    
20160607093326415391611    
20160607093326415391621    
20160607093326415391701    
20160607093326415391741    
20160607093326415391751    
20160607093326415393501    
20160607094226815391031    
20160607094226815391042    
20160607094226815391641    
20160607094226815391611    
20160607094226815391621    
20160607094226815391702    
20160607094226815391711    
20160607094226815391721    
20160607094226815391762    
20160607094226815391772    
201606070942268153912310   
20160607094226815397061    
20160607094226815393431    
20160607095713681391023    
20160607095713681391033    
20160607095713681391043    
20160607095713681391161    
20160607095713681391235    
20160607095713681391262    
20160607095713681391611    
20160607095713681391622    
20160607095713681391702    
20160607095713681391712    
20160607095713681391722    
20160607095713681391731    
20160607095713681391741    
20160607095713681391941    
20160607095713681391951    
20160607095713681392212    
20160607095713681392911    
20160607095713681393501    
20160607095713681397041    
20160607100517664691022    
20160607100517664691031    
20160607100517664691043    
201606071005176646912310   
20160607100517664691261    
20160607100517664691341    
20160607100517664691493    
20160607100517664691611    
20160607100517664691701    
20160607100517664691711    
20160607100517664691721    
20160607100517664691781    
20160607100517664691923    
20160607100517664691941    
20160607100517664691951    
20160607100517664692082    
20160607100517664692221    
20160607100517664692921    
20160607100517664693501    
20160607100517664693591    
20160607100517664698253    
20160607100517664698312    
20160607100517664698451    
20160607100517664698622    
20160607100517664698701    
20160607100517664698881    
20160607100517664699062    
20160607100646413290111    
20160607100646413291235    
20160607100646413291611    
20160607100646413291701    
20160607100646413291711    
20160607100646413291752    
20160607100646413292181    
20160607100835813091031    
20160607100835813091042    
20160607100835813091641    
20160607100835813091761    
20160607100835813091771    
20160607100928514791041    
20160607100928514791641    
20160607100928514791236    
20160607100928514791611    
20160607100928514791771    
20160607100928514791751    
20160607100928514797041    
20160607100928514791021    
20160607100928514790101    
20160607100940815291031    
20160607100940815291041    
20160607100940815291391    
20160607100940815291401    
20160607100940815291711    
20160607100940815291741    
20160607100940815291922    
20160607100940815292082    
20160607101610726491021    
20160607101610726491711    
20160607101610726491721    
20160607101610726491641    
20160607101610726498311    
20160607101610726493501    
20160607102040415591031    
20160607102418420191022    
20160607102418420191031    
20160607102418420191042    
201606071024184201912330   
20160607102418420191622    
20160607102418420191701    
20160607102418420191711    
20160607102418420191721    
20160607102418420191731    
20160607102418420191741    
20160607102418420191762    
20160607102418420192921    
20160607102418420195261    
20160607102418420197021    
20160607102418420197061    
20160607102740664491041    
20160607102740664491261    
20160607102740664491491    
20160607102740664491621    
20160607102740664491721    
20160607102740664491781    
20160607102740664491921    
20160607102740664492081    
20160607102740664495251    
20160607103611415690101    
20160607103611415690111    
20160607103611415690121    
20160607103611415691021    
20160607103611415691031    
20160607103611415691041    
201606071036114156912310   
20160607103611415691261    
20160607103611415691491    
20160607103611415691611    
20160607103611415691621    
20160607103611415691721    
20160607103611415691741    
20160607103611415691751    
20160607103611415691761    
20160607103611415692161    
20160607103611415697041    
20160607103611415697061    
20160607103703823291022    
20160607103703823291032    
20160607103703823291043    
20160607103703823291261    
20160607103703823291491    
20160607103703823291621    
20160607103703823291642    
20160607103703823291702    
20160607103703823291722    
20160607103703823291741    
20160607103703823291751    
20160607103703823293431    
20160607103703823293501    
20160607103703823297041    
20160607104051856091641    
20160607104051856091752    
20160607104051856091761    
20160607105548435790102    
20160607105548435791021    
20160607105548435791031    
20160607105548435791042    
20160607105548435791233    
20160607105548435791261    
20160607105548435791381    
20160607105548435791611    
20160607105548435791641    
20160607105548435791703    
20160607105548435791711    
20160607105548435791721    
20160607105548435791741    
20160607105548435791762    
20160607105548435791771    
20160607105548435791911    
20160607105548435792491    
20160607105823642291022    
20160607105823642291031    
20160607105823642291041    
20160607105823642291621    
20160607105823642291721    
20160607105823642291761    
20160607105823642291911    
20160607105823642292165    
20160607105823642293501    
20160607105823642293511    
20160607105833411991021    
20160607105833411991031    
20160607105833411991041    
20160607105833411991271    
20160607105833411991641    
20160607105833411991701    
20160607105833411991711    
20160607105833411991721    
20160607105833411991611    
201606071058334119912320   
20160607105909822991021    
20160607105909822991031    
20160607105909822991042    
20160607105909822991211    
20160607105909822991641    
20160607105909822991701    
20160607105909822991711    
20160607105909822991721    
20160607105909822992161    
20160607105909822992921    
20160607105909822997041    
20160607105952563491031    
20160607105952563491041    
20160607105952563491143    
20160607105952563491236    
20160607105952563491641    
20160607105952563491711    
20160607105952563491721    
20160607105952563491741    
20160607105952563491781    
20160607105952563492921    
20160607105952563492951    
20160607105952563497061    
20160607105952563498311    
20160607110216519091021    
20160607110216519091031    
20160607110216519091041    
20160607110216519091701    
20160607110216519091751    
20160607110216519092081    
20160607110216519093431    
