20160428131607518791021    
20160428131607518791031    
20160428131607518791042    
20160428131607518791211    
20160428131607518791261    
20160428131607518791271    
20160428131607518791371    
20160428131607518791621    
20160428131607518791641    
20160428131607518791713    
20160428131607518791721    
20160428131607518791751    
20160428131607518791762    
20160428131607518792011    
20160428131607518792221    
20160428131607518792921    
20160428131607518793521    
20160428131607518797191    
20160428132531524691031    
20160428132531524691721    
20160428132531524697041    
20160428132531524698312    
20160428132531524699071    
20160428135712614691021    
20160428135712614691031    
20160428135712614691041    
20160428135712614691761    
20160428135712614692921    
20160428135712614691711    
20160428135712614691721    
20160428140116615491021    
20160428140116615491032    
20160428140116615491043    
20160428140116615491161    
20160428140116615491227    
20160428140116615491491    
20160428140116615491711    
20160428140116615491751    
20160428140116615491761    
20160428140116615491911    
20160428140116615492921    
20160428140116615497041    
20160428140116615498312    
20160428140132517791022    
20160428140132517791032    
20160428140132517791043    
20160428140132517791371    
20160428140132517791641    
20160428140132517791751    
20160428140132517791761    
20160428140132517791911    
20160428140132517791921    
20160428140132517793371    
20160428140132517797041    
20160428140132517792081    
20160428140132517791741    
20160428140132517791224    
20160428140132517791712    
20160428140132517791721    
20160428140132517791611    
20160428141221727391021    
20160428141221727391225    
20160428141221727391611    
20160428141221727391641    
20160428141221727391701    
20160428141221727391711    
20160428141221727391721    
20160428141221727391741    
20160428141221727391751    
20160428141221727391761    
20160428141221727391781    
20160428141221727392921    
20160428141221727398711    
201604281423215246912210   
