20161018110453563491021    
20161018110453563491032    
20161018110453563491043    
201610181104535634912810   
20161018110453563491611    
20161018110453563491621    
20161018110453563491721    
20161018110453563491741    
20161018110453563491761    
20161018110453563493431    
20161018110453563497041    
20161018110453563497061    
20161018110453563498311    
20161018112110857591022    
20161018112110857591032    
20161018112110857591043    
201610181121108575912820   
20161018112110857591341    
20161018112110857591493    
20161018112110857591611    
20161018112110857591641    
20161018112110857591711    
20161018112110857591721    
20161018112110857591741    
20161018112110857591752    
20161018112110857591782    
20161018112110857591911    
20161018112110857591951    
20161018112110857592151    
20161018112110857593501    
20161018112110857593511    
20161018112110857598314    
20161018112110857598621    
20161018112110857599131    
20161018113105433291021    
20161018113105433291031    
20161018113105433291041    
20161018113105433291261    
201610181131054332912810   
20161018113105433291491    
20161018113105433291701    
20161018113105433291731    
20161018113105433292161    
20161018113105433293431    
20161018113105433297041    
20161018113704415691021    
20161018113704415691031    
20161018113704415691043    
20161018113704415691261    
201610181137044156912820   
20161018113704415691341    
20161018113704415691492    
20161018113704415691611    
20161018113704415691621    
20161018113704415691641    
20161018113704415691711    
20161018113704415691721    
20161018113704415691741    
20161018113704415691751    
20161018113704415691871    
20161018113704415691911    
20161018113704415692161    
20161018113704415697041    
20161018113704415697061    
20161018113704415698311    
20161018120808830591041    
20161018121103432691031    
20161018121103432691261    
20161018121103432691731    
20161018121136830591041    
20161018121136830591261    
20161018121136830591721    
20161018121136830591701    
20161018121136830591911    
20161018121136830591284    
20161018121136830592081    
20161018121136830591031    
20161018121136830591941    
20161018121136830591491    
20161018121136830591711    
20161018121136830591211    
20161018121136830597041    
20161018121136830592161    
20161018122054416391031    
20161018122054416391041    
20161018122054416391271    
20161018122054416391621    
20161018122054416391641    
20161018122054416391751    
20161018122054416391763    
20161018122054416392162    
20161018122054416392911    
20161018122054416392951    
20161018122054416393001    
20161018122054416398313    
20161018122054416392085    
20161018122054416395101    
20161018122054416391711    
20161018122054416391286    
