20170110135141671391022    
20170110135141671391032    
20170110135141671391043    
20170110135141671391621    
20170110135141671391611    
20170110135141671391641    
20170110135141671391714    
20170110135141671391722    
20170110135141671391911    
20170110135141671397041    
20170110135141671391754    
20170110135141671391765    
20170110135141671392921    
20170110140513843891021    
20170110140513843891031    
20170110140513843891041    
20170110140513843891621    
20170110140513843891641    
20170110140513843891261    
20170110140513843891701    
20170110140513843891721    
20170110140513843891491    
20170110140513843891961    
201701101405138438912810   
20170110140513843898311    
20170110141332857591022    
20170110141332857591033    
20170110141332857591043    
20170110141332857591261    
201701101413328575912810   
20170110141332857591341    
20170110141332857591492    
20170110141332857591541    
20170110141332857591613    
20170110141332857591643    
20170110141332857591701    
20170110141332857591711    
20170110141332857591721    
20170110141332857591743    
20170110141332857591753    
20170110141332857591761    
20170110141332857591771    
20170110141332857591782    
20170110141332857592011    
20170110141332857592151    
20170110141332857592921    
20170110141332857592951    
20170110141332857593591    
20170110141332857597062    
20170110141332857598313    
20170110141332857598621    
20170110141332857599131    
20170110152457664692921    
20170110160548856291021    
20170110160548856291031    
20170110160548856291041    
20170110160548856291284    
20170110160548856291491    
20170110160548856291611    
20170110160548856291641    
20170110160548856291701    
20170110160548856291711    
20170110160548856291721    
20170110160548856291751    
20170110160548856291761    
20170110160548856291781    
20170110160548856291961    
20170110160548856298311    
20170110164131846391022    
20170110164131846391031    
20170110164131846391043    
20170110164131846391261    
20170110164131846391621    
20170110164131846391641    
20170110164131846391761    
20170110164131846391771    
20170110164131846391911    
20170110164131846391741    
20170110164131846391701    
20170110164131846391711    
20170110164131846391611    
20170110164131846391285    
20170110164148652191911    
20170110164148652191751    
20170110164148652191032    
20170110164148652191041    
20170110164148652191021    
20170110164148652191702    
20170110164148652191611    
20170110175321728191021    
20170110175321728191031    
20170110175321728191041    
20170110175321728191641    
20170110175321728191701    
20170110175321728197021    
20170110175354858691022    
20170110175354858691031    
20170110175354858691043    
20170110175354858691261    
20170110175354858691492    
20170110175354858691641    
20170110175354858691751    
20170110175354858691771    
20170110175354858693521    
20170110175354858698231    
20170110175354858698313    
20170110175354858698621    
20170110175354858692081    
20170110175354858691741    
20170110175354858691711    
20170110175354858691721    
20170110175354858691611    
201701101753548586912810   
20170110175354858691961    
20170110175354858691971    
20170110181106671791021    
20170110181106671791042    
20170110181106671791261    
201701101811066717912810   
20170110181106671791641    
20170110181106671791731    
20170110181106671791741    
20170110181106671791761    
20170110181106671791806    
20170110181106671791911    
20170110181106671791961    
20170110181106671797061    
20170110181106671798272    
20170110181106671798312    
20170110182858859191041    
20170110182858859191301    
20170110182858859191611    
20170110182858859191721    
20170110182858859191741    
20170110182858859191961    
20170110182858859192921    
20170110183727859491021    
20170110183727859491042    
20170110183727859491262    
20170110183727859491493    
20170110183727859491762    
20170110183727859498251    
20170110183727859498272    
20170110183727859498451    
20170110183727859498621    
20170110183727859491301    
20170110183727859497061    
20170110183727859491701    
20170110183727859491711    
20170110183727859491721    
20170110183727859491731    
20170110183727859491611    
20170110183727859492501    
201701101837278594912813   
20170110183727859492191    
20170110183727859491971    
20170110183810859491871    
20170110184347857191041    
20170110184347857191261    
20170110184347857191491    
20170110184347857191771    
20170110184347857192921    
20170110184347857197191    
20170110184347857198191    
20170110184347857198251    
20170110184347857198261    
20170110184347857198313    
20170110184347857192081    
20170110185131664291022    
20170110185131664291033    
20170110185131664291044    
20170110185131664291493    
20170110185131664291621    
20170110185131664291641    
20170110185131664291751    
20170110185131664291911    
20170110185131664292011    
20170110185131664292221    
20170110185131664292911    
20170110185131664292921    
20170110185131664297041    
20170110185131664298313    
20170110185131664291782    
20170110185131664291741    
20170110185131664291701    
20170110185131664291711    
20170110185131664291721    
20170110185131664291611    
20170110185131664291961    
20170110185458663791021    
20170110185458663791031    
20170110185458663791042    
20170110185458663791612    
20170110185458663791261    
20170110185458663792162    
20170110185458663791531    
20170110185458663791741    
20170110185458663791285    
20170110185458663791761    
20170110185458663798311    
20170110185458663798271    
20170110185949652991021    
20170110185949652991031    
20170110185949652991042    
20170110185949652991285    
20170110185949652991301    
20170110185949652991311    
20170110185949652991611    
20170110185949652991711    
20170110185949652991731    
20170110185949652991741    
20170110185949652991752    
20170110185949652991761    
20170110185949652991961    
20170110185949652992211    
20170110185949652992951    
20170110185949652998271    
20170110185949652998312    
20170110190602625291031    
20170110190602625291261    
20170110190602625291771    
20170110190602625293371    
20170110190602625293592    
20170110190602625298251    
20170110190602625298313    
20170110190602625292081    
20170110190602625291781    
20170110190602625291741    
20170110190602625291701    
20170110190602625291711    
20170110190602625291871    
201701101906026252912810   
20170110190707625291041    
20170110194018624591031    
20170110194018624591283    
20170110194018624597041    
20170110194018624598312    
20170110194551859491741    
20170110195357438091021    
20170110195357438091043    
20170110195357438091261    
20170110195357438091492    
20170110195357438091641    
20170110195357438091752    
20170110195357438091761    
20170110195357438091911    
20170110195357438097041    
20170110195357438098231    
20170110195357438098261    
20170110195357438091741    
20170110195357438091703    
20170110195357438091713    
20170110195357438091732    
20170110195357438091951    
20170110195357438091611    
201701101953574380912815   
20170110195357438092191    
20170110195357438091963    
20170110195417681291021    
20170110195417681291032    
20170110195417681291042    
201701101954176812912818   
20170110195417681291494    
20170110195417681291622    
20170110195417681291701    
20170110195417681291711    
20170110195417681291731    
20170110195417681291742    
20170110195417681297041    
20170110195417681297061    
20170110195417681298312    
20170110200703662191023    
20170110200703662191032    
20170110200703662191044    
20170110200703662191621    
20170110200703662191641    
20170110200703662191751    
20170110200703662197041    
20170110200703662191781    
20170110200703662191741    
20170110200703662191721    
20170110200703662191731    
20170110200703662191611    
20170110200703662191284    
20170110200703662192191    
20170110200952681491711    
20170110202301854291701    
20170110202301854291711    
20170110202301854291721    
20170110204315663491021    
20170110204315663491031    
20170110204315663491042    
20170110204315663491101    
20170110204315663491261    
20170110204315663497041    
20170110204315663491491    
20170110204315663491751    
20170110204315663491761    
20170110204315663491285    
20170110204315663492911    
20170110204315663498311    
20170110205536859091041    
20170110205536859091491    
20170110205536859091641    
20170110205536859091751    
20170110205536859091761    
20170110205536859098311    
20170110205536859098621    
20170110205536859091781    
20170110205536859097061    
20170110205536859091711    
20170110205536859091721    
20170110205536859091961    
20170110210937849391021    
20170110210937849391031    
20170110210937849391041    
20170110210937849391711    
20170110210937849391911    
20170110210937849397041    
201701102109378493912810   
20170110210937849397061    
20170110211224642691041    
20170110211224642691283    
20170110211224642691311    
20170110211224642691351    
20170110211224642691381    
20170110211224642691491    
20170110211224642691641    
20170110211224642691921    
20170110211224642692081    
20170110211224642692921    
20170110211224642697021    
20170110211224642699502    
20170110213034854591023    
20170110213034854591032    
20170110213034854591045    
20170110213034854591261    
201701102130348545912813   
20170110213034854591371    
20170110213034854591481    
20170110213034854591611    
20170110213034854591622    
20170110213034854591703    
20170110213034854591712    
20170110213034854591721    
20170110213034854591731    
20170110213034854591752    
20170110213034854591765    
20170110213034854592221    
20170110213034854592921    
20170110213034854593431    
20170110213034854597031    
20170110213034854597041    
20170110213034854598261    
20170110213034854598271    
20170110215712624691041    
20170110215712624691285    
20170110215712624691611    
20170110215712624691641    
20170110215712624691711    
20170110215712624691751    
20170110215712624697041    
20170110220115650991021    
20170110220115650991031    
20170110220115650991042    
20170110220115650991611    
20170110220115650991621    
20170110220115650991641    
20170110220115650991702    
20170110220115650991712    
20170110220115650991721    
20170110220115650991731    
20170110220115650991763    
20170110220115650998311    
20170110222557664791021    
20170110222557664791031    
20170110222557664791042    
20170110222557664791143    
20170110222557664791261    
20170110222557664791381    
20170110222557664791491    
20170110222557664791641    
20170110222557664793501    
20170110222557664798312    
20170110222557664791741    
20170110222557664791701    
20170110222557664791731    
20170110222557664791341    
20170110222557664791283    
20170110222557664791101    
20170110222708823091022    
20170110222708823091032    
20170110222708823091042    
20170110222708823091621    
20170110222708823091641    
20170110222708823091261    
20170110222708823091702    
20170110222708823091731    
20170110222708823091282    
20170110222708823091491    
20170110222708823095101    
20170110222708823091961    
20170110222708823091761    
20170110222708823092162    
20170110223701530991021    
20170110223701530991031    
20170110223701530991041    
20170110223701530991621    
20170110223701530991721    
20170110223701530991781    
20170110223701530992921    
20170110223701530993521    
20170110234449855091284    
20170110234449855091641    
20170110234449855091711    
20170110234449855091761    
20170110234449855092221    
20170110234449855092501    
20170110234449855093341    
20170111010956681391021    
20170111010956681391032    
20170111010956681391042    
20170111010956681391241    
20170111010956681391261    
20170111010956681391305    
20170111010956681391481    
20170111010956681391702    
20170111010956681391712    
20170111010956681391721    
20170111010956681391731    
20170111010956681391741    
20170111010956681391911    
20170111010956681391962    
20170111010956681392091    
20170111010956681392191    
20170111010956681392922    
20170111010956681397061    
20170111010956681398221    
20170111010956681398275    
201701110109566813983110   
20170111010956681398455    
20170111010956681398622    
20170111012159845691021    
20170111012159845691041    
20170111012159845691283    
20170111012159845691701    
20170111012159845691711    
20170111012159845691761    
20170111012159845698271    
20170111012159845698311    
20170111053710840391023    
20170111053710840391031    
20170111053710840391042    
20170111053710840391261    
20170111053710840391286    
20170111053710840391641    
20170111053710840391731    
20170111053710840391751    
20170111053710840392221    
20170111053710840398341    
20170111064230671491021    
20170111064230671491033    
20170111064230671491262    
20170111064230671491725    
201701110642306714917315   
20170111064230671491704    
20170111064230671491765    
20170111064230671491912    
20170111064230671491741    
20170111064230671497041    
20170111064230671493432    
20170111064230671492921    
20170111064230671491531    
20170111064230671492211    
20170111064230671493502    
20170111064230671493511    
20170111064230671493521    
20170111070959681191021    
20170111070959681191289    
20170111070959681191622    
20170111070959681191741    
20170111070959681191761    
20170111070959681192011    
20170111070959681192091    
20170111070959681197061    
20170111070959681198312    
20170111085040858091031    
20170111085040858091041    
20170111085040858091621    
20170111085040858091261    
20170111085040858091711    
20170111085040858091911    
20170111085040858097041    
20170111085040858091751    
20170111085040858091762    
20170111085040858091285    
20170111085040858091341    
20170111085040858092951    
20170111085040858092211    
20170111085541624091031    
20170111085541624091041    
20170111085541624097041    
201701110855416240912810   
20170111085541624091941    
20170111085541624091721    
20170111090552663891701    
20170111090552663891031    
20170111090552663891731    
20170111090552663891041    
20170111090552663891283    
20170111092720857891031    
20170111092720857891261    
20170111092720857891283    
20170111092720857891641    
20170111092720857891711    
20170111092720857891752    
20170111092720857891761    
20170111092720857891911    
20170111092720857897041    
20170111092833621691022    
20170111092833621691031    
20170111092833621691042    
20170111092833621691492    
20170111092833621691621    
20170111092833621691641    
20170111092833621691701    
20170111092833621691711    
20170111092833621691722    
20170111092833621691731    
20170111092833621691741    
20170111092833621691781    
20170111092833621692011    
20170111092833621692921    
20170111092833621697021    
20170111092833621698311    
20170111093339857491021    
20170111093339857491031    
20170111093339857491041    
20170111093339857491283    
20170111093339857491611    
20170111093339857491641    
20170111093339857492921    
20170111093339857493591    
20170111093339857497041    
20170111093339857498251    
20170111093339857498311    
20170111094607681691021    
20170111094607681691032    
201701110946076816912815   
20170111094607681691492    
20170111094607681691721    
20170111094607681691742    
20170111094607681691911    
20170111094607681693001    
20170111094607681693521    
20170111094607681693591    
20170111094607681697061    
20170111094722663691021    
20170111094722663691032    
20170111094722663691042    
20170111094722663691262    
20170111094722663691771    
20170111094722663692091    
20170111094722663692921    
20170111094722663691781    
20170111094722663697061    
20170111094722663691288    
20170111094923841891021    
20170111094923841891041    
20170111094923841891711    
20170111094923841891611    
20170111094923841892421    
20170111095035847191031    
20170111095035847191041    
20170111095035847191711    
20170111095035847191721    
20170111095035847191761    
20170111095035847192081    
20170111095035847193501    
20170111095035847193521    
20170111095035847191961    
20170111100022662791022    
20170111100022662791032    
20170111100022662791042    
20170111100022662791621    
20170111100022662791641    
20170111100022662791702    
20170111100022662791711    
20170111100022662791721    
20170111100022662791751    
20170111100022662791961    
20170111100022662791971    
20170111100101858891021    
20170111100101858891031    
20170111100101858891042    
20170111100101858891491    
20170111100101858891621    
20170111100101858897035    
20170111100101858898231    
20170111100101858898312    
20170111100101858891741    
20170111100101858891611    
201701111001018588912810   
20170111100101858891961    
20170111100101858891541    
20170111100141623791021    
20170111100141623791031    
20170111100141623791041    
20170111100141623797041    
20170111100141623791701    
20170111100141623791651    
20170111100141623791101    
20170111100141623791911    
20170111101015663991021    
20170111101015663991031    
20170111101015663991041    
20170111101015663991283    
20170111101015663991621    
20170111101015663991721    
20170111101015663992891    
20170111101015663992921    
20170111101015663998311    
20170111101028664191031    
20170111101028664191781    
20170111101028664191731    
20170111101028664191961    
20170111101028664191621    
20170111101028664191381    
20170111102638526991021    
20170111102638526991041    
20170111102638526991641    
20170111102638526992091    
20170111102638526992921    
20170111102638526993351    
20170111102638526993501    
20170111102638526991611    
20170111102638526991287    
20170111102916859291022    
20170111102916859291033    
20170111102916859291045    
20170111102916859291261    
201701111029168592912820   
20170111102916859291301    
20170111102916859291493    
20170111102916859291541    
20170111102916859291611    
20170111102916859291642    
20170111102916859291651    
20170111102916859291702    
20170111102916859291713    
20170111102916859291721    
20170111102916859291731    
20170111102916859291742    
20170111102916859291751    
20170111102916859291761    
20170111102916859291782    
20170111102916859291911    
20170111102916859291961    
20170111102916859291971    
20170111102916859292081    
20170111102916859292161    
20170111102916859292921    
20170111102916859293001    
20170111102916859293431    
20170111102916859297041    
20170111102916859298251    
20170111102916859298261    
20170111102916859298271    
20170111102916859298313    
20170111102916859298621    
20170111103050651091022    
20170111103050651091041    
20170111103050651091611    
20170111103050651091701    
20170111103050651091711    
20170111103050651091721    
20170111103050651091771    
20170111103050651091282    
20170111103050651091302    
20170111103130664591021    
20170111103130664591031    
20170111103130664591042    
20170111103130664591287    
20170111103130664591491    
20170111103130664591701    
20170111103130664591711    
20170111103130664591731    
20170111103130664591751    
20170111103130664591761    
20170111103130664592011    
20170111103130664592161    
20170111103130664592591    
20170111103130664597041    
20170111103130664597061    
20170111103130664598312    
20170111103730858091491    
20170111103730858093501    
20170111103934623491021    
20170111103934623491031    
20170111103934623491041    
20170111103934623491611    
20170111103934623491621    
20170111103934623491761    
20170111105202844991022    
20170111105202844991031    
20170111105202844991042    
201701111052028449912815   
20170111105202844991492    
20170111105202844991621    
20170111105202844991701    
20170111105202844991711    
20170111105202844991721    
20170111105202844991731    
20170111105202844991741    
20170111105202844991751    
20170111105202844993431    
20170111105202844997041    
20170111105202844998313    
20170111105202844998451    
