20161005131210853391041    
20161005131210853391211    
20161005131210853391283    
20161005131210853391611    
20161005131210853391751    
20161005131210853392221    
20161005131210853392921    
20161005131210853393211    
20161005132420813991021    
20161005132420813991031    
20161005132420813991042    
20161005132420813991621    
20161005132420813991261    
20161005132420813991701    
20161005132420813991711    
20161005132420813997041    
20161005132420813991911    
20161005132420813991741    
20161005132420813991491    
20161005132420813991751    
20161005132420813991286    
20161005132420813997061    
20161005132420813991951    
20161005132420813992161    
20161005132420813998311    
20161005133212518091022    
20161005133212518091032    
20161005133212518091042    
20161005133212518091201    
20161005133212518091211    
201610051332125180912818   
20161005133212518091303    
20161005133212518091371    
20161005133212518091611    
20161005133212518091621    
20161005133212518091641    
20161005133212518091701    
20161005133212518091721    
20161005133212518091751    
20161005133212518091762    
20161005133212518091782    
20161005133212518093431    
20161005133212518093501    
20161005133212518093511    
20161005133212518097191    
20161005133212518098451    
20161005133212518099061    
20161005140007857991021    
20161005140007857991041    
20161005140007857991211    
20161005140007857991261    
20161005140007857991285    
20161005140007857991401    
20161005140007857991491    
20161005140007857991941    
20161005140007857997061    
20161005140007857998311    
