20160712141929511191022    
20160712141929511191032    
20160712141929511191043    
20160712141929511191261    
20160712141929511191491    
20160712141929511191621    
20160712141929511191752    
20160712141929511191771    
20160712141929511192161    
20160712141929511193351    
20160712141929511193371    
20160712141929511193431    
20160712141929511191741    
20160712141929511191701    
20160712141929511191712    
20160712141929511191721    
20160712141929511191611    
201607121419295111912310   
