20161102135001518091021    
20161102135001518091031    
20161102135001518091042    
20161102135001518091212    
201611021350015180912820   
20161102135001518091304    
20161102135001518091311    
20161102135001518091351    
20161102135001518091371    
20161102135001518091481    
20161102135001518091611    
20161102135001518091641    
20161102135001518091731    
20161102135001518091762    
20161102135001518091782    
20161102135001518097021    
20161102141042562091021    
20161102141042562091031    
20161102141042562091261    
20161102141042562091285    
20161102141042562091641    
20161102141042562091711    
20161102141042562091721    
20161102141042562091751    
20161102141042562092161    
20161102141042562092921    
20161102141042562093431    
20161102141042562097061    
20161102144829651991022    
20161102144829651991032    
20161102144829651991042    
20161102144829651991621    
20161102144829651991641    
20161102144829651991751    
20161102144829651991771    
20161102144829651991911    
20161102144829651992911    
20161102144829651997041    
20161102144829651991781    
20161102144829651991211    
20161102144829651991701    
20161102144829651991722    
20161102144829651991311    
20161102151555516791021    
20161102151555516791041    
20161102151555516791287    
20161102151555516791621    
20161102151555516791711    
20161102151555516791911    
20161102151555516797021    
20161102152735848691041    
20161102152735848691491    
20161102152735848691621    
20161102152735848691641    
20161102152735848697041    
20161102152735848698311    
20161102152735848691701    
20161102152735848691711    
20161102152735848691284    
20161102154002859497061    
20161102154002859491941    
20161102160434612091021    
20161102160434612091042    
20161102160434612091701    
20161102160434612091741    
20161102160434612091491    
20161102160434612091761    
20161102160434612091285    
20161102160434612092091    
20161102160434612093431    
20161102160434612098314    
20161102160434612098251    
20161102175912859391021    
20161102175912859391041    
20161102175912859391261    
20161102175912859391491    
20161102175912859391922    
20161102175912859393591    
20161102175912859398313    
20161102175912859392081    
20161102175912859397061    
20161102175912859391711    
20161102175912859391721    
20161102175912859391282    
20161102182037612091283    
20161102182532513691022    
20161102182532513691033    
20161102182532513691042    
20161102182532513691271    
20161102182532513691285    
20161102182532513691611    
20161102182532513691621    
20161102182532513691642    
20161102182532513691751    
20161102182532513691771    
20161102182532513692091    
20161102182532513692162    
20161102182532513692911    
20161102182532513693431    
201611021825325136983110   
20161102182922713491022    
20161102182922713491031    
20161102182922713491041    
20161102182922713491621    
20161102182922713491641    
20161102182922713491701    
20161102182922713491711    
20161102182922713491761    
20161102182922713491771    
20161102182922713492181    
20161102182922713492081    
20161102182922713492211    
20161102183022715991022    
20161102183022715991031    
20161102183022715991042    
20161102183022715991211    
20161102183022715991261    
20161102183022715991401    
20161102183022715991701    
20161102183022715991721    
20161102183022715991731    
20161102183022715991871    
20161102183022715992221    
20161102183022715997041    
20161102183022715998231    
20161102183022715998313    
20161102183831610391021    
20161102183831610391031    
20161102183831610391043    
20161102183831610391721    
20161102183831610397041    
20161102183831610391711    
20161102183831610391761    
20161102183831610393211    
20161102183831610391741    
20161102191617722791031    
20161102191617722791041    
20161102191617722791641    
20161102191617722791751    
20161102191617722791761    
20161102191617722793371    
20161102191617722791701    
20161102191617722791721    
20161102191617722791286    
20161102193719615891022    
20161102193719615891031    
20161102193719615891043    
20161102193719615891161    
20161102193719615891287    
20161102193719615891341    
20161102193719615891491    
20161102193719615891641    
20161102193719615891701    
20161102193719615891711    
20161102193719615891721    
20161102193719615891741    
20161102193719615891751    
20161102193719615891771    
20161102193719615891781    
20161102193719615891911    
20161102193719615892921    
20161102193719615897061    
20161102193719615898318    
20161102193719615899061    
20161102201703857691021    
20161102201703857691031    
20161102201703857691043    
20161102201703857691641    
20161102201703857691751    
20161102201703857691921    
20161102201703857692221    
20161102201703857697041    
20161102201703857698271    
20161102201703857698313    
20161102201703857697061    
20161102201703857691701    
20161102201703857691711    
20161102201703857697021    
201611022017038576912815   
20161102202103562891021    
20161102202103562891031    
20161102202103562891041    
20161102202103562891271    
20161102202103562891284    
20161102202103562891611    
20161102202103562891752    
20161102203032519791021    
20161102203032519791031    
20161102203032519791042    
20161102203032519791271    
20161102203032519791281    
20161102203032519791491    
20161102203032519791611    
20161102203032519791641    
20161102203032519791711    
20161102203032519791761    
20161102203032519791911    
20161102203032519792162    
20161102203032519792911    
20161102203032519793521    
20161102203032519797041    
20161102203032519798312    
20161102203735854891021    
20161102203735854891031    
20161102203735854891042    
20161102203735854891621    
20161102203735854891641    
20161102203735854891751    
20161102203735854891761    
20161102203735854892921    
20161102203735854893431    
20161102203735854898312    
20161102203735854898701    
20161102203735854898711    
20161102203735854891741    
20161102203735854891611    
20161102203735854891284    
20161102205733857091021    
20161102205733857091032    
20161102205733857091042    
20161102205733857091201    
20161102205733857091261    
20161102205733857091283    
20161102205733857091311    
20161102205733857091491    
20161102205733857091621    
20161102205733857091641    
20161102205733857091711    
20161102205733857091721    
20161102205733857091761    
20161102205733857091781    
20161102205733857091922    
20161102205733857092163    
20161102205733857099061    
20161102212018616091021    
20161102212018616091031    
20161102212018616091042    
20161102212018616091261    
201611022120186160912810   
20161102212018616091492    
20161102212018616091611    
20161102212018616091641    
20161102212018616091711    
20161102212018616091921    
20161102212018616092081    
20161102212018616092921    
20161102212738851491021    
20161102212738851491031    
20161102212738851491041    
20161102212738851491201    
20161102212738851491283    
20161102212738851491641    
20161102212738851491701    
20161102212738851491761    
20161102213944716391022    
20161102213944716391031    
20161102213944716391045    
20161102213944716391271    
20161102213944716391491    
20161102213944716391622    
20161102213944716391761    
20161102213944716391911    
20161102213944716391921    
20161102213944716392921    
20161102213944716397041    
20161102213944716398271    
20161102213944716398451    
20161102213944716391781    
20161102213944716391701    
20161102213944716391711    
20161102213944716391721    
20161102213944716392591    
20161102214717854791021    
20161102214717854791031    
20161102214717854791621    
20161102214717854791641    
20161102214717854791261    
20161102214717854791201    
20161102214717854791751    
20161102214717854791711    
20161102214758851291021    
20161102214758851291031    
20161102214758851291042    
20161102214758851291241    
20161102214758851291282    
20161102214758851291491    
20161102214758851291621    
20161102214758851291641    
20161102214758851291701    
20161102214758851291711    
20161102214758851291731    
20161102214758851291911    
20161102214758851292211    
20161102214758851292921    
20161102214758851295261    
20161102214758851297061    
20161102214758851298271    
20161102214758851298451    
20161102214758851298651    
20161102224949650991021    
20161102224949650991032    
20161102224949650991042    
20161102224949650991285    
20161102224949650991381    
20161102224949650991621    
20161102224949650991641    
20161102224949650991702    
20161102224949650991712    
20161102224949650991763    
20161102224949650991771    
20161102224949650997041    
20161102224949650998312    
20161102233534662791022    
20161102233534662791031    
20161102233534662791042    
20161102233534662791283    
20161102233534662791621    
20161102233534662791641    
20161102233534662791721    
20161102233534662791751    
20161102233534662791761    
20161102233534662797041    
20161102233945518791022    
20161102233945518791031    
20161102233945518791042    
20161102233945518791261    
20161102233945518791283    
20161102233945518791611    
20161102233945518791641    
20161102233945518791713    
20161102233945518791721    
20161102233945518791731    
20161102233945518791741    
20161102233945518791752    
20161102233945518791764    
20161102233945518793431    
20161102233945518797041    
20161103001546615091024    
20161103001546615091035    
20161103001546615091047    
20161103001546615091261    
20161103001546615091491    
20161103001546615091621    
20161103001546615091754    
20161103001546615091764    
20161103001546615091771    
20161103001546615092921    
20161103001546615093501    
201611030015466150983111   
20161103001546615091701    
20161103001546615091711    
20161103001546615091721    
20161103001546615091732    
20161103001546615091611    
20161103001546615091281    
20161103062741561491025    
20161103062741561491034    
20161103062741561491048    
20161103062741561491261    
20161103062741561491494    
20161103062741561491623    
20161103062741561491643    
20161103062741561491754    
20161103062741561491763    
20161103062741561491771    
20161103062741561491912    
20161103062741561492922    
20161103062741561493502    
20161103062741561493512    
20161103062741561497043    
20161103062741561491784    
20161103062741561491742    
20161103062741561491706    
20161103062741561491715    
20161103062741561491724    
20161103062741561491732    
20161103062741561491612    
20161103062741561491344    
20161103062741561491201    
20161103062741561499063    
201611030627415614912830   
20161103063430525391022    
20161103063430525391032    
20161103063430525391042    
20161103063430525391621    
20161103063430525391611    
20161103063430525391641    
20161103063430525391261    
20161103063430525391701    
20161103063430525391711    
20161103063430525391721    
20161103063430525391731    
20161103063430525391751    
20161103063430525391761    
201611030634305253912810   
20161103063430525391311    
20161103063430525393001    
20161103063430525398311    
20161103063430525392181    
20161103063430525392091    
20161103063430525399061    
20161103070143562391021    
20161103070143562391032    
20161103070143562391042    
20161103070143562391161    
201611030701435623912820   
20161103070143562391611    
20161103070143562391621    
20161103070143562391701    
20161103070143562391711    
20161103070143562391721    
20161103070143562391741    
20161103070143562391751    
20161103070143562391762    
20161103070143562393211    
20161103082705615691021    
20161103082705615691042    
20161103082705615691288    
20161103082705615691351    
20161103082705615691492    
20161103082705615691621    
20161103082705615691721    
20161103082705615691741    
20161103082705615691751    
20161103082705615691762    
20161103082705615691771    
20161103082705615697041    
20161103082705615698314    
20161103084915816091261    
20161103084915816091911    
20161103084915816097041    
20161103084915816091711    
20161103084915816091721    
20161103090456563391031    
20161103090456563391041    
20161103090456563391283    
20161103090456563391611    
20161103090456563391711    
20161103090456563391751    
20161103090456563391761    
20161103090456563397061    
20161103092108855691021    
20161103092108855691041    
20161103092108855691621    
20161103092108855691641    
20161103092108855691721    
20161103092108855691491    
20161103092108855691741    
20161103092108855691285    
20161103092108855693431    
20161103092108855698311    
20161103092249855698711    
20161103092941840491022    
20161103092941840491031    
20161103092941840491042    
20161103092941840491261    
20161103092941840491701    
20161103092941840491711    
20161103092941840491731    
20161103092941840491721    
20161103092941840491911    
201611030929418404912810   
20161103092941840491491    
20161103092941840491641    
20161103093024561291031    
20161103093024561291041    
20161103093024561291761    
20161103093024561291711    
20161103093024561291751    
20161103093024561291731    
20161103093024561297191    
20161103093024561291721    
20161103093024561291641    
20161103093024561291701    
20161103093032812091031    
20161103093032812091041    
20161103093032812091161    
20161103093032812091286    
20161103093032812091701    
20161103093032812091721    
20161103093032812093341    
20161103093032812093431    
20161103093515543391031    
20161103093515543391042    
20161103093515543391761    
20161103093515543393591    
20161103093515543398316    
20161103093515543391301    
20161103093515543397061    
20161103093515543391721    
20161103093515543391731    
20161103093515543394171    
20161103093515543394181    
20161103093515543391286    
20161103094248416291023    
20161103094248416291041    
20161103094248416291621    
20161103094248416291641    
20161103094248416291751    
201611030942484162983110   
20161103094248416297061    
20161103094248416291701    
20161103094248416291721    
20161103094248416291201    
20161103094248416299061    
20161103095449623291022    
20161103095449623291032    
20161103095449623291042    
20161103095449623291611    
20161103095449623291641    
20161103095449623297021    
20161103095449623291711    
20161103095449623291721    
20161103095449623291762    
20161103095449623291285    
20161103095449623291491    
20161103095449623293371    
20161103101042815991021    
20161103101042815991031    
20161103101042815991041    
20161103101042815991492    
20161103101042815991751    
20161103101042815991921    
20161103101042815991741    
20161103101042815997061    
20161103101042815991701    
20161103101042815991201    
20161103101042815991285    
20161103101740543491021    
20161103101740543491031    
20161103101740543491201    
20161103101740543491621    
20161103101740543491701    
20161103101740543491711    
20161103101740543491721    
20161103101740543491741    
20161103101740543491911    
20161103101740543493351    
20161103101740543493591    
20161103101740543497041    
20161103102423651091021    
20161103102423651091031    
20161103102423651091041    
20161103102423651091641    
20161103102423651091721    
20161103102423651091771    
20161103102423651091621    
20161103102804614691021    
20161103102804614691031    
20161103102804614691042    
20161103102804614691641    
20161103102804614691651    
20161103102804614691751    
20161103102804614691761    
20161103102804614691922    
20161103102804614697191    
20161103102804614692082    
20161103102804614691701    
20161103102804614691712    
20161103102804614691721    
20161103102931614694211    
20161103103236432691031    
20161103103236432691211    
20161103103236432691285    
20161103103236432691311    
20161103103236432691611    
20161103103236432691622    
20161103103236432691641    
20161103103236432691751    
20161103103236432691761    
20161103103236432691771    
20161103103236432692222    
20161103103627416298271    
20161103104113524691022    
20161103104113524691031    
20161103104113524691042    
20161103104113524691261    
20161103104113524691482    
20161103104113524691641    
20161103104113524691751    
20161103104113524691761    
20161103104113524691921    
20161103104113524692091    
20161103104113524693001    
20161103104113524693431    
20161103104113524697041    
20161103104113524698316    
20161103104113524691783    
20161103104113524691741    
20161103104113524697061    
20161103104113524691701    
20161103104113524697021    
20161103104113524691611    
20161103104113524699061    
201611031041135246912815   
20161103104240727791021    
20161103104240727791041    
20161103104240727791491    
20161103104240727791621    
20161103104240727791641    
20161103104240727791751    
20161103104240727792011    
20161103104240727792921    
20161103104240727798313    
20161103104240727798621    
20161103104240727798901    
20161103104240727797061    
20161103104240727791711    
20161103104240727791611    
201611031042407277912810   
20161103104240727792741    
20161103104814651093211    
20161103105241524891021    
20161103105241524891031    
20161103105241524891041    
20161103105241524891641    
20161103105241524891762    
20161103105241524891741    
20161103105241524891702    
20161103105241524891711    
20161103105241524891721    
20161103105241524891611    
