20160222120541613491021    
20160222120613562691021    
20160222120613562691031    
20160222120613562691041    
20160222120613562691222    
20160222120613562691701    
20160222120613562691711    
20160222120613562693431    
20160222121207412091741    
201602221218206151910215   
201602221218206151910315   
20160222121820615191045    
20160222121820615191161    
20160222121820615191251    
20160222121820615191264    
20160222121820615191494    
20160222121820615191622    
201602221218206151917518   
201602221218206151917617   
20160222121820615191772    
20160222121820615191913    
20160222121820615192091    
20160222121820615192924    
20160222121820615192951    
20160222121820615193434    
20160222121820615197044    
20160222121820615198251    
20160222121820615198261    
20160222121820615199074    
20160222121820615191745    
20160222121820615191222    
201602221218206151917015   
201602221218206151917110   
201602221218206151917210   
201602221218206151917310   
20160222121820615194131    
20160222121820615194141    
20160222124652830491022    
20160222124652830491032    
20160222124652830491044    
20160222124652830491213    
201602221246528304912210   
20160222124652830491263    
20160222124652830491391    
20160222124652830491401    
20160222124652830491621    
20160222124652830491642    
20160222124652830491703    
20160222124652830491712    
20160222124652830491722    
20160222124652830491752    
20160222124652830491761    
20160222124652830491771    
20160222124652830491911    
20160222124652830491922    
20160222124652830492082    
20160222124652830493211    
20160222124652830493431    
20160222124652830495102    
20160222131006411991021    
20160222131006411991032    
20160222131006411991042    
20160222131006411991491    
20160222131006411991751    
20160222131006411991921    
20160222131006411991211    
201602221310064119912210   
20160222131006411991701    
20160222131006411991721    
20160222131006411991731    
20160222131517561192541    
20160222134437518491022    
20160222134437518491031    
20160222134437518491041    
20160222134437518491211    
20160222134437518491701    
20160222134437518491711    
20160222134437518491222    
20160222142912424091031    
20160222142912424091641    
20160222142912424091711    
20160222144835815691022    
20160222144835815691031    
20160222144835815691222    
20160222144835815691701    
20160222144835815691711    
20160222144835815691721    
20160222144835815691731    
20160222144835815697041    
20160222144757514491021    
20160222144757514491031    
20160222144757514491041    
20160222144757514491641    
20160222144757514491701    
20160222144757514491711    
20160222144757514491721    
20160222144757514491761    
20160222144757514498621    
