20160201114611822791022    
20160201114611822791032    
20160201114611822791042    
20160201114611822791161    
20160201114611822791228    
20160201114611822791611    
20160201114611822791621    
20160201114611822791641    
20160201114611822791681    
20160201114611822791703    
20160201114611822791714    
20160201114611822791721    
20160201114611822791732    
20160201114611822791751    
20160201114611822791762    
20160201114611822791771    
20160201114611822792221    
20160201114611822792921    
20160201114611822793431    
20160201115221423791701    
20160201115221423791712    
20160201115221423791721    
20160201115221423791781    
20160201115623436891022    
20160201115623436891032    
20160201115623436891043    
20160201115623436891223    
20160201115623436891261    
20160201115623436891301    
20160201115623436891492    
20160201115623436891611    
20160201115623436891641    
20160201115623436891702    
20160201115623436891711    
20160201115623436891721    
20160201115623436891741    
20160201115623436891751    
20160201115623436891761    
20160201115623436891771    
20160201115623436891921    
20160201115623436891951    
20160201115623436892081    
20160201115623436897041    
20160201115623436897061    
20160201115623436898221    
20160201115623436898231    
20160201115623436898313    
20160201122537411991021    
20160201122537411991031    
20160201122537411991042    
20160201122537411991621    
20160201122537411991641    
20160201122537411991921    
201602011225374119912212   
20160201122537411991701    
20160201122537411992491    
20160201122537411997021    
20160201122504424091021    
20160201122504424091711    
20160201122504424091701    
20160201122504424091721    
20160201122504424091226    
20160201122504424091041    
201602011232366147910211   
201602011232366147910310   
20160201123236614791042    
20160201123236614791161    
20160201123236614791264    
20160201123236614791621    
201602011232366147917516   
201602011232366147917614   
20160201123236614791775    
20160201123236614791914    
20160201123236614792211    
20160201123236614792925    
20160201123236614793435    
20160201123236614793503    
20160201123236614793512    
20160201123236614793522    
20160201123236614797044    
20160201123236614798701    
20160201123236614799054    
20160201123236614799072    
20160201123236614793211    
20160201123236614791744    
20160201123236614791223    
201602011232366147917015   
201602011232366147917112   
201602011232366147917215   
201602011232366147917310   
20160201123236614791953    
20160201123236614791942    
20160201123641531691021    
20160201123641531691031    
20160201123641531691041    
20160201123641531691261    
20160201123641531691641    
20160201123641531691761    
20160201123641531692911    
20160201123641531699071    
20160201123641531691301    
20160201123641531691222    
20160201123641531691721    
201602011258366151910210   
201602011258366151910315   
20160201125836615191045    
20160201125836615191263    
20160201125836615191622    
201602011258366151917524   
201602011258366151917616   
20160201125836615191773    
20160201125836615191913    
20160201125836615192221    
20160201125836615192927    
20160201125836615193001    
20160201125836615193435    
20160201125836615193503    
20160201125836615193523    
20160201125836615197043    
20160201125836615198701    
20160201125836615199073    
20160201125836615193211    
20160201125836615191745    
20160201125836615191222    
201602011258366151917025   
201602011258366151917114   
201602011258366151917220   
201602011258366151917320   
20160201125836615191953    
20160201125836615191942    
20160201131724413991022    
20160201131724413991031    
20160201131724413991041    
20160201131724413991211    
20160201131724413991226    
20160201131724413991251    
20160201131724413991302    
20160201131724413991641    
20160201131724413991711    
20160201131724413991721    
20160201131724413991765    
20160201131724413992082    
20160201131724413992091    
20160201131724413992162    
20160201131724413993341    
20160201131724413995101    
20160201131724413998313    
20160201132003854491021    
20160201132003854491611    
20160201132003854491621    
20160201132003854491711    
20160201132003854491761    
20160201132513435691023    
20160201132513435691032    
20160201132513435691044    
20160201132513435691622    
20160201132513435691642    
20160201132513435691683    
20160201132513435691751    
20160201132513435691762    
20160201132513435691771    
20160201132513435692221    
20160201132513435692922    
20160201132513435692951    
20160201132513435693511    
20160201132513435697041    
20160201132513435698312    
20160201132513435691212    
20160201132513435691741    
20160201132513435691225    
20160201132513435697061    
20160201132513435691703    
20160201132513435691713    
20160201132513435691721    
20160201132513435691731    
20160201132513435697021    
20160201132513435691611    
20160201132619713691022    
20160201132619713691032    
20160201132619713691044    
20160201132619713691225    
20160201132619713691492    
20160201132619713691711    
20160201132619713691721    
20160201132619713691731    
20160201132619713691741    
20160201132619713692911    
20160201132619713692921    
20160201132619713697042    
20160201132619713698311    
