20161014191212560491021    
20161014191212560491032    
20161014191212560491041    
20161014191212560491261    
20161014191212560491288    
20161014191212560491341    
20161014191212560491621    
20161014191212560491721    
20161014191212560491741    
20161014191212560491751    
20161014191212560491761    
20161014191212560492921    
20161014191212560493351    
20161014191212560493371    
20161014191212560498451    
20161014191212560498701    
20161014200444412797061    
20161014200444412798651    
20161015091912561191021    
20161015091912561191032    
20161015091912561191043    
20161015091912561191211    
201610150919125611912820   
20161015091912561191401    
20161015091912561191491    
20161015091912561191701    
20161015091912561191711    
20161015091912561191721    
20161015091912561191731    
20161015091912561191741    
20161015091912561191761    
20161015091912561192221    
20161015091912561197042    
20161015091912561198251    
20161015091912561198312    
20161015103348412792011    
20161015110536715791042    
201610151105367157912810   
20161015110536715791491    
20161015110536715791711    
20161015110536715791721    
20161015110536715791741    
20161015110536715798271    
20161015110536715798312    
20161015133654731991041    
20161015133654731991641    
20161015133654731991751    
20161015133654731991771    
20161015133654731992161    
20161015133654731991701    
20161015133654731991712    
20161015133654731991721    
20161015133654731991285    
20161015143427613491021    
20161015143427613491031    
20161015143427613491041    
20161015143427613491283    
20161015143427613491611    
20161015143427613491641    
20161015143427613491701    
20161015143427613491721    
20161015143427613491751    
20161015143427613491761    
20161015143427613491781    
20161015143427613491911    
20161015143427613498311    
20161015143542613491021    
20161015152600516791283    
20161015152600516791711    
20161015152600516792081    
20161015152600516792161    
20161015152600516797041    
20161015152600516798311    
20161015155547732091022    
20161015155547732091032    
20161015155547732091043    
20161015155547732091492    
20161015155547732091641    
20161015155547732091751    
20161015155547732091761    
20161015155547732091911    
20161015155547732097041    
20161015155547732097191    
20161015155547732098271    
20161015155547732098311    
20161015155547732091741    
20161015155547732091301    
20161015155547732097061    
20161015155547732091701    
20161015155547732091711    
20161015155547732091721    
20161015155547732091731    
20161015155547732091287    
20161015155639515891021    
20161015155639515891761    
20161015155639515892011    
20161015161948743091021    
20161015161948743091031    
20161015161948743091042    
20161015161948743091161    
20161015161948743091281    
20161015161948743091492    
20161015161948743091641    
20161015161948743091711    
20161015161948743091741    
20161015161948743091781    
20161015161948743092921    
20161015161948743093501    
20161015161948743093591    
20161015161948743097041    
20161015161948743097061    
20161015161948743098313    
20161015163155743391021    
20161015163155743391031    
20161015163155743391041    
20161015163155743391261    
20161015163155743391621    
20161015163155743392921    
20161015163155743393501    
20161015163155743393521    
20161015163155743398312    
20161015163155743391781    
20161015163155743391741    
20161015163155743391701    
20161015163155743391711    
20161015163155743391611    
20161015163155743391285    
20161015164551515891611    
20161015174925742791021    
20161015174925742791031    
20161015174925742791042    
20161015174925742791261    
201610151749257427912810   
20161015174925742791492    
20161015174925742791611    
20161015174925742791641    
20161015174925742791712    
20161015174925742791721    
20161015174925742791741    
20161015174925742791752    
20161015174925742791761    
20161015174925742791911    
20161015174925742791922    
20161015174925742792082    
20161015174925742797041    
20161015174925742797061    
20161015174925742798271    
20161015180608641891021    
20161015180608641891032    
20161015180608641891261    
20161015180608641891282    
20161015180608641891302    
20161015180608641891621    
20161015180608641891641    
20161015180608641891702    
20161015180608641891761    
20161015180608641891911    
20161015180608641892921    
20161015193340741391021    
20161015193340741391031    
20161015193340741391041    
20161015193340741391711    
20161015193340741391751    
20161015193340741391761    
20161015193340741391771    
20161015193340741393001    
20161015193340741391282    
20161015195506731791023    
20161015195506731791031    
20161015195506731791043    
201610151955067317912815   
20161015195506731791612    
20161015195506731791622    
20161015195506731791641    
20161015195506731791651    
20161015195506731791701    
20161015195506731791711    
20161015195506731791741    
20161015195506731791751    
20161015195506731791763    
20161015195506731791771    
20161015195506731793371    
20161015195506731793501    
20161015195506731797041    
20161015195506731797063    
20161015195630741291023    
20161015195630741291033    
20161015195630741291041    
20161015195630741291263    
20161015195630741291623    
20161015195630741291644    
20161015195630741291758    
20161015195630741291762    
20161015195630741291771    
20161015195630741291911    
20161015195630741292921    
20161015195630741297041    
20161015195630741298311    
20161015195630741291741    
20161015195630741291702    
20161015195630741291713    
20161015195630741291721    
20161015195630741291732    
20161015195630741291611    
20161015195630741291282    
20161015195931741291201    
20161015202419741891491    
20161015202419741892921    
20161015233723742891021    
20161015233723742891031    
20161015233723742891043    
20161015233723742891241    
20161015233723742891261    
20161015233723742891271    
20161015233723742891285    
20161015233723742891491    
20161015233723742891611    
20161015233723742891641    
20161015233723742891701    
20161015233723742891711    
20161015233723742891761    
20161015233723742891781    
20161015233723742892081    
20161015233723742892211    
20161015233723742892701    
20161015233723742893501    
20161015233723742895181    
20161015233723742898231    
20161015233723742898251    
20161015233723742898261    
20161015233723742898318    
20161015233723742898622    
20161015233723742898881    
20161015233723742899061    
20161016005129740291024    
20161016005129740291033    
20161016005129740291042    
20161016005129740291261    
20161016005129740291492    
20161016005129740291621    
20161016005129740291642    
20161016005129740291752    
20161016005129740291761    
20161016005129740291771    
20161016005129740291921    
20161016005129740292011    
20161016005129740292181    
20161016005129740292211    
20161016005129740292921    
20161016005129740293501    
20161016005129740297041    
20161016005129740298311    
20161016005129740291211    
20161016005129740291742    
20161016005129740291713    
20161016005129740291722    
20161016005129740291731    
20161016005129740291611    
20161016005129740292891    
201610160051297402912830   
20161016101454731791341    
20161016102756743191031    
20161016102756743191042    
20161016102756743191261    
201610161027567431912810   
20161016102756743191492    
20161016102756743191621    
20161016102756743191701    
20161016102756743191712    
20161016102756743191721    
20161016102756743191731    
20161016102756743191741    
20161016102756743192951    
20161016102756743193501    
20161016102756743193521    
20161016102756743197061    
20161016102756743198231    
20161016102756743198312    
20161016102756743198621    
20161016102756743199061    
20161016105323731591023    
20161016105323731591032    
20161016105323731591042    
20161016105323731591161    
20161016105323731591201    
20161016105323731591261    
20161016105323731591286    
20161016105323731591611    
20161016105323731591621    
20161016105323731591642    
20161016105323731591703    
20161016105323731591712    
20161016105323731591722    
20161016105323731591731    
20161016105323731591751    
20161016105323731591761    
20161016105323731591771    
20161016105323731591911    
20161016105323731592161    
20161016105323731592181    
20161016105323731592922    
20161016105323731593511    
20161016105323731597041    
20161016105323731599061    
20161016140059743591022    
20161016140059743591031    
20161016140059743591043    
20161016140059743591141    
20161016140059743591161    
20161016140059743591261    
20161016140059743591491    
20161016140059743591641    
20161016140059743591751    
20161016140059743591911    
20161016140059743593591    
20161016140059743598312    
20161016140059743591741    
20161016140059743591701    
20161016140059743591611    
201610161400597435912813   
20161016144427562691261    
20161016144427562691285    
20161016144427562691491    
20161016144427562691701    
20161016144427562691711    
20161016144427562691741    
20161016144427562691761    
20161016144427562692911    
20161016145518516091021    
20161016145518516091041    
20161016145518516091921    
20161016145518516091711    
20161016150649741691022    
20161016150649741691032    
20161016150649741691043    
20161016150649741691621    
20161016150649741691611    
20161016150649741691642    
20161016150649741691701    
20161016150649741691712    
20161016150649741691721    
20161016150649741691731    
20161016150649741691911    
20161016150649741691261    
201610161506497416912810   
20161016150649741691491    
20161016150649741691762    
20161016150649741691771    
20161016150649741693431    
20161016150649741698312    
20161016151044743291042    
20161016151044743291261    
20161016151044743291285    
20161016151044743291301    
20161016151044743291491    
20161016151044743291611    
20161016151044743291701    
20161016151044743291711    
20161016151044743291721    
20161016151044743291752    
20161016151044743291772    
20161016151044743292921    
20161016151044743297061    
20161016151044743298451    
20161016151044743298881    
20161016154321732091621    
20161016163914743597061    
20161016171439532091021    
20161016171439532091031    
20161016171439532091041    
20161016171439532091261    
20161016171439532091711    
20161016171439532091741    
20161016171439532091761    
20161016171439532098271    
20161016185535681191031    
20161016185535681191261    
20161016190523533191021    
20161016190523533191041    
201610161905235331912815   
20161016190523533191492    
20161016190523533191702    
20161016190523533191921    
20161016190523533191941    
20161016190523533193431    
20161016190523533193591    
20161016190523533194231    
20161016190523533194241    
20161016190523533197081    
20161016190523533198231    
20161016190523533198271    
20161016194034743691021    
20161016194034743691042    
20161016194034743691251    
20161016194034743691641    
20161016194034743691751    
20161016194034743691761    
20161016194034743698271    
20161016194034743698313    
20161016194034743697061    
20161016194034743691711    
20161016194034743691731    
20161016194034743691611    
20161016194034743699131    
20161016194034743691285    
20161016200151731391021    
20161016200151731391031    
20161016200151731391042    
20161016200151731391212    
20161016200151731391261    
201610162001517313912815   
20161016200151731391401    
20161016200151731391492    
20161016200151731391612    
20161016200151731391621    
20161016200151731391641    
20161016200151731391702    
20161016200151731391711    
20161016200151731391722    
20161016200151731391731    
20161016200151731391741    
20161016200151731391751    
20161016200151731391763    
20161016200151731391781    
20161016200151731391921    
20161016200151731392081    
20161016200151731392911    
20161016200151731393431    
20161016200151731393501    
20161016200151731395251    
20161016200151731397042    
20161016200151731398621    
20161016200151731398881    
20161016201254743491031    
20161016201254743491042    
201610162012547434912810   
20161016201254743491491    
20161016201254743491711    
20161016201254743491721    
20161016201254743491741    
20161016201254743492151    
20161016201254743492911    
20161016201254743492921    
20161016201254743497061    
20161016201254743498313    
20161016201254743498711    
20161016201329513991023    
20161016201329513991032    
20161016201329513991043    
20161016201329513991261    
201610162013295139912825   
20161016201329513991302    
20161016201329513991491    
20161016201329513991612    
20161016201329513991621    
20161016201329513991642    
20161016201329513991702    
20161016201329513991713    
20161016201329513991723    
20161016201329513991732    
20161016201329513991741    
20161016201329513991761    
20161016201329513991911    
20161016201329513991923    
20161016201329513992083    
20161016201329513992162    
20161016201329513992921    
20161016201329513993431    
20161016201329513997043    
20161016201329513997061    
20161016201329513997191    
20161016201329513998231    
20161016201329513998312    
20161016201329513999061    
20161016202016615391021    
20161016202016615391032    
20161016202016615391043    
20161016202016615391261    
20161016202016615391621    
20161016202016615391641    
20161016202016615391753    
20161016202016615391771    
20161016202016615398312    
20161016202016615392081    
20161016202016615391781    
20161016202016615391721    
20161016202016615391731    
20161016202016615391611    
20161016204425614391031    
20161016204425614391041    
20161016204425614391283    
20161016204425614391701    
20161016204425614391711    
20161016204425614393591    
20161016204425614397061    
20161016204425614398311    
20161016213347823491021    
20161016213347823491042    
20161016213347823491261    
20161016213347823491491    
20161016213347823492921    
20161016213347823493591    
20161016213347823498313    
20161016213347823491781    
20161016213347823491741    
20161016213347823497061    
20161016213347823491711    
20161016213347823494211    
20161016213347823494222    
20161016213347823494242    
20161016213347823491285    
20161016213452517091021    
20161016213452517091031    
20161016213452517091041    
20161016213452517091701    
20161016213452517091711    
20161016213452517091721    
20161016213452517091761    
20161016213533614791025    
20161016213533614791033    
20161016213533614791042    
20161016213533614791262    
20161016213533614791621    
20161016213533614791757    
20161016213533614791767    
20161016213533614791772    
20161016213533614791911    
20161016213533614792165    
20161016213533614793432    
20161016213533614797042    
20161016213533614798251    
20161016213533614793211    
20161016213533614791742    
20161016213533614791704    
20161016213533614791714    
20161016213533614791724    
20161016213533614791734    
20161016213533614791951    
20161016213533614791941    
20161016213533614791341    
20161016213533614791283    
20161016214931741991021    
20161016214931741991031    
20161016214931741991042    
201610162149317419912810   
20161016214931741991721    
20161016214931741992921    
20161016214931741998311    
20161016215220820791022    
20161016215220820791032    
20161016215220820791042    
20161016215220820791621    
20161016215220820791642    
20161016215220820791761    
20161016215220820791771    
20161016215220820797041    
20161016215220820791211    
20161016215220820791701    
20161016215220820791711    
20161016215220820791721    
20161016215220820791731    
20161016215220820791611    
20161016215220820791285    
20161016215957742391021    
20161016215957742391041    
20161016215957742391284    
20161016215957742391491    
20161016215957742391611    
20161016215957742391641    
20161016215957742391702    
20161016215957742391711    
20161016215957742391731    
20161016215957742391741    
20161016215957742391751    
20161016215957742391761    
20161016215957742392081    
20161016215957742392211    
20161016215957742392921    
20161016215957742393351    
20161016215957742397061    
20161016233907740191025    
20161016233907740191033    
20161016233907740191046    
20161016233907740191264    
201610162339077401912840   
20161016233907740191494    
20161016233907740191611    
20161016233907740191621    
20161016233907740191641    
20161016233907740191717    
20161016233907740191721    
20161016233907740191731    
20161016233907740191741    
20161016233907740191751    
20161016233907740191761    
20161016233907740191772    
20161016233907740191911    
20161016233907740192211    
20161016233907740192922    
20161016233907740197041    
20161016234956532191021    
20161016234956532191031    
20161016234956532191041    
20161016234956532191211    
201610162349565321912815   
20161016234956532191611    
20161016234956532191641    
20161016234956532191701    
20161016234956532191711    
20161016234956532191721    
20161016234956532191741    
20161016234956532191771    
20161016234956532192091    
20161016234956532193501    
20161016234956532193511    
20161016234956532197041    
20161016235825731291025    
20161016235825731291033    
20161016235825731291045    
20161016235825731291261    
20161016235825731291642    
20161016235825731291704    
20161016235825731291711    
20161016235825731291721    
20161016235825731291741    
20161016235825731291752    
20161016235825731291761    
20161016235825731291771    
20161016235825731292151    
20161016235825731292161    
20161016235825731292211    
20161016235825731292922    
20161016235825731293211    
20161016235825731297042    
20161016235825731298311    
20161016235825731298881    
20161016235825731298901    
20161017002437716191021    
20161017002437716191031    
20161017002437716191042    
20161017002437716191241    
20161017002437716191251    
20161017002437716191261    
201610170024377161912815   
20161017002437716191493    
20161017002437716191612    
20161017002437716191641    
20161017002437716191711    
20161017002437716191731    
20161017002437716191741    
20161017002437716191751    
20161017002437716191771    
20161017002437716191781    
20161017002437716191791    
20161017002437716191871    
20161017002437716191921    
20161017002437716192082    
20161017002437716193511    
20161017002437716197041    
20161017002437716197061    
201610170024377161983113   
20161017002437716199061    
20161017065914642491021    
20161017065914642491031    
20161017065914642491042    
201610170659146424912810   
20161017065914642491641    
20161017065914642491701    
20161017065914642491731    
20161017065914642497041    
20161017075831641791021    
20161017075831641791031    
20161017075831641791641    
20161017075831641791703    
20161017075831641791711    
20161017075831641791721    
20161017075831641791731    
20161017075831641791761    
20161017075831641797041    
20161017081656641691021    
20161017081656641691031    
20161017081656641691641    
20161017081656641691751    
20161017081656641691761    
20161017081656641692011    
20161017081656641697041    
20161017081656641691781    
20161017081656641691211    
20161017081656641691701    
20161017081656641691711    
20161017081656641691284    
20161017084115518391021    
20161017084115518391031    
20161017084115518391271    
20161017084115518391285    
20161017084115518391341    
20161017084115518391641    
20161017084115518391701    
20161017084115518391711    
20161017084115518391741    
20161017084115518391751    
20161017084115518391762    
20161017084115518391771    
20161017084115518392081    
20161017084115518393501    
20161017084115518397061    
20161017084238610491021    
20161017084238610491032    
20161017084238610491042    
20161017084238610491161    
20161017084238610491491    
20161017084238610491751    
20161017084238610497041    
20161017084238610498312    
20161017084238610491701    
20161017084238610491611    
20161017084238610491282    
20161017085022642891022    
20161017085022642891032    
20161017085022642891042    
20161017085022642891301    
20161017085022642891621    
20161017085022642891651    
20161017085022642891702    
20161017085022642891711    
20161017085022642891721    
20161017085022642891751    
20161017085022642891761    
20161017085022642891771    
20161017085022642891783    
20161017085022642891951    
20161017085022642893431    
20161017085022642897021    
20161017085022642897041    
20161017085022642897061    
20161017085022642898313    
20161017091532642191021    
20161017091532642191031    
20161017091532642191044    
201610170915326421912810   
20161017091532642191621    
20161017091532642191641    
20161017091532642191712    
20161017091532642191721    
20161017091532642191731    
20161017091532642191741    
20161017091532642191751    
20161017091532642191761    
20161017091532642192082    
20161017091532642192921    
20161017091532642197061    
20161017091532642198312    
20161017093031642891641    
20161017093754612991023    
20161017093754612991032    
20161017093754612991043    
20161017093754612991621    
20161017093754612991611    
20161017093754612991641    
20161017093754612991701    
20161017093754612991711    
20161017093754612991721    
20161017093754612991741    
20161017093754612991491    
20161017093754612991761    
20161017093754612991751    
20161017093754612992921    
20161017093754612993371    
20161017093754612998311    
201610170937546129912810   
20161017093754612991261    
20161017094429412091041    
20161017094429412091161    
20161017094429412091284    
20161017094429412091341    
20161017094429412091611    
20161017094429412091721    
20161017094429412091761    
20161017095034531691021    
20161017095034531691041    
20161017095034531691621    
20161017095034531691641    
20161017095034531698311    
20161017095034531691711    
20161017095034531691201    
20161017095034531691281    
20161017100024813091032    
20161017100024813091042    
20161017100024813091641    
20161017100024813091711    
20161017100024813091721    
20161017100024813092602    
20161017100024813093433    
20161017100224518491021    
20161017100224518491031    
20161017100224518491041    
20161017100224518491621    
20161017100224518491641    
20161017100224518491701    
20161017100224518491911    
20161017100224518491751    
20161017100224518491282    
20161017100326614091021    
20161017100326614091031    
20161017100326614091041    
20161017100326614091611    
20161017100326614097041    
20161017100326614091761    
20161017100326614091491    
20161017100454613691022    
20161017100454613691032    
20161017100454613691043    
20161017100454613691212    
20161017100454613691622    
20161017100454613691711    
20161017100454613691721    
20161017100454613691911    
20161017100454613697042    
20161017100454613691741    
20161017100454613691752    
20161017100454613691763    
20161017100454613691287    
20161017100454613691491    
20161017100454613692922    
20161017100454613692951    
20161017100454613692621    
20161017101307681491021    
20161017101307681491042    
20161017101307681491641    
20161017101307681491761    
20161017101307681498623    
20161017101307681491781    
20161017101307681491701    
20161017101307681491711    
20161017101307681491721    
20161017101307681491611    
20161017101307681491289    
20161017101938415591021    
20161017101938415591042    
20161017101938415591201    
20161017101938415591285    
20161017101938415591491    
20161017101938415591701    
20161017101938415591731    
20161017101938415591911    
20161017101938415592921    
20161017101938415597041    
20161017101938415598711    
20161017101938415598881    
20161017103523815991021    
20161017103523815991621    
20161017103523815991751    
20161017103523815997041    
20161017103523815991284    
20161017104113531491021    
20161017104113531491031    
20161017104113531491041    
20161017104113531491761    
20161017104113531491781    
20161017104113531491701    
20161017104113531491711    
20161017104113531491201    
201610171041135314912820   
20161017105021859491045    
20161017105021859491624    
20161017105021859492911    
20161017105021859492921    
20161017105021859493501    
20161017105021859497042    
201610171050218594983130   
20161017105021859498811    
20161017105021859499111    
20161017105021859491783    
20161017105021859491748    
20161017105021859497061    
201610171050218594912820   
20161017105524859493521    
20161017105524859499061    
