20160617113013526391021    
20160617113013526391041    
20160617113013526391261    
20160617113013526391491    
20160617113013526391641    
20160617113013526391771    
20160617113013526392921    
20160617113013526397041    
20160617113013526398312    
20160617113013526391781    
20160617113013526391711    
201606171130135263912312   
20160617114342532891021    
20160617114342532891032    
20160617114342532891042    
20160617114342532891491    
20160617114342532891621    
20160617114342532891751    
20160617114342532898261    
20160617114342532898271    
20160617114342532898314    
20160617114342532898711    
20160617114342532891702    
20160617114342532899061    
20160617114701523691022    
20160617114701523691031    
20160617114701523691041    
20160617114701523691391    
20160617114701523691641    
20160617114701523691711    
20160617114701523691741    
20160617114701523691754    
20160617114701523691951    
20160617114701523692211    
20160617114701523692921    
20160617114701523697041    
20160617114701523698312    
20160617114924543191235    
20160617114924543191341    
20160617114924543191701    
20160617114924543191792    
20160617114924543191921    
20160617114924543192081    
20160617114924543193211    
20160617114924543193511    
20160617114924543197041    
20160617114924543198312    
20160617114924543198621    
