20160216114006726491041    
20160216114006726491911    
20160216114006726491731    
20160216114006726491621    
20160216114006726491491    
20160216114006726493521    
20160216114006726493431    
20160216114315422191021    
20160216114315422191031    
20160216114315422191261    
20160216114315422191491    
20160216114315422191641    
20160216114315422191701    
20160216114315422191711    
20160216114315422191721    
20160216114315422191751    
20160216114315422191761    
20160216114315422192921    
20160216114440415691261    
