20160624223511731791022    
20160624223511731791031    
20160624223511731791043    
201606242235117317912315   
20160624223511731791261    
20160624223511731791341    
20160624223511731791611    
20160624223511731791621    
20160624223511731791641    
20160624223511731791711    
20160624223511731791721    
20160624223511731791732    
20160624223511731791741    
20160624223511731791762    
20160624223511731791781    
20160624223511731792161    
20160624223511731797041    
20160624223511731797061    
20160624223511731798311    
20160624223511731798621    
20160625101722561191021    
20160625101722561191031    
20160625101722561191491    
20160625101722561191611    
20160625101722561191622    
20160625101722561191701    
20160625101722561191711    
20160625101722561191752    
20160625101722561191761    
20160625101722561192221    
20160625124734743391031    
20160625124734743391042    
20160625124734743391261    
20160625124734743391491    
20160625124734743391751    
20160625124734743392921    
20160625124734743391781    
20160625124734743391951    
20160625124734743391611    
20160625124734743391232    
20160625131503515891621    
20160625131503515891761    
20160625131503515897041    
20160625133850515892221    
20160625133850515891233    
20160625151500743091021    
20160625151500743091031    
20160625151500743091041    
201606251515007430912310   
20160625151500743091491    
20160625151500743091701    
20160625151500743091721    
20160625151500743091752    
20160625151500743091771    
20160625151500743091781    
20160625151500743091921    
20160625151500743092081    
20160625151500743092951    
20160625151500743097061    
20160625151500743098231    
20160625151500743098313    
20160625151500743098701    
20160625151500743098711    
20160625153900741891761    
20160625161600732091021    
20160625161600732091032    
20160625161600732091042    
20160625161600732091261    
20160625161600732091492    
20160625161600732091641    
20160625161600732091751    
20160625161600732091771    
20160625161600732092921    
20160625161600732091781    
20160625161600732091741    
20160625161600732091701    
20160625161600732091711    
20160625161600732091721    
20160625161600732091611    
20160625161600732092801    
201606251616007320912310   
20160625162007741891491    
20160625164704516095101    
20160625164704516091711    
20160625164704516091611    
20160625172953742791021    
20160625172953742791031    
20160625172953742791041    
20160625172953742791235    
20160625172953742791491    
20160625172953742791611    
20160625172953742791641    
20160625172953742791701    
20160625172953742791711    
20160625172953742791721    
20160625172953742791731    
20160625172953742791751    
20160625172953742791761    
20160625172953742791771    
20160625172953742792161    
20160625172953742792221    
20160625172953742792921    
20160625173752561891021    
20160625173752561891031    
20160625173752561891042    
20160625173752561891611    
20160625173752561891621    
20160625173752561891712    
20160625173752561891721    
20160625173752561891951    
20160625173752561892152    
20160625173752561892162    
20160625194036516791031    
20160625194036516791041    
20160625194036516791143    
20160625194036516791211    
20160625194036516791235    
20160625194036516791261    
20160625194036516791481    
20160625194036516791711    
20160625194036516791791    
20160625194036516791941    
20160625194036516791951    
20160625194036516792161    
20160625194036516792221    
20160625194036516792801    
20160625194036516797061    
20160625194036516798131    
20160625194036516798711    
20160625195816731991031    
20160625195816731991041    
20160625195816731991641    
20160625195816731991911    
20160625195816731992221    
20160625195816731991701    
20160625195816731991711    
20160625195816731991235    
20160625205943741391021    
20160625205943741391041    
20160625205943741391641    
20160625205943741391751    
20160626030953740291023    
20160626030953740291032    
20160626030953740291042    
20160626030953740291261    
20160626030953740291493    
20160626030953740291621    
20160626030953740291642    
20160626030953740291752    
20160626030953740291761    
20160626030953740291771    
20160626030953740292921    
20160626030953740297041    
20160626030953740291211    
20160626030953740291741    
20160626030953740291712    
20160626030953740291731    
20160626030953740291611    
201606260309537402912320   
20160626081349741391711    
20160626125349642191021    
20160626125349642191043    
201606261253496421912310   
20160626125349642191621    
20160626125349642191641    
20160626125349642191702    
20160626125349642191731    
20160626125349642191741    
20160626125349642191751    
20160626125349642191761    
20160626125349642191771    
20160626125349642191781    
20160626125349642191922    
20160626125349642192082    
20160626125349642197061    
20160626131124641891021    
20160626131124641891031    
20160626131124641891232    
20160626131124641891302    
20160626131124641891491    
20160626131124641891621    
20160626131124641891701    
20160626131124641891711    
20160626131124641891721    
20160626131124641891761    
20160626131124641892921    
20160626144257681491022    
20160626144257681491041    
20160626144257681498315    
20160626144257681498711    
20160626144257681491701    
20160626144257681491712    
20160626144257681491721    
20160626144257681491951    
20160626144257681491941    
201606261442576814912316   
20160626144328681491781    
20160626145025715791031    
20160626145025715791042    
20160626145025715792151    
20160626145025715793501    
20160626145025715797031    
20160626145025715798311    
20160626145025715791701    
20160626145025715791611    
20160626145025715791235    
20160626155050741691022    
20160626155050741691031    
20160626155050741691043    
20160626155050741691621    
20160626155050741691611    
20160626155050741691642    
20160626155050741691703    
20160626155050741691712    
20160626155050741691721    
20160626155050741691731    
20160626155050741691261    
20160626155050741691235    
20160626155050741691781    
20160626155050741691751    
20160626155050741691762    
20160626155050741697191    
20160626155050741691651    
20160626155050741693431    
20160626155050741692921    
20160626155050741698311    
20160626155050741692211    
20160626155050741692011    
20160626155050741699061    
20160626163218615391021    
20160626163218615391041    
20160626163218615391641    
20160626163218615391911    
20160626163218615393371    
20160626163218615398311    
20160626163218615391701    
20160626163218615391721    
20160626163218615391731    
20160626163218615391611    
20160626165013743191021    
20160626165013743191031    
20160626165013743191042    
201606261650137431912310   
20160626165013743191261    
20160626165013743191492    
20160626165013743191641    
20160626165013743191711    
20160626165013743191791    
20160626165013743191921    
20160626165013743191951    
20160626165013743192631    
20160626165013743192951    
20160626165013743193591    
20160626165013743197061    
20160626165013743198311    
20160626165013743198621    
20160626165013743198711    
20160626175451642891021    
20160626175451642891031    
20160626175451642891042    
201606261754516428912310   
20160626175451642891621    
20160626175451642891721    
20160626175451642891761    
20160626175451642892921    
20160626175451642893431    
20160626175451642897021    
20160626175451642898312    
20160626180717731591023    
20160626180717731591032    
20160626180717731591042    
20160626180717731591262    
20160626180717731591621    
20160626180717731591642    
20160626180717731591751    
20160626180717731591762    
20160626180717731591771    
20160626180717731592161    
20160626180717731592921    
20160626180717731593211    
20160626180717731591703    
20160626180717731591712    
20160626180717731591721    
20160626180717731591611    
20160626180717731591232    
20160626193214730391022    
20160626193214730391032    
20160626193214730391044    
20160626193214730391261    
20160626193214730391621    
20160626193214730391641    
20160626193214730391751    
20160626193214730391761    
20160626193214730391771    
20160626193214730392211    
20160626193214730392911    
20160626193214730397041    
20160626193214730398251    
20160626193214730398312    
20160626193214730391781    
20160626193214730397061    
20160626193214730391702    
20160626193214730391711    
20160626193214730391722    
201606261932147303912315   
20160626200102742391021    
20160626200102742391031    
20160626200102742391042    
20160626200102742391233    
20160626200102742391261    
20160626200102742391491    
20160626200102742391611    
20160626200102742391641    
20160626200102742391701    
20160626200102742391711    
20160626200102742391721    
20160626200102742391731    
20160626200102742391752    
20160626200102742391761    
20160626200102742391921    
20160626200102742392081    
20160626200102742393351    
20160626200102742398251    
20160626200102742398271    
20160626200709562691041    
20160626200709562691234    
20160626200709562691261    
20160626200709562691641    
20160626200709562691711    
20160626200709562691721    
20160626200709562691771    
20160626200709562691781    
20160626210352642491021    
20160626210352642491031    
20160626210352642491042    
201606262103526424912310   
20160626210352642491621    
20160626210352642491701    
20160626210352642492221    
20160626210704741991021    
20160626210704741991031    
20160626210704741991042    
20160626210704741991234    
20160626210704741991751    
20160626210704741991761    
20160626210704741991771    
20160626210704741992921    
20160626211848517091031    
20160626211848517091041    
20160626211848517091201    
20160626211848517091261    
20160626211848517091621    
20160626211848517091761    
20160626211848517091771    
20160626215144820791022    
20160626215144820791032    
20160626215144820791042    
20160626215144820791391    
20160626215144820791491    
20160626215144820791641    
20160626215144820791761    
20160626215144820791771    
20160626215144820793431    
20160626215144820791211    
20160626215144820791701    
20160626215144820791721    
20160626215144820791235    
20160626215651432291641    
20160626215651432291261    
20160626215651432291731    
20160626215651432297041    
20160626215651432292921    
20160626215651432291491    
20160626215651432298261    
20160626220223532191021    
20160626220223532191031    
20160626220223532191042    
20160626220223532191211    
20160626220223532191238    
20160626220223532191341    
20160626220223532191641    
20160626220223532191701    
20160626220223532191712    
20160626220223532191721    
20160626220223532191751    
20160626220223532191762    
20160626220223532191771    
20160626220223532193431    
20160626220223532193501    
20160626220223532193511    
20160626220223532195261    
20160626220223532197191    
20160626220223532198311    
20160626222248731291024    
20160626222248731291032    
20160626222248731291043    
20160626222248731291235    
20160626222248731291261    
20160626222248731291301    
20160626222248731291642    
20160626222248731291704    
20160626222248731291713    
20160626222248731291731    
20160626222248731291751    
20160626222248731291761    
20160626222248731291771    
20160626222248731291911    
20160626222248731292921    
20160626222248731295101    
20160626224831731391021    
20160626224831731391043    
20160626224831731391211    
20160626224831731391234    
20160626224831731391301    
20160626224831731391341    
20160626224831731391391    
20160626224831731391401    
20160626224831731391491    
20160626224831731391612    
20160626224831731391621    
20160626224831731391641    
20160626224831731391701    
20160626224831731391713    
20160626224831731391724    
20160626224831731391732    
20160626224831731391741    
20160626224831731391751    
20160626224831731391762    
20160626224831731391771    
20160626224831731391782    
20160626224831731391921    
20160626224831731391951    
20160626224831731392011    
20160626224831731392081    
20160626224831731392951    
20160626224831731393211    
20160626224831731393511    
20160626224831731397041    
20160626224831731397061    
20160626224831731397191    
20160626224831731398313    
20160626224831731398701    
20160626225423741291022    
20160626225423741291032    
20160626225423741291041    
20160626225423741291161    
20160626225423741291261    
20160626225423741291622    
20160626225423741291642    
20160626225423741291756    
20160626225423741291762    
20160626225423741291771    
20160626225423741292921    
20160626225423741297041    
20160626225423741298311    
20160626225423741291701    
20160626225423741291713    
20160626225423741291721    
20160626225423741291731    
20160626225423741291232    
20160626231031614391234    
20160626231031614391721    
20160626231031614392921    
20160626231031614393501    
20160626231031614398311    
20160626233824742891021    
20160626233824742891031    
20160626233824742891043    
20160626233824742891235    
20160626233824742891261    
20160626233824742891491    
20160626233824742891611    
20160626233824742891701    
20160626233824742891721    
20160626233824742891741    
20160626233824742892071    
20160626233824742892081    
20160626233824742892161    
20160626233824742892281    
20160626233824742892921    
20160626233824742893501    
20160626233824742897021    
20160626233824742897041    
20160626233824742898231    
20160626233824742898317    
20160626235541743291041    
20160626235541743291235    
20160626235541743291261    
20160626235541743291611    
20160626235541743291731    
20160626235541743291781    
20160626235541743291911    
20160626235541743297061    
20160626235541743298251    
20160626235541743298261    
20160627010319716191022    
20160627010319716191031    
20160627010319716191042    
201606270103197161912310   
20160627010319716191261    
20160627010319716191492    
20160627010319716191611    
20160627010319716191701    
20160627010319716191712    
20160627010319716191721    
20160627010319716191741    
20160627010319716191761    
20160627010319716191771    
20160627010319716191782    
20160627010319716191871    
20160627010319716191921    
20160627010319716192082    
20160627010319716193501    
20160627010319716193511    
20160627010319716197061    
201606270103197161983115   
20160627010319716198701    
20160627010319716198881    
20160627073200415591031    
20160627073200415591041    
20160627073200415591235    
20160627073200415591341    
20160627073200415591752    
20160627073200415591761    
20160627073200415592951    
20160627073200415599111    
20160627080724610491021    
20160627080724610491032    
20160627080724610491041    
20160627080724610491491    
20160627080724610492921    
20160627080724610491711    
20160627080724610491611    
20160627080858641691021    
20160627080858641691261    
20160627080858641691761    
20160627080858641693371    
20160627080858641693501    
20160627080858641691711    
20160627080858641691236    
20160627082801641791031    
20160627082801641791041    
20160627082801641791232    
20160627082801641791621    
20160627082801641791641    
20160627082801641791704    
20160627082801641791711    
20160627082801641791731    
20160627082801641791761    
20160627082801641792921    
20160627085541424391021    
20160627085541424391031    
20160627085541424391041    
20160627085541424391232    
20160627085541424391701    
20160627085541424391711    
20160627085541424391741    
20160627085541424398251    
20160627092309613691621    
20160627092309613693211    
20160627092309613691233    
20160627092309613691041    
20160627092309613697041    
20160627092309613691211    
20160627092309613692951    
20160627092309613691761    
20160627092309613691491    
20160627093606612991022    
20160627093606612991032    
20160627093606612991042    
20160627093606612991611    
20160627093606612991641    
20160627093606612991701    
20160627093606612993211    
20160627093606612997021    
20160627093606612993371    
20160627093606612992181    
20160627093606612998311    
20160627101010614091021    
20160627101010614091031    
20160627101010614091041    
20160627101010614097043    
20160627101010614091611    
20160627101010614091911    
20160627101010614091233    
20160627102037513391021    
20160627102037513391031    
20160627102037513391041    
20160627102037513391611    
20160627102037513391641    
20160627102037513391701    
20160627102037513391751    
20160627102037513391761    
20160627102037513392921    
20160627104030514491021    
20160627104030514491031    
20160627104030514491711    
20160627104030514491911    
20160627104030514497041    
20160627104030514491751    
20160627104030514491761    
20160627104030514495101    
20160627104030514499061    
20160627104359742591021    
20160627104359742591031    
20160627104359742591041    
20160627104359742591331    
20160627104359742591641    
20160627104359742591721    
20160627104359742591731    
20160627104359742591741    
20160627104359742591751    
20160627104359742591761    
20160627104359742591921    
20160627104359742592081    
20160627104359742592151    
20160627104359742598311    
20160627104528742991031    
20160627104528742991041    
20160627104528742991921    
20160627104528742998312    
20160627104528742998881    
20160627104528742999121    
20160627104528742991941    
201606271045287429912310   
20160627104924613491021    
20160627104924613491031    
20160627104924613491041    
20160627104924613491233    
20160627104924613491611    
20160627104924613491621    
20160627104924613491641    
20160627104924613491701    
20160627104924613491711    
20160627104924613491731    
20160627104924613491741    
20160627104924613491751    
20160627104924613491911    
20160627104924613497061    
20160627104946423791021    
20160627104946423791031    
20160627104946423791043    
201606271049464237912320   
20160627104946423791261    
20160627104946423791611    
20160627104946423791621    
20160627104946423791701    
20160627104946423791711    
20160627104946423791731    
20160627104946423791741    
20160627104946423791752    
20160627104946423797041    
