20160513182428741891021    
20160513182428741891031    
20160513182428741891041    
20160513182428741891261    
20160513182428741891491    
20160513182428741891641    
20160513182428741891761    
20160513182428741891771    
20160513182428741892921    
20160513182428741891711    
20160513182428741891731    
20160514120819731991021    
20160514120819731991031    
20160514120819731991041    
20160514120819731991641    
20160514120819731991751    
20160514120819731991761    
20160514120819731993501    
20160514120819731993521    
20160514120819731991711    
20160514120819731991721    
20160514120819731990111    
20160514134148516091041    
20160514134148516091911    
20160514134148516092161    
20160514134148516092081    
20160514134148516091301    
20160514134148516091711    
20160514154725715791041    
20160514154725715798623    
20160514154725715791731    
20160514154725715791941    
20160514154725715790104    
20160514155102743090105    
20160514155102743091021    
20160514155102743091041    
20160514155102743091261    
20160514155102743091491    
20160514155102743091611    
20160514155102743091701    
20160514155102743091711    
20160514155102743091731    
20160514155102743091781    
20160514155102743091951    
20160514155102743097061    
20160514155102743098881    
20160514161020730391022    
20160514161020730391033    
20160514161020730391044    
20160514161020730391261    
20160514161020730391621    
20160514161020730391641    
20160514161020730391752    
20160514161020730391761    
20160514161020730391771    
20160514161020730392181    
20160514161020730392922    
20160514161020730392081    
20160514161020730391781    
20160514161020730391741    
201605141610207303912215   
20160514161020730397061    
20160514161020730391703    
20160514161020730391712    
20160514161020730391721    
20160514161020730391731    
20160514161020730391611    
20160514161020730390102    
20160514171437815790101    
20160514171437815791022    
20160514171437815791032    
20160514171437815791043    
20160514171437815791261    
20160514171437815791341    
20160514171437815791621    
20160514171437815791702    
20160514171437815791711    
20160514171437815791721    
20160514171437815791741    
20160514171437815791751    
20160514171437815791771    
20160514171437815791781    
20160514171437815791871    
20160514171437815791951    
20160514171437815792081    
20160514171437815792161    
20160514171437815792921    
20160514171437815793501    
20160514171437815797041    
20160514171437815799081    
20160514174418516791031    
20160514174418516791041    
20160514174418516791301    
20160514174418516791491    
20160514174418516791621    
20160514174418516791781    
20160514175640742790101    
20160514175640742791022    
20160514175640742791031    
20160514175640742791042    
20160514175640742791492    
20160514175640742791641    
20160514175640742791702    
20160514175640742791711    
20160514175640742791741    
20160514175640742791752    
20160514175640742791761    
20160514175640742791921    
20160514175640742792082    
20160514175640742797041    
20160514175640742797061    
20160514175640742798701    
20160514201302741391031    
20160514201302741391041    
20160514201302741391641    
20160514201302741391761    
20160514205954731590101    
20160514205954731591023    
20160514205954731591032    
20160514205954731591161    
20160514205954731591612    
20160514205954731591641    
20160514205954731591702    
20160514205954731591712    
20160514205954731591721    
20160514205954731591731    
20160514205954731591751    
20160514205954731591762    
20160514205954731591771    
20160514205954731592011    
20160514205954731592161    
20160514205954731592921    
20160514205954731593511    
20160514205954731593521    
20160514232813740291023    
20160514232813740291032    
20160514232813740291042    
20160514232813740291261    
20160514232813740291401    
20160514232813740291492    
20160514232813740291621    
20160514232813740291641    
20160514232813740291751    
20160514232813740291771    
20160514232813740292011    
20160514232813740292921    
20160514232813740293511    
20160514232813740297041    
20160514232813740291781    
20160514232813740291211    
20160514232813740291741    
201605142328137402912230   
20160514232813740291712    
20160514232813740291722    
20160514232813740291731    
20160514232813740291611    
20160514232813740290101    
20160514232813740290111    
20160515045418741891611    
20160515065056732091022    
20160515065056732091031    
20160515065056732091043    
20160515065056732091493    
20160515065056732091642    
20160515065056732091751    
20160515065056732091761    
20160515065056732092921    
20160515065056732098271    
20160515065056732091741    
20160515065056732097061    
20160515065056732091701    
20160515065056732091711    
20160515065056732091731    
20160515065056732090102    
20160515065056732090111    
20160515102526731790102    
20160515102526731790121    
20160515102526731791023    
20160515102526731791031    
20160515102526731791043    
201605151025267317912210   
20160515102526731791341    
20160515102526731791612    
20160515102526731791622    
20160515102526731791703    
201605151025267317917110   
20160515102526731791721    
20160515102526731791732    
20160515102526731791741    
20160515102526731791764    
20160515102526731791773    
20160515102526731791781    
201605151025267317920815   
20160515102526731792801    
20160515102526731793351    
20160515102526731793371    
20160515102526731797063    
20160515112128642890102    
20160515112128642890111    
20160515112128642891021    
20160515112128642891032    
20160515112128642891042    
201605151121286428912210   
20160515112128642891491    
20160515112128642891621    
20160515112128642891641    
20160515112128642891651    
20160515112128642891701    
20160515112128642891711    
20160515112128642891721    
20160515112128642891741    
20160515112128642891752    
20160515112128642891761    
20160515112128642891951    
20160515112128642892921    
20160515112128642893211    
20160515112128642893431    
20160515112128642897041    
20160515112128642899062    
20160515120513681491021    
20160515120513681491031    
20160515120513681491042    
20160515120513681491261    
20160515120513681493522    
20160515120513681491781    
20160515120513681491701    
20160515120513681491721    
20160515120513681499062    
20160515121815741691022    
20160515121815741691031    
20160515121815741691043    
20160515121815741691621    
20160515121815741691642    
20160515121815741691701    
20160515121815741691712    
20160515121815741691721    
20160515121815741691731    
20160515121815741691911    
20160515121815741691261    
20160515121815741691781    
20160515121815741691491    
20160515121815741691762    
20160515121815741691651    
20160515121815741693431    
20160515123849743391041    
20160515123849743391261    
20160515123849743391621    
20160515123849743391911    
20160515123849743391781    
20160515123849743391721    
20160515123849743390101    
20160515123849743399061    
20160515133401641890111    
20160515133401641891021    
20160515133401641891031    
20160515133401641891222    
20160515133401641891302    
20160515133401641891701    
20160515133401641891761    
20160515133401641892011    
20160515135510562691031    
20160515135510562691041    
20160515135510562691641    
20160515135510562691711    
20160515135510562691751    
20160515135510562691792    
20160515142521681493501    
20160515181814743398653    
20160515200517615391031    
20160515200517615391042    
20160515200517615391371    
20160515200517615391921    
20160515200517615392221    
20160515200517615392081    
20160515200517615391711    
20160515200517615391731    
20160515200517615391611    
20160515200517615390101    
20160515200517615390111    
20160515200555517091021    
20160515200555517091032    
20160515200555517091043    
20160515200555517091344    
20160515200555517091621    
20160515200555517091721    
20160515200555517091751    
20160515200555517091771    
20160515200555517092163    
20160515200555517093001    
20160515200555517093371    
20160515200555517093431    
20160515200555517093501    
20160515200555517093521    
20160515204714642491021    
20160515204714642491032    
20160515204714642491042    
201605152047146424912210   
20160515204714642491621    
20160515204714642491701    
20160515204714642491721    
20160515204714642491741    
20160515204714642492921    
20160515204714642493371    
20160515204750641891491    
20160515204750641893351    
20160515210229741991031    
20160515210229741991042    
20160515210229741991261    
20160515210229741991641    
20160515210229741991701    
20160515210229741991711    
20160515210229741991761    
20160515210229741991771    
20160515210229741992161    
20160515210229741993501    
20160515210229741997041    
20160515210759432291721    
20160515210759432291711    
20160515210759432291911    
20160515210759432292921    
20160515210759432291761    
20160515210759432291792    
201605152115517161901020   
20160515211551716191022    
20160515211551716191031    
20160515211551716191043    
201605152115517161911410   
201605152115517161912215   
20160515211551716191261    
20160515211551716191494    
20160515211551716191611    
20160515211551716191702    
20160515211551716191712    
20160515211551716191741    
20160515211551716191752    
20160515211551716191762    
20160515211551716191772    
20160515211551716191782    
20160515211551716191871    
20160515211551716191921    
20160515211551716192091    
20160515211551716192921    
20160515211551716193001    
20160515211551716193501    
20160515211551716193511    
20160515211551716197061    
20160515211551716198281    
20160515211551716199061    
20160515213102614390102    
20160515213102614390111    
20160515213102614391021    
20160515213102614391031    
20160515213102614391142    
20160515213102614391491    
20160515213102614391701    
20160515213102614391731    
20160515213102614391751    
20160515213102614391921    
20160515213102614392081    
20160515213719532190101    
20160515213719532191022    
20160515213719532191031    
20160515213719532191043    
20160515213719532191211    
20160515213719532191227    
20160515213719532191341    
20160515213719532191641    
20160515213719532191651    
20160515213719532191702    
20160515213719532191712    
20160515213719532191721    
20160515213719532191741    
20160515213719532191752    
20160515213719532191762    
20160515213719532191771    
20160515213719532193501    
20160515214450742391022    
20160515214450742391042    
20160515214450742391491    
20160515214450742391641    
20160515214450742391701    
20160515214450742391711    
20160515214450742391721    
20160515214450742391731    
20160515214450742391751    
20160515214450742391761    
20160515214450742391771    
20160515221724731390102    
20160515221724731390121    
20160515221724731391022    
20160515221724731391043    
20160515221724731391213    
201605152217247313912220   
20160515221724731391261    
20160515221724731391302    
20160515221724731391341    
20160515221724731391401    
20160515221724731391491    
20160515221724731391612    
20160515221724731391621    
20160515221724731391713    
20160515221724731391723    
20160515221724731391741    
20160515221724731391763    
20160515221724731391771    
20160515221724731391782    
20160515221724731391911    
20160515221724731391922    
20160515221724731391941    
20160515221724731392082    
20160515221724731392281    
20160515221724731392891    
20160515221724731392911    
20160515221724731393211    
20160515221724731397021    
20160515221724731397041    
20160515221724731398251    
20160515221724731398621    
20160515221724731398701    
20160515222238513991021    
20160515222238513991031    
20160515222238513991043    
201605152222385139912210   
20160515222238513991261    
20160515222238513991492    
20160515222238513991611    
20160515222238513991621    
20160515222238513991641    
20160515222238513991701    
20160515222238513991711    
20160515222238513991722    
20160515222238513991731    
20160515222238513991741    
20160515222238513991761    
20160515222238513991911    
20160515222238513993431    
20160515222238513997042    
20160515222238513997061    
20160515222335742890106    
20160515222335742890111    
20160515222335742891021    
20160515222335742891031    
20160515222335742891041    
20160515222335742891261    
20160515222335742891381    
20160515222335742891481    
20160515222335742891491    
20160515222335742891611    
20160515222335742893591    
20160515222335742895261    
20160515222335742898221    
20160515222335742898231    
20160515222335742898251    
20160515222335742898261    
20160515222335742898271    
20160515222335742898622    
20160515222335742899081    
20160515225134731290121    
20160515225134731291026    
20160515225134731291033    
20160515225134731291043    
20160515225134731291211    
20160515225134731291222    
20160515225134731291261    
20160515225134731291301    
20160515225134731291641    
20160515225134731291704    
20160515225134731291721    
20160515225134731291741    
20160515225134731291753    
20160515225134731291761    
20160515225134731291772    
20160515225134731291941    
20160515225134731291951    
20160515225134731292012    
20160515225134731292922    
20160515225134731297041    
20160515225717743190101    
20160515225717743191021    
20160515225717743191032    
20160515225717743191042    
20160515225717743191225    
20160515225717743191492    
20160515225717743191611    
20160515225717743191641    
20160515225717743191711    
20160515225717743191741    
20160515225717743192921    
20160515225717743193591    
20160515231455740190101    
20160515231455740191024    
20160515231455740191032    
20160515231455740191044    
20160515231455740191262    
20160515231455740191611    
20160515231455740191621    
20160515231455740191641    
20160515231455740191713    
20160515231455740191721    
20160515231455740191731    
20160515231455740191752    
20160515231455740191762    
20160515231455740191771    
20160515231455740191911    
20160515231455740192921    
20160515231455740197041    
20160515235901820791022    
20160515235901820791031    
20160515235901820791041    
20160515235901820791491    
20160515235901820791621    
20160515235901820791771    
20160515235901820792921    
20160515235901820797191    
20160515235901820798741    
20160515235901820791701    
20160515235901820791731    
20160515235901820791951    
20160515235901820791941    
20160515235901820791611    
20160516001103532090101    
20160516001103532091022    
20160516001103532091032    
20160516001103532091042    
20160516001103532091141    
20160516001103532091611    
20160516001103532091621    
20160516001103532091641    
20160516001103532091701    
20160516001103532092911    
20160516001103532093211    
20160516001103532097021    
201605160128567432901010   
20160516012856743290111    
20160516012856743291021    
20160516012856743291031    
20160516012856743291041    
20160516012856743291261    
20160516012856743291491    
20160516012856743291641    
20160516012856743291751    
20160516012856743298451    
20160516063008741291023    
20160516063008741291032    
20160516063008741291041    
20160516063008741291161    
20160516063008741291262    
20160516063008741291622    
20160516063008741291642    
20160516063008741291758    
20160516063008741291762    
20160516063008741291771    
20160516063008741292921    
20160516063008741297041    
20160516063008741291702    
20160516063008741291715    
20160516063008741291721    
20160516063008741291732    
20160516063008741291611    
20160516063008741291341    
20160516063008741290101    
20160516063008741290111    
20160516070217614091021    
20160516070217614091031    
20160516070217614091042    
20160516070217614097042    
20160516070217614091611    
20160516070217614091641    
20160516070217614092921    
20160516070217614091491    
20160516072221518391021    
20160516072221518391031    
20160516072221518391271    
20160516072221518391341    
20160516072221518391611    
20160516072221518391721    
20160516072221518391731    
20160516072221518391761    
20160516072221518391771    
20160516072221518391921    
20160516072221518392081    
20160516072221518392161    
20160516072221518393485    
20160516072221518393511    
20160516072221518397061    
20160516072221518398261    
20160516072221518398271    
20160516072221518399121    
20160516081008641791021    
20160516081008641791031    
20160516081008641791041    
20160516081008641791161    
20160516081008641791341    
20160516081008641791621    
20160516081008641791701    
20160516081008641791711    
20160516081008641791751    
20160516081008641791761    
20160516081008641792221    
20160516081008641792921    
20160516081221641691021    
20160516081221641691031    
20160516081221641691261    
20160516081221641691751    
20160516081221641691761    
20160516081221641692921    
20160516081221641692951    
20160516081221641693371    
20160516081221641697061    
20160516081221641691711    
20160516081221641691721    
20160516081221641691611    
20160516081221641690102    
20160516085247610491021    
20160516085247610491031    
20160516085247610491042    
20160516085247610491261    
20160516085247610491491    
20160516085247610491641    
20160516085247610491781    
20160516085247610491711    
20160516085247610490102    
20160516092736613691022    
20160516092736613691032    
20160516092736613691042    
20160516092736613691212    
20160516092736613691621    
20160516092736613691611    
20160516092736613691641    
20160516092736613691701    
20160516092736613691711    
20160516092736613691911    
20160516092736613697042    
20160516092736613693211    
20160516092736613691753    
20160516092736613691763    
20160516092736613691771    
20160516092736613692921    
20160516092736613692951    
20160516093401612991022    
20160516093401612991031    
20160516093401612991042    
20160516093401612991621    
20160516093401612991611    
20160516093401612991641    
20160516093401612991702    
20160516093401612991721    
20160516093401612993211    
20160516093401612991491    
20160516093401612991761    
20160516093401612992921    
20160516093401612998311    
20160516100923813091032    
20160516100923813091042    
20160516100923813091641    
20160516100923813092221    
20160516102411742991041    
20160516102411742991491    
20160516102411742991761    
20160516102411742992161    
20160516102411742992921    
20160516102411742998621    
20160516102411742991711    
20160516102411742991721    
20160516102411742990101    
20160516102411742990111    
20160516102628437891021    
20160516102628437891031    
20160516102628437891042    
20160516102628437891261    
20160516102628437891491    
20160516102628437891641    
20160516102628437891761    
20160516102628437892921    
20160516102628437893591    
20160516102628437898701    
20160516102628437891781    
20160516102628437891741    
20160516102628437891225    
20160516102628437897062    
20160516102628437891701    
20160516102628437891712    
20160516102628437891612    
20160516102628437890108    
20160516102628437890111    
20160516102628437890121    
20160516104059531491021    
20160516104059531491031    
20160516104059531491041    
20160516104059531491141    
20160516104059531491641    
20160516104059531491781    
20160516104059531491225    
20160516105402560490102    
20160516105402560490111    
20160516105402560490121    
20160516105402560491021    
20160516105402560491031    
20160516105402560491041    
20160516105402560491141    
201605161054025604912210   
20160516105402560491261    
20160516105402560491621    
20160516105402560491741    
20160516105402560491751    
20160516105402560491761    
20160516105402560492152    
20160516105402560497041    
20160516105402560498201    
20160516105402560498271    
20160516105402560498282    
20160516105402560498311    
20160516105402560498701    
20160516105402560498811    
