20160506110954671391022    
20160506110954671391033    
20160506110954671391044    
20160506110954671391621    
20160506110954671391611    
20160506110954671391641    
20160506110954671391703    
20160506110954671391714    
20160506110954671391722    
20160506110954671391911    
20160506110954671391741    
20160506110954671391753    
20160506110954671391767    
20160506110954671391771    
20160506110954671391781    
20160506110954671391871    
20160506110954671397191    
20160506110954671391651    
20160506110954671391341    
20160506110954671393501    
20160506110954671393511    
20160506110954671392921    
20160506110954671392011    
20160506112512525991021    
20160506112512525991042    
201605061125125259912210   
20160506112512525991491    
20160506112512525991621    
20160506112512525991702    
20160506112512525991721    
20160506112512525991731    
20160506112512525991751    
20160506112512525991761    
20160506112512525992181    
20160506112512525993431    
20160506112512525997021    
20160506112807432691021    
20160506112807432691031    
20160506112807432691041    
20160506112807432691261    
20160506112807432691791    
20160506112807432691911    
