20160822150311642891021    
20160822150311642891031    
20160822150311642891042    
201608221503116428912810   
20160822150311642891312    
20160822150311642891491    
20160822150311642891621    
20160822150311642891641    
20160822150311642891702    
20160822150311642891712    
20160822150311642891721    
20160822150311642891731    
20160822150311642891741    
20160822150311642891771    
20160822150311642891784    
20160822150311642891911    
20160822150311642892083    
20160822150311642897061    
20160822150311642898313    
20160822150311642899061    
