20160525103023137991011    
20160525103023137991041    
20160525103023137991781    
20160525103023137993431    
20160525103023137993341    
20160525103023137991491    
20160525103023137998271    
20160525103023137998313    
201605251030401473901010   
20160525103040147391011    
20160525103040147391031    
20160525103040147391041    
20160525103040147391341    
20160525103040147391491    
20160525103040147391611    
20160525103040147391621    
20160525103040147391641    
20160525103040147391741    
20160525103040147398711    
20160525103311147291031    
20160525103311147291041    
20160525103311147291161    
20160525103311147291621    
20160525103311147291641    
20160525103311147291761    
20160525103311147298251    
20160525103311147298261    
20160525103311147291701    
20160525103311147291611    
20160525103311147290102    
201605251033391769901011   
20160525103339176991141    
20160525103339176991341    
20160525103339176992091    
20160525103359124590102    
20160525103359124591012    
20160525103359124591032    
20160525103359124591043    
20160525103359124591211    
20160525103359124591261    
20160525103359124591301    
20160525103359124591401    
20160525103359124591491    
20160525103359124591621    
20160525103359124591711    
20160525103359124591731    
20160525103359124591761    
20160525103359124591941    
20160525103359124592891    
20160525103359124593511    
20160525103359124597021    
20160525103359124597041    
20160525103625137999061    
20160525103625137998351    
20160525103625137991751    
20160525104010137991921    
20160525104010137992081    
20160525104045265291016    
20160525104045265291032    
20160525104045265291046    
20160525104045265291161    
20160525104045265291261    
20160525104045265291341    
20160525104045265291495    
20160525104045265291641    
20160525104045265291701    
20160525104045265291712    
20160525104045265291722    
20160525104045265291731    
20160525104045265291741    
20160525104045265291754    
20160525104045265291762    
20160525104045265291771    
20160525104045265291941    
20160525104045265292162    
20160525104045265292921    
20160525104045265292951    
20160525104045265293371    
20160525104045265293501    
20160525104045265293511    
20160525104045265297042    
20160525104045265297062    
20160525104045265298251    
20160525104045265298261    
20160525104045265298271    
201605251040452652983110   
20160525104045265299061    
20160525104140155391761    
20160525104233125191012    
20160525104233125191031    
20160525104233125191042    
20160525104233125197041    
20160525104233125191492    
20160525104233125195251    
20160525104233125192921    
20160525104233125193591    
20160525104233125198312    
20160525104233125198231    
20160525104233125198711    
20160525104233125191481    
20160525104233125191241    
20160525104233125198451    
20160525104233125198241    
20160525104233125198651    
20160525104242146991031    
20160525104242146991042    
20160525104242146997041    
20160525104457122991012    
20160525104457122991031    
20160525104457122991043    
20160525104457122991261    
20160525104457122991491    
20160525104457122991611    
20160525104457122991621    
20160525104457122991641    
20160525104457122991702    
20160525104457122991711    
20160525104457122991741    
20160525104457122991752    
20160525104457122997061    
20160525104636351091012    
20160525104636351091031    
20160525104636351091043    
20160525104636351091161    
20160525104636351091161    
20160525104636351091261    
20160525104636351091492    
20160525104636351091611    
20160525104636351091641    
20160525104636351091712    
20160525104636351091721    
20160525104636351091731    
20160525104636351091741    
20160525104636351091752    
20160525104636351091771    
20160525104636351092921    
20160525105135335491013    
20160525105135335491033    
20160525105135335491043    
20160525105135335491621    
20160525105135335491641    
20160525105135335491754    
20160525105135335491761    
20160525105135335492921    
20160525105135335491711    
20160525105135335491611    
20160525105734167291261    
20160525105734167292921    
20160525105734167292221    
20160525105734167291621    
20160525105734167291041    
20160525105734167291721    
20160525105734167291751    
20160525105734167291761    
201605251101172652912360   
20160525112336126091012    
20160525112336126091031    
20160525112336126091041    
20160525112336126091611    
20160525112336126091721    
20160525112336126091741    
20160525112336126091492    
20160525112336126098311    
20160525112415335791011    
20160525112415335791701    
20160525112415335791761    
20160525112415335791031    
20160525112415335791041    
20160525112415335791611    
20160525112415335791721    
20160525112415335798311    
20160525115511117891012    
20160525115511117891041    
20160525115511117891611    
20160525115511117891921    
20160525115511117892081    
20160525115511117891621    
20160525115511117897041    
20160525115825114491011    
20160525115825114491041    
20160525115825114491261    
20160525115825114491611    
20160525115825114491781    
20160525115825114497041    
20160525120150155391011    
20160525122110345591011    
20160525122110345591031    
20160525122110345591042    
20160525122110345591701    
20160525122110345591711    
20160525122110345591721    
20160525122110345591911    
20160525122110345591751    
20160525122110345591761    
20160525122110345591771    
20160525122110345592921    
20160525122110345598711    
20160525122110345592221    
20160525122110345599061    
20160525122110345591923    
20160525124747162790106    
20160525124747162791013    
20160525124747162791033    
20160525124747162791045    
20160525124747162791233    
20160525124747162791261    
20160525124747162791493    
20160525124747162791611    
20160525124747162791621    
20160525124747162791642    
20160525124747162791701    
20160525124747162791712    
20160525124747162791721    
20160525124747162791731    
20160525124747162791741    
20160525124747162791752    
20160525124747162791761    
20160525124747162791771    
20160525124747162792221    
20160525124747162792911    
20160525124747162797061    
20160525124747162798271    
20160525124747162798711    
20160525124747162799061    
20160525131844125090101    
20160525131844125091011    
20160525131844125091032    
20160525131844125091043    
20160525131844125091235    
20160525131844125091261    
20160525131844125091492    
20160525131844125091621    
20160525131844125091701    
20160525131844125091741    
20160525131844125091751    
20160525131844125091761    
20160525131844125091941    
20160525131844125091951    
20160525131844125092011    
20160525131844125092921    
20160525131844125092951    
20160525131844125097061    
20160525131844125098261    
