20170329110724162791012    
20170329110724162791032    
20170329110724162791045    
20170329110724162791102    
20170329110724162791261    
20170329110724162791287    
20170329110724162791492    
20170329110724162791611    
20170329110724162791621    
20170329110724162791641    
20170329110724162791701    
20170329110724162791711    
20170329110724162791721    
20170329110724162791741    
20170329110724162791752    
20170329110724162791761    
20170329110724162791771    
20170329110724162791911    
20170329110724162791962    
20170329110724162797041    
20170329110724162797061    
20170329110724162798315    
20170329111212174491011    
20170329111212174491031    
20170329111212174491261    
20170329111212174491281    
20170329111212174491701    
20170329111212174491711    
20170329111212174491761    
20170329111212174491771    
20170329111212174491961    
20170329111232374591013    
20170329111232374591031    
20170329111232374591044    
20170329111232374591105    
20170329111232374591261    
20170329111232374591286    
20170329111232374591492    
20170329111232374591611    
20170329111232374591621    
20170329111232374591642    
20170329111232374591702    
20170329111232374591713    
20170329111232374591721    
20170329111232374591731    
20170329111232374591751    
20170329111232374591762    
20170329111232374591771    
20170329111232374591911    
20170329111232374591961    
20170329111232374592011    
20170329111232374592161    
20170329111232374593371    
20170329111232374593521    
20170329111232374597041    
20170329111232374597061    
20170329111232374598311    
20170329111232374599202    
20170329111232374599271    
20170329111232374599291    
20170329111811335491013    
20170329111811335491032    
20170329111811335491045    
20170329111811335491263    
20170329111811335491621    
20170329111811335491642    
20170329111811335491763    
20170329111811335491771    
20170329111811335491911    
20170329111811335492921    
20170329111811335493431    
20170329111811335497041    
20170329111811335497061    
20170329111811335491702    
20170329111811335491711    
20170329111811335491722    
20170329111811335491732    
20170329111811335491611    
201703291118113354912810   
20170329111811335491962    
20170329111811335491102    
20170329114744363791011    
20170329114744363791031    
20170329114744363791041    
20170329114744363791102    
20170329114744363791261    
20170329114744363791282    
20170329114744363791611    
20170329114744363791641    
20170329114744363791761    
20170329114744363791961    
20170329114744363791971    
20170329114744363792921    
20170329114744363798311    
20170329130819117191012    
20170329130819117191032    
20170329130819117191045    
20170329130819117191101    
20170329130819117191261    
20170329130819117191286    
20170329130819117191531    
20170329130819117191611    
20170329130819117191621    
20170329130819117191641    
20170329130819117191702    
20170329130819117191711    
20170329130819117191741    
20170329130819117191751    
20170329130819117191762    
20170329130819117191771    
20170329130819117191961    
20170329130819117192921    
20170329130819117198315    
20170329130819117198452    
20170329130819117198881    
20170329130819117198901    
20170329130819117199231    
