20160420141956167891011    
20160420141956167891041    
20160420141956167891261    
20160420141956167891492    
20160420141956167891721    
20160420141956167891731    
20160420141956167891771    
20160420142006341291013    
20160420142006341291033    
20160420142006341291045    
20160420142006341291611    
20160420142006341291621    
20160420142006341291641    
20160420142006341291702    
20160420142006341291711    
20160420142006341291721    
20160420142006341291761    
20160420142006341291911    
20160420142006341292011    
20160420142006341292161    
20160420142006341292921    
20160420142006341294122    
20160420142006341297191    
20160420142006341298311    
20160420142006341299081    
20160420143325213191011    
20160420143325213191031    
20160420143325213191042    
20160420143325213191222    
20160420143325213191271    
20160420143325213191491    
20160420143325213191711    
20160420143325213192921    
20160420143325213197061    
20160420143325213198313    
20160420150906353591012    
20160420150906353591034    
20160420150906353591045    
20160420150906353591222    
20160420150906353591261    
20160420150906353591494    
20160420150906353591611    
20160420150906353591621    
20160420150906353591641    
20160420150906353591701    
20160420150906353591741    
20160420150906353591751    
20160420150906353591771    
20160420150906353591781    
20160420150906353591911    
20160420150906353592921    
20160420150906353597041    
20160420150906353598312    
20160420152416213391011    
20160420152416213391031    
20160420152416213391043    
201604201524162133912220   
20160420152416213391261    
20160420152416213391492    
20160420152416213391621    
20160420152416213391701    
20160420152416213391711    
20160420152416213391721    
20160420152416213391731    
20160420152416213391741    
20160420152416213391761    
20160420152416213391781    
20160420152416213391871    
20160420152416213391911    
20160420152416213392012    
20160420152416213392081    
20160420152416213392091    
20160420152416213392921    
20160420152416213395251    
20160420152416213397061    
20160420152416213398311    
20160420152416213399071    
20160420154120138091012    
20160420154120138091031    
20160420154120138091043    
20160420154120138091225    
20160420154120138091261    
20160420154120138091493    
20160420154120138091711    
20160420154120138091731    
20160420154120138091741    
20160420154120138091751    
20160420154120138091761    
20160420154120138091781    
20160420154120138092221    
20160420154120138097041    
20160420154120138097061    
20160420154120138098314    
20160420154120138098621    
20160420155805324191042    
20160420155805324191911    
20160420155805324197041    
20160420155805324198251    
20160420155805324198261    
20160420155805324191741    
20160420155805324197061    
20160420155805324191711    
20160420155805324191611    
20160420161151150293431    
20160420161151150291011    
20160420161151150291042    
20160420161151150291031    
20160420161151150291262    
20160420161151150291492    
20160420161846177191012    
20160420161846177191031    
20160420161846177191041    
20160420161846177191261    
20160420161846177191492    
20160420161846177191622    
20160420161846177191641    
20160420161846177191751    
20160420161846177192921    
20160420161846177193431    
20160420161846177199071    
20160420161846177191782    
20160420161846177191721    
20160420161846177191611    
20160420161846177191341    
20160420161900312191041    
20160420161900312191611    
20160420161900312191621    
20160420161900312191711    
20160420161900312191754    
20160420161900312191491    
20160420161912264991011    
20160420161912264991031    
20160420161912264991042    
20160420161912264991226    
20160420161912264991711    
20160420161912264991721    
20160420161912264991751    
20160420161912264991761    
20160420161912264997061    
20160420161912264998312    
20160420172437173691031    
20160420172437173691042    
20160420172437173691261    
20160420172437173691491    
20160420172437173691641    
20160420172437173691711    
20160420172437173691741    
20160420172437173691921    
20160420173646363691032    
20160420173646363691043    
20160420173646363691492    
20160420173646363691611    
20160420173646363691641    
20160420173646363691711    
20160420173646363691721    
20160420173646363691752    
20160420173646363691781    
20160420173646363698313    
20160420175248137891011    
20160420175248137891031    
20160420175248137891042    
20160420175248137891491    
20160420175248137891641    
20160420175248137892151    
20160420175248137898311    
20160420175248137891711    
20160420175248137891721    
20160420181046262491011    
20160420181046262491031    
20160420181046262491041    
20160420181046262491911    
20160420181046262491611    
20160420181046262491641    
20160420181046262491761    
20160420181046262491701    
20160420181046262491711    
20160420181046262493351    
20160420181046262491621    
20160420181046262491302    
20160420181046262491491    
20160420181419235691012    
20160420181419235691032    
20160420181419235691043    
201604201814192356912220   
20160420181419235691261    
20160420181419235691271    
20160420181419235691493    
20160420181419235691641    
20160420181419235691701    
20160420181419235691721    
20160420181419235691742    
20160420181419235691752    
20160420181419235691761    
20160420181419235692221    
20160420181419235692921    
20160420181419235697061    
20160420181419235698231    
20160420181419235698261    
20160420181419235698313    
20160420181702147091011    
20160420181702147091031    
20160420181702147091041    
20160420181702147091621    
20160420181702147091701    
20160420181702147091721    
20160420181702147093511    
20160420181702147098314    
20160420181737151291032    
20160420181737151291641    
20160420181737151291703    
20160420181737151291761    
20160420181737151291771    
20160420181737151297021    
20160420181737151291211    
20160420181737151291041    
20160420181737151291264    
20160420181737151291621    
20160420181737151291721    
20160420190957166791012    
20160420190957166791031    
20160420190957166791042    
20160420190957166791621    
20160420190957166791261    
20160420190957166791711    
20160420190957166797041    
20160420190957166791721    
20160420190957166791771    
20160420190957166791611    
20160420190957166791641    
20160420190957166793431    
20160420190957166793511    
20160420190957166791752    
20160420190957166798311    
20160420190957166791223    
20160420191103378191041    
20160420191103378191261    
20160420191103378191492    
20160420191103378191641    
20160420191103378191711    
20160420191103378191761    
20160420191217232691011    
20160420191217232691031    
20160420191217232691041    
20160420191217232691261    
20160420191217232691711    
20160420191217232691731    
20160420191217232691621    
20160420191217232691491    
20160420191217232693501    
20160420191217232693511    
20160420191217232692921    
20160420191217232698311    
20160420193301354591011    
20160420193301354591031    
20160420193301354591042    
20160420193301354591492    
20160420193301354591621    
20160420193301354591641    
20160420193301354591751    
20160420193301354597041    
20160420193301354598311    
20160420193301354598711    
20160420193301354591741    
20160420193301354591222    
20160420193301354591731    
20160420194830374591013    
20160420194830374591033    
20160420194830374591044    
20160420194830374591212    
20160420194830374591262    
20160420194830374591492    
20160420194830374591611    
20160420194830374591621    
20160420194830374591642    
20160420194830374591703    
20160420194830374591721    
20160420194830374591741    
20160420194830374591751    
20160420194830374591761    
20160420194830374591911    
20160420194830374593211    
20160420194830374593431    
20160420194830374593501    
20160420194830374597041    
20160420194830374597061    
20160420194830374598262    
20160420200924161091013    
20160420200924161091033    
20160420200924161091045    
20160420200924161091261    
20160420200924161091701    
20160420200924161091762    
20160420200924161091741    
20160420200924161091496    
20160420200924161093431    
20160420200924161091751    
20160420200924161091721    
20160420200924161091911    
20160420200924161097041    
20160420200924161091621    
20160420200924161091642    
20160420200924161092921    
20160420200924161093511    
20160420200924161091612    
20160420200924161092151    
20160420200924161099071    
20160420200924161091711    
20160420200924161091951    
20160420200924161091222    
20160420200924161097061    
20160420202023174891012    
20160420202023174891031    
20160420202023174891042    
20160420202023174891701    
20160420202023174897041    
20160420202023174891611    
20160420202023174891641    
20160420212245140991011    
20160420212245140991032    
20160420212245140991042    
20160420212245140991491    
20160420212245140991611    
20160420212245140991641    
20160420212245140992921    
20160420212245140998312    
20160420212323126491011    
20160420212323126491041    
20160420212323126491611    
20160420212323126491261    
20160420212323126491711    
20160420212323126497041    
20160420212323126498311    
20160420212323126491621    
20160420212323126492211    
20160420212323126491752    
20160420213537153391011    
20160420213537153391031    
20160420213537153391042    
20160420213537153391641    
20160420213537153391261    
20160420213537153391701    
20160420213537153391711    
20160420213537153391721    
20160420213537153391911    
20160420213537153397041    
20160420213537153391225    
20160420213537153398311    
20160420213537153391761    
20160420213537153391751    
20160420213537153391771    
20160420213537153391621    
20160420213537153397061    
20160420213537153392921    
20160420213537153391491    
20160420221355360891011    
20160420221355360891042    
20160420221355360891261    
20160420221355360891641    
20160420221355360891711    
20160420221355360891721    
20160420221355360891761    
20160420221355360891771    
20160420221355360892911    
20160420221355360892921    
20160420222107335291011    
20160420222107335291031    
20160420222107335291041    
20160420222107335291261    
20160420222107335291641    
20160420222107335291711    
20160420222107335291741    
20160420222107335292161    
20160420222107335297041    
20160420222107335298312    
20160420222638155991012    
20160420222638155991031    
20160420222638155991043    
20160420222638155991261    
20160420222638155991493    
20160420222638155991621    
20160420222638155991761    
20160420222638155992951    
20160420222638155998261    
20160420222638155998314    
20160420222638155998711    
20160420222638155999081    
20160420222638155991782    
20160420222638155991701    
20160420222638155991711    
20160420222638155991731    
20160420222638155991871    
20160420222638155991611    
20160420223044137791011    
20160420223044137791031    
20160420223044137791041    
201604202230441377912210   
20160420223044137791261    
20160420223044137791491    
20160420223044137791701    
20160420223044137791711    
20160420223044137791751    
20160420223044137798261    
20160420223044137798312    
20160420223044137798711    
20160420223908172391011    
20160420223908172391031    
20160420223908172391041    
20160420223908172391261    
20160420223908172391701    
20160420223908172391711    
20160420223908172391741    
20160420223908172392911    
20160420225128378591011    
20160420225128378591031    
20160420225128378591042    
20160420225128378591226    
20160420225128378591621    
20160420225128378591711    
20160420225128378591721    
20160420225128378591751    
20160420225128378591761    
20160420225128378591781    
20160420225128378591911    
20160420225128378592081    
20160420225128378597041    
20160420230944227691011    
20160420230944227691031    
20160420230944227691042    
20160420230944227691224    
20160420230944227691491    
20160420230944227691611    
20160420230944227691641    
20160420230944227691701    
20160420230944227691721    
20160420230944227691731    
20160420230944227691751    
20160420230944227691761    
20160420230944227691771    
20160420230944227692081    
20160420230944227692221    
20160420230944227698271    
20160420230944227698311    
20160420231526379391012    
20160420231526379391031    
20160420231526379391042    
20160420231526379391261    
20160420231526379391491    
20160420231526379391921    
20160420231526379392221    
20160420231526379393371    
20160420231526379398261    
20160420231526379398312    
20160420231526379391226    
20160420231526379391721    
20160420231526379391731    
20160420231758155995251    
20160420231758155995261    
20160420233725163891011    
20160420233725163891031    
20160420233725163891042    
20160420233725163891621    
20160420233725163891641    
20160420233725163891261    
20160420233725163891711    
20160420233725163891741    
20160420233725163891491    
20160420233725163891751    
20160420233725163891761    
20160420233725163891771    
20160420233725163891222    
20160420233725163892881    
20160420235859124491013    
20160420235859124491036    
20160420235859124491045    
20160420235859124491621    
20160420235859124491643    
20160420235859124491761    
20160420235859124492221    
20160420235859124492922    
20160420235859124499071    
20160420235859124491781    
20160420235859124491703    
20160420235859124491611    
20160421000102252391013    
20160421000102252391032    
20160421000102252391043    
20160421000102252391262    
20160421000102252391711    
20160421000102252391721    
20160421000102252391621    
20160421000102252391611    
20160421000102252391641    
20160421000102252391491    
20160421000102252391771    
20160421000102252391751    
20160421000102252398311    
20160421000102252391741    
20160421000102252397041    
20160421000102252392011    
20160421000102252391341    
20160421000301312991011    
20160421000301312991042    
20160421000301312991261    
20160421000301312991491    
20160421000301312991621    
20160421000301312992921    
20160421000301312997041    
201604210003013129912220   
20160421000301312991701    
20160421000301312991711    
20160421000301312991721    
20160421000301312991611    
20160421005655370491013    
20160421005655370491033    
20160421005655370491043    
20160421005655370491262    
20160421005655370491271    
20160421005655370491771    
20160421005655370495261    
20160421013438228591011    
20160421013438228591032    
20160421013438228591043    
20160421013438228591261    
20160421013438228591492    
20160421013438228591751    
20160421013438228593371    
20160421013438228597041    
20160421013438228598271    
20160421013438228598313    
20160421013438228598621    
20160421013438228591781    
20160421013438228591741    
201604210134382285912210   
20160421013438228597061    
20160421013438228591951    
20160421061921335492165    
20160421061921335493001    
20160421073623171191013    
20160421073623171191032    
20160421073623171191044    
20160421073623171191261    
20160421073623171191491    
20160421073623171191622    
20160421073623171191641    
20160421073623171191751    
20160421073623171192221    
20160421073623171197041    
20160421073623171191702    
20160421073623171191711    
20160421073623171191722    
20160421073623171191612    
20160421075909170992011    
20160421075909170991013    
20160421075909170991033    
20160421075909170991043    
20160421075909170991494    
20160421075909170991622    
20160421075909170991641    
20160421075909170991701    
20160421075909170991711    
20160421075909170991722    
20160421075909170991741    
20160421075909170991752    
20160421075909170991761    
20160421075909170991771    
20160421075909170992911    
20160421075909170997042    
20160421075909170991261    
20160421075909170991611    
20160421081500310991011    
20160421081500310991031    
20160421081500310991041    
20160421081500310991611    
20160421081500310991641    
20160421081500310991491    
20160421081500310991161    
20160421081500310993511    
20160421081500310998313    
20160421081500310998711    
20160421081500310991223    
20160421083206232891011    
20160421083206232891031    
20160421083206232891041    
20160421083206232891221    
20160421083206232891701    
20160421083206232891711    
20160421083206232891751    
20160421083206232891761    
20160421083206232898311    
20160421083618265291012    
20160421083618265291031    
20160421083618265291043    
20160421083618265291161    
201604210836182652912230   
20160421083618265291261    
20160421083618265291492    
20160421083618265291611    
20160421083618265291621    
20160421083618265291702    
20160421083618265291711    
20160421083618265291731    
20160421083618265291741    
20160421083618265291753    
20160421083618265291762    
20160421083618265291771    
20160421083618265291911    
20160421083618265292161    
20160421083618265292911    
20160421083618265293501    
20160421083618265293511    
20160421083618265297041    
20160421083618265298316    
20160421084613212291011    
20160421084613212291031    
20160421084613212291041    
20160421084613212291641    
20160421084613212291701    
20160421084613212291741    
20160421084613212291221    
20160421084613212298261    
20160421084613212298271    
20160421085014177091011    
20160421085014177091032    
20160421085014177091043    
201604210850141770912210   
20160421085014177091492    
20160421085014177091641    
20160421085014177091721    
20160421085014177091741    
20160421085014177091751    
20160421085014177091771    
20160421085014177092541    
20160421085014177092921    
20160421085014177093501    
20160421085014177093511    
20160421085014177097041    
20160421085014177097061    
20160421085014177098271    
20160421085014177098311    
20160421090809118391011    
20160421090809118391031    
20160421090809118391042    
20160421090809118391491    
20160421090809118391641    
20160421090809118391752    
20160421090809118391921    
20160421090809118392721    
20160421090809118392921    
20160421090809118393591    
20160421090809118398221    
20160421090809118398231    
20160421090809118398261    
20160421090809118398272    
201604210908091183983110   
20160421090809118398451    
20160421090809118398621    
20160421090809118392081    
20160421090809118391781    
20160421090809118391741    
20160421090809118391302    
20160421090809118391225    
20160421090809118397061    
20160421090809118391711    
20160421090809118391721    
20160421090954133991012    
20160421090954133991032    
20160421090954133991042    
20160421090954133991641    
20160421090954133991621    
20160421090954133991721    
20160421090954133997041    
20160421090954133992921    
20160421090954133991491    
20160421090954133991771    
20160421091404252091014    
20160421091404252091033    
20160421091404252091043    
20160421091404252091641    
20160421091404252091622    
20160421091404252093431    
20160421091404252092221    
20160421091404252093501    
20160421091404252092151    
20160421091404252091712    
20160421091404252091262    
20160421091404252091492    
20160421091404252091771    
20160421091404252091741    
20160421091404252091911    
20160421091404252091721    
20160421091404252091751    
20160421091404252095101    
20160421091404252091651    
20160421091617235698271    
20160421094732169091012    
20160421094732169091032    
20160421094732169091043    
20160421094732169091223    
20160421094732169091611    
20160421094732169091643    
20160421094732169091701    
20160421094732169091741    
20160421094732169092951    
20160421094732169093371    
20160421094732169097041    
20160421094732169098313    
20160421094732169099071    
20160421094836372891011    
20160421094836372891042    
20160421094836372891611    
20160421094836372891701    
20160421094836372891751    
20160421094836372892921    
20160421094836372898311    
20160421095447136691011    
20160421095447136691032    
20160421095447136691043    
20160421095447136691641    
20160421095447136691752    
20160421095447136691761    
20160421095447136691911    
20160421095447136692621    
20160421095447136692671    
20160421095447136692921    
20160421095447136693171    
20160421095447136693431    
20160421095447136698271    
20160421095447136691221    
20160421095447136691702    
20160421095447136691711    
20160421095447136691721    
20160421095447136691611    
20160421100305375791011    
20160421100305375791031    
20160421100305375791042    
20160421100305375791491    
20160421100305375791621    
20160421100305375791751    
20160421100305375791761    
20160421100305375792161    
20160421100305375793351    
20160421100305375797041    
20160421100305375792082    
20160421100305375791701    
20160421100305375791721    
20160421100305375791611    
20160421100326176891011    
20160421100326176891031    
20160421100326176891042    
20160421100326176891261    
20160421100326176891611    
20160421100326176891621    
20160421100326176891711    
20160421100326176891721    
20160421100326176893211    
20160421100326176897041    
20160421100326176898711    
20160421100649228291011    
20160421100649228291032    
20160421100649228291042    
20160421100649228291641    
20160421100649228291611    
20160421100649228291761    
20160421100649228291751    
20160421100649228291261    
20160421100649228298313    
20160421100649228291701    
20160421100649228291911    
20160421100649228291921    
20160421100649228292081    
20160421100649228293511    
20160421100649228295101    
20160421100649228298711    
20160421101620345291042    
20160421101620345292161    
20160421101620345293501    
20160421101620345297191    
20160421101620345298314    
20160421101620345298941    
20160421101620345291221    
20160421101620345291721    
20160421101620345291731    
20160421101620345299121    
20160421101620345291951    
20160421101620345291341    
20160421102115312291011    
20160421102115312291031    
20160421102115312291161    
20160421102115312291491    
20160421102115312291751    
20160421102115312291761    
20160421102115312291911    
20160421102115312292921    
20160421102115312291701    
20160421102917234391011    
20160421102917234391031    
20160421102917234391042    
20160421102917234391222    
20160421102917234391261    
20160421102917234391701    
20160421102917234391711    
20160421102917234391741    
20160421102917234391751    
20160421102917234391761    
20160421102917234391911    
20160421102917234392081    
20160421102917234397041    
20160421102917234398261    
20160421102917234398312    
20160421103606312891031    
20160421103606312891042    
20160421103606312891225    
20160421103606312891261    
20160421103606312891491    
20160421103606312891701    
20160421103606312891711    
20160421103606312893371    
20160421103731137291011    
20160421103731137291031    
20160421103731137291041    
20160421103731137291211    
20160421103731137291641    
20160421103731137291261    
20160421103731137291731    
20160421103739174491011    
20160421103739174491031    
20160421103739174491041    
20160421103739174491261    
20160421103739174491701    
20160421103739174491711    
20160421103739174491751    
20160421104510115891011    
20160421104510115891032    
20160421104510115891042    
20160421104510115891221    
20160421104510115891261    
20160421104510115891621    
20160421104510115891641    
20160421104510115891711    
20160421104510115891721    
20160421104510115891941    
20160421104510115891951    
20160421104510115892221    
20160421104510115893501    
20160421104510115898312    
20160421104510115899071    
20160421105152330391011    
20160421105152330391031    
20160421105152330391042    
20160421105152330391611    
20160421105152330391621    
20160421105152330391751    
20160421105152330391491    
20160421105152330391261    
201604211051523303912220   
20160421105152330397041    
20160421105152330392162    
20160421105152330391722    
20160421105152330391711    
20160421105152330391701    
20160421105227135091014    
20160421105227135091034    
20160421105227135091042    
20160421105227135091261    
20160421105227135091491    
20160421105227135091611    
20160421105227135091621    
20160421105227135091642    
20160421105227135091701    
20160421105227135091741    
20160421105227135091761    
20160421105227135092921    
20160421105227135093501    
20160421105227135093511    
20160421105227135097041    
20160421105729335191012    
20160421105729335191032    
20160421105729335191621    
20160421105729335191044    
20160421105729335191611    
20160421105729335191641    
20160421105729335191261    
20160421105729335191701    
20160421105729335191712    
20160421105729335191721    
20160421105729335191911    
20160421105729335197041    
20160421105729335193211    
20160421105729335192921    
20160421105729335193431    
20160421105920135191011    
20160421105920135191031    
20160421105920135191042    
20160421105920135191223    
20160421105920135191611    
20160421105920135191641    
20160421105920135191712    
20160421105920135191731    
20160421105920135191751    
20160421105920135191771    
20160421105920135191921    
20160421105920135192921    
20160421105920135197061    
20160421105920135198751    
