20160622140703377391041    
20160622140703377391731    
20160622140703377391233    
20160622143652354591011    
20160622143652354591031    
20160622143652354591042    
20160622143652354591491    
20160622143652354591752    
20160622143652354591911    
20160622143652354592921    
20160622143652354591741    
20160622143652354591711    
20160622143652354591721    
20160622143652354591731    
20160622154646137091041    
20160622154646137091621    
20160622154646137091911    
20160622160549166791011    
20160622160549166791031    
20160622160549166791042    
20160622160549166791621    
20160622160549166791261    
20160622160549166797041    
20160622160549166791721    
20160622160549166791641    
20160622160549166791751    
20160622160549166798311    
20160622160549166791233    
20160622161706264991011    
20160622161706264991031    
20160622161706264991043    
20160622161706264991236    
20160622161706264991261    
20160622161706264991491    
20160622161706264991611    
20160622161706264991641    
20160622161706264991702    
20160622161706264997041    
20160622163833345591011    
20160622163833345591031    
20160622163833345591621    
20160622163833345591611    
20160622163833345591641    
20160622163833345591701    
20160622163833345591772    
20160622163833345597061    
20160622163833345592082    
20160622163833345591922    
20160622163833345592921    
20160622163833345591042    
20160622163748140991011    
20160622163748140991031    
20160622163748140991041    
20160622163748140991641    
20160622163748140992211    
20160622163748140998313    
20160622164049213191011    
20160622164049213191031    
20160622164049213191042    
20160622164049213191235    
20160622164049213192161    
20160622164049213197061    
20160622164049213198313    
20160622170246235691012    
20160622170246235691031    
20160622170246235691043    
20160622170246235691161    
20160622170246235691235    
20160622170246235691261    
20160622170246235691492    
20160622170246235691611    
20160622170246235691621    
20160622170246235691641    
20160622170246235691701    
20160622170246235691721    
20160622170246235691731    
20160622170246235691741    
20160622170246235691751    
20160622170246235692081    
20160622170246235693501    
20160622170246235693511    
20160622170246235693591    
20160622170246235697041    
20160622170246235697061    
20160622170246235698315    
20160622172844168391011    
20160622172844168391031    
20160622172844168391042    
20160622172844168391233    
20160622172844168391261    
20160622172844168391491    
20160622172844168391611    
20160622172844168391621    
20160622172844168391701    
20160622172844168391711    
20160622172844168391722    
20160622172844168391761    
20160622172844168391771    
20160622172844168393431    
20160622172844168397041    
20160622175213126491011    
20160622175213126491041    
201606221752131264912310   
20160622175213126491611    
20160622175213126497041    
20160622175213126491771    
20160622175423126491711    
20160622175423126498312    
20160622182632137891011    
20160622182632137891031    
20160622182632137891041    
20160622182632137891261    
20160622182632137891761    
20160622182632137891911    
20160622182632137891741    
20160622182632137891731    
20160622182632137891235    
20160622184707370391621    
20160622184707370391011    
20160622184707370391641    
20160622184707370391611    
20160622184707370391041    
20160622184707370392081    
20160622184707370391921    
20160622184445147091011    
20160622184445147091031    
20160622184445147091041    
20160622184445147091233    
20160622184445147091261    
20160622184445147091491    
20160622184445147091741    
20160622184445147091771    
20160622184445147091781    
20160622184445147092951    
20160622184445147097061    
20160622184445147098261    
20160622184445147098314    
20160622184737345991012    
20160622184737345991032    
20160622184737345991043    
20160622184737345991241    
20160622184737345991261    
20160622184737345991492    
20160622184737345991621    
20160622184737345991711    
20160622184737345991741    
20160622184737345991951    
20160622184737345992081    
20160622184737345998271    
20160622184737345998315    
20160622184737345999081    
20160622185842227691011    
20160622185842227691031    
20160622185842227691041    
20160622185842227691234    
20160622185842227691261    
20160622185842227691491    
20160622185842227691611    
20160622185842227691711    
20160622185842227691721    
20160622185842227691731    
20160622185842227691741    
20160622185842227691761    
20160622185842227691911    
20160622185842227692081    
20160622185842227692161    
20160622185842227692921    
20160622185842227692951    
20160622185842227697041    
20160622185842227698261    
20160622190247151291011    
20160622190247151292921    
20160622190247151297041    
20160622190247151291031    
20160622190247151291641    
20160622190247151291702    
20160622190247151291263    
20160622193210138091012    
20160622193210138091031    
20160622193210138091044    
201606221932101380912310   
20160622193210138091495    
20160622193210138091611    
20160622193210138091641    
20160622193210138091701    
20160622193210138091741    
20160622193210138091761    
20160622193210138091771    
20160622193210138091871    
20160622193210138091921    
20160622193210138092081    
20160622193210138092921    
20160622193210138093501    
20160622193210138093591    
20160622193210138097061    
20160622193210138098261    
20160622193210138098271    
20160622193210138098316    
20160622202037137091031    
20160622202235173691011    
20160622202235173691031    
20160622202235173691041    
20160622202235173691261    
20160622202235173691491    
20160622202235173691611    
20160622202235173691701    
20160622202235173691771    
20160622202235173691911    
20160622203728135491011    
20160622203728135491032    
20160622203728135491043    
20160622203728135491261    
20160622203728135491492    
20160622203728135491641    
20160622203728135491651    
20160622203728135491751    
20160622203728135491761    
20160622203728135491771    
20160622203728135492921    
20160622203728135491741    
20160622203728135497061    
20160622203728135491712    
20160622203728135491731    
20160622203728135491611    
20160622203728135491235    
20160622210051378091011    
20160622210051378091031    
20160622210051378091041    
20160622210051378092921    
20160622210548363691011    
20160622210548363691032    
20160622210548363691043    
201606222105483636912310   
20160622210548363691261    
20160622210548363691492    
20160622210548363691611    
20160622210548363691641    
20160622210548363691741    
20160622210548363691752    
20160622210548363691771    
20160622210548363692622    
20160622210548363692671    
20160622210548363692921    
20160622210548363692951    
20160622210548363697061    
20160622210548363698251    
20160622210548363698261    
20160622212210374591013    
20160622212210374591032    
20160622212210374591044    
201606222122103745912320   
20160622212210374591262    
20160622212210374591341    
20160622212210374591492    
20160622212210374591611    
20160622212210374591621    
20160622212210374591641    
20160622212210374591703    
20160622212210374591722    
20160622212210374591731    
20160622212210374591741    
20160622212210374591751    
20160622212210374591762    
20160622212210374591771    
20160622212210374591871    
20160622212210374591911    
20160622212210374592922    
20160622212210374593431    
20160622212210374593501    
20160622212210374597042    
20160622212210374597061    
20160622212210374598231    
20160622212210374598252    
20160622212210374598262    
20160622212210374598273    
20160622212210374598881    
20160622212210374599061    
20160622215941360891011    
20160622215941360891031    
20160622215941360891041    
20160622215941360891261    
20160622215941360891641    
20160622215941360891701    
20160622215941360891741    
20160622215941360891752    
20160622215941360891761    
20160622215941360892921    
20160622222513153391011    
20160622222513153391031    
20160622222513153391042    
20160622222513153391621    
20160622222513153391641    
20160622222513153391262    
20160622222513153391701    
20160622222513153391721    
20160622222513153397041    
20160622222513153391491    
20160622222513153391751    
20160622222513153391761    
20160622222513153392921    
20160622222513153398312    
20160622222513153398271    
20160622222513153398451    
20160622222513153391241    
20160622222513153391234    
20160622225249172391011    
20160622225249172391031    
20160622225249172391041    
20160622225249172391261    
20160622225249172391701    
20160622225249172391711    
20160622225249172391721    
20160622231041174891011    
20160622231041174891032    
20160622231041174891042    
20160622231041174891261    
20160622231041174891751    
20160622231041174891911    
20160622231041174891611    
20160622231041174891741    
20160622231226379391012    
20160622231226379391031    
20160622231226379391042    
20160622231226379391261    
20160622231226379391491    
20160622231226379391622    
20160622231226379391751    
20160622231226379392921    
20160622231226379398311    
20160622231226379391741    
20160622231226379391701    
20160622231226379391711    
20160622231226379391721    
20160622231226379391731    
20160622231226379391233    
20160622234429137791011    
20160622234429137791031    
20160622234429137791042    
20160622234429137791211    
201606222344291377912310   
20160622234429137791261    
20160622234429137791401    
20160622234429137791491    
20160622234429137791621    
20160622234429137791701    
20160622234429137791721    
20160622234429137791731    
20160622234429137791741    
20160622234429137791911    
20160622234429137792921    
20160622234429137798261    
20160622234429137798271    
20160622234429137798312    
20160622234429137798701    
20160622235252124491013    
20160622235252124491035    
20160622235252124491045    
20160622235252124491621    
20160622235252124491643    
20160622235252124492161    
20160622235252124492921    
20160622235252124493501    
20160622235252124493521    
20160622235252124491781    
20160622235252124491703    
20160622235252124491611    
20160623001443378191011    
20160623001443378191031    
20160623001443378191041    
20160623001443378191261    
20160623001443378191611    
20160623001443378191621    
20160623001443378191641    
20160623001443378191701    
20160623001443378191921    
20160623001443378192081    
20160623001443378192211    
20160623001443378193511    
20160623002539312991041    
20160623002539312991491    
20160623002539312992921    
20160623002539312991611    
20160623002539312999061    
20160623004323177191012    
20160623004323177191031    
20160623004323177191042    
20160623004323177191261    
20160623004323177191491    
20160623004323177191641    
20160623004323177193001    
20160623004323177193371    
20160623004323177197041    
20160623004323177198231    
20160623004323177198313    
20160623004323177191781    
20160623004323177191741    
20160623004323177197061    
20160623004323177191612    
20160623004942177191711    
20160623030042155991012    
20160623030042155991042    
20160623030042155991261    
20160623030042155991492    
20160623030042155991761    
20160623030042155992011    
20160623030042155992951    
20160623030042155997043    
20160623030042155998316    
20160623030042155998621    
20160623030042155991781    
20160623030042155991741    
20160623030042155997061    
20160623030042155991701    
20160623030042155991712    
20160623030042155991871    
20160623034027378591012    
20160623034027378591042    
20160623034027378591236    
20160623034027378591261    
20160623034027378591491    
20160623034027378591621    
20160623034027378591702    
20160623034027378591711    
20160623034027378591721    
20160623034027378591741    
20160623034027378591751    
20160623034027378591781    
20160623034027378591921    
20160623034027378592081    
20160623034027378592181    
20160623034027378597041    
20160623034027378597061    
20160623034027378598311    
20160623034027378598711    
20160623034027378599061    
20160623052116252091013    
20160623052116252091033    
20160623052116252091044    
20160623052116252091611    
20160623052116252091641    
20160623052116252091622    
20160623052116252092921    
20160623052116252092221    
20160623052116252092152    
20160623052116252091711    
20160623052116252091262    
20160623052116252091491    
20160623052116252091761    
20160623052116252091741    
20160623052116252091911    
20160623052116252091721    
20160623052116252098313    
20160623052116252091301    
20160623052116252097041    
20160623052116252095101    
20160623052116252097191    
20160623052116252091651    
20160623052243252091751    
20160623064555171191013    
20160623064555171191033    
20160623064555171191043    
20160623064555171191261    
20160623064555171191491    
20160623064555171191622    
20160623064555171191642    
20160623064555171191751    
20160623064555171191761    
20160623064555171191771    
20160623064555171192221    
20160623064555171197041    
20160623064555171191741    
20160623064555171191701    
20160623064555171191711    
20160623064555171191721    
20160623064555171191611    
20160623072627232891011    
20160623072627232891031    
20160623072627232891041    
20160623072627232891341    
20160623072627232891711    
20160623072627232891731    
20160623072627232891761    
20160623072627232891771    
20160623072627232897041    
20160623073107361491012    
20160623073107361491031    
20160623073107361491041    
20160623073107361491233    
20160623073107361491261    
20160623073107361491491    
20160623073107361491621    
20160623073107361491641    
20160623073107361491702    
20160623073107361491711    
20160623073107361491761    
20160623073107361492921    
20160623073107361493501    
20160623073107361493521    
20160623073107361499061    
20160623074546161091011    
20160623074546161091031    
20160623074546161091043    
20160623074546161091261    
20160623074546161091701    
20160623074546161091761    
20160623074546161091741    
20160623074546161091494    
20160623074546161093431    
20160623074546161091751    
20160623074546161091721    
20160623074546161097042    
20160623074546161091621    
20160623074546161091642    
20160623074546161091612    
201606230745461610912310   
20160623074546161097061    
20160623074546161092811    
20160623084621170991014    
20160623084621170991033    
20160623084621170991043    
20160623084621170991493    
20160623084621170991611    
20160623084621170991622    
20160623084621170991641    
20160623084621170991712    
20160623084621170991722    
20160623084621170991741    
20160623084621170991751    
20160623084621170992911    
20160623084621170997043    
20160623084621170991261    
20160623084621170992221    
20160623084621170992181    
20160623084735312291011    
20160623084735312291031    
20160623084735312291491    
20160623084735312291641    
20160623084735312291761    
20160623084735312291701    
20160623085203212291012    
20160623085203212291031    
20160623085203212291041    
20160623085203212292911    
20160623085203212298312    
20160623085203212291741    
20160623085203212291641    
20160623090205133991012    
20160623090205133991032    
20160623090205133991043    
20160623090205133991641    
20160623090205133991721    
20160623090205133991261    
20160623090205133991491    
20160623090205133991231    
20160623090205133991711    
20160623090237252391012    
20160623090237252391031    
20160623090237252391042    
20160623090237252391261    
20160623090237252391711    
20160623090237252391621    
20160623090237252391611    
20160623090237252391641    
20160623090237252391491    
20160623090237252391771    
20160623090237252398311    
20160623090237252397041    
20160623090237252391301    
20160623090237252391911    
20160623090237252392151    
20160623090413174391011    
20160623090413174391031    
20160623090413174391041    
20160623090413174391621    
20160623090413174392921    
20160623090608310991011    
20160623090608310991041    
20160623090608310991641    
20160623090608310991261    
20160623090608310997041    
20160623090608310991701    
20160623090608310991491    
20160623090608310991235    
20160623090608310997061    
20160623090608310999061    
20160623090608310992211    
20160623090608310998314    
20160623090603167891011    
20160623090603167891031    
20160623090603167891041    
20160623090603167891235    
20160623090603167891492    
20160623090603167891641    
20160623090603167891711    
20160623090603167891721    
20160623090603167891752    
20160623091139155491011    
20160623091139155491032    
20160623091139155491042    
20160623091139155491491    
20160623091139155491641    
20160623091139155491702    
20160623091139155491711    
20160623091139155491722    
20160623091139155491761    
20160623091139155492221    
20160623091933346198313    
20160623092052345291012    
20160623092052345291031    
20160623092052345291042    
20160623092052345291491    
20160623092052345291641    
20160623092052345291751    
20160623092052345291771    
20160623092052345291921    
20160623092052345292161    
20160623092052345292921    
20160623092052345293511    
20160623092052345298253    
20160623092052345291701    
20160623092052345291711    
20160623092052345291941    
20160623092052345291611    
20160623092052345291341    
20160623092052345299061    
20160623092052345291233    
20160623092854265291013    
20160623092854265291031    
20160623092854265291043    
201606230928542652912330   
20160623092854265291493    
20160623092854265291702    
20160623092854265291711    
20160623092854265291731    
20160623092854265291741    
20160623092854265291751    
20160623092854265291761    
20160623092854265291781    
20160623092854265291941    
20160623092854265292161    
20160623092854265292911    
20160623092854265297041    
20160623092854265298251    
20160623093214174491011    
20160623093214174491031    
20160623093214174491041    
20160623093214174491261    
20160623093214174491711    
20160623093214174491721    
20160623093214174491761    
20160623093214174491781    
20160623093337175491011    
20160623093337175491042    
20160623093337175491235    
20160623093337175491261    
20160623093337175491492    
20160623093337175491611    
20160623093337175491641    
20160623093337175491711    
20160623093337175491741    
20160623093337175491751    
20160623093337175491781    
20160623093337175492921    
20160623093337175493501    
20160623093337175497041    
20160623093337175497061    
20160623093337175498261    
20160623094804312891011    
20160623094804312891031    
20160623094804312891041    
20160623094804312891235    
20160623094804312891491    
20160623094804312891702    
20160623094804312891741    
20160623094804312892921    
20160623094804312893371    
20160623094816334391011    
20160623094816334391041    
20160623094816334391641    
20160623094816334391731    
20160623094816334392011    
20160623100123232691011    
20160623100123232691031    
20160623100123232691041    
20160623100123232691721    
20160623100123232691911    
20160623100123232691621    
20160623100123232691611    
20160623100123232692921    
20160623100123232698311    
20160623100458137991011    
20160623100458137991741    
20160623100458137997041    
20160623100458137991233    
20160623100458137992921    
20160623100458137993431    
20160623100458137991041    
20160623100458137991031    
20160623100458137992081    
20160623100458137991641    
20160623100458137992811    
20160623100458137991491    
20160623100846330391011    
20160623100846330391041    
201606231008463303912310   
20160623100846330391621    
20160623100846330391721    
20160623100846330391711    
20160623100846330392162    
20160623100802234391012    
20160623100802234391031    
20160623100802234391043    
20160623100802234391235    
20160623100802234391701    
20160623100802234391731    
20160623100802234391751    
20160623100802234391761    
20160623100802234391781    
20160623100802234391911    
20160623100802234391921    
20160623100802234392081    
20160623100802234392221    
20160623100802234398312    
20160623100802234398711    
20160623100847169091011    
20160623100847169091032    
20160623100847169091042    
20160623100847169091235    
20160623100847169091261    
20160623100847169091611    
20160623100847169091643    
20160623100847169091721    
20160623100847169091741    
20160623100847169091761    
20160623100847169091911    
20160623100847169093371    
20160623100847169093501    
20160623100847169097041    
20160623100854234397041    
20160623101242228591012    
20160623101242228591032    
20160623101242228591045    
20160623101242228591261    
20160623101242228591271    
20160623101242228591493    
20160623101242228591641    
20160623101242228591751    
20160623101242228592221    
20160623101242228592921    
20160623101242228592951    
20160623101242228593371    
20160623101242228597041    
20160623101242228598251    
20160623101242228598621    
20160623101242228598701    
20160623101242228591781    
20160623101242228591741    
20160623101242228597061    
20160623101242228591701    
20160623101242228591721    
20160623101242228591871    
20160623101242228591611    
201606231012422285912310   
20160623101935137291011    
20160623101935137291041    
20160623101935137291641    
20160623101935137291261    
20160623101935137291761    
20160623102442335191012    
20160623102442335191031    
20160623102442335191043    
20160623102442335191641    
20160623102442335191261    
20160623102442335191701    
20160623102442335191711    
20160623102442335191721    
20160623102442335191911    
20160623102442335197041    
20160623102442335191761    
20160623102442335191771    
20160623102442335192011    
20160623103037372891011    
20160623103037372891031    
20160623103037372891042    
20160623103037372891641    
20160623103037372891701    
20160623103037372891761    
20160623103037372891781    
20160623103037372891871    
20160623103037372892181    
20160623103037372892281    
20160623103037372892921    
20160623103037372893371    
20160623103037372897041    
20160623103726135191011    
20160623103726135191031    
20160623103726135191043    
20160623103726135191232    
20160623103726135191261    
20160623103726135191611    
20160623103726135191621    
20160623103726135191641    
20160623103726135191712    
20160623103726135191741    
20160623103726135191751    
20160623103726135191761    
20160623103726135192921    
20160623104207265191031    
20160623104207265191641    
20160623104207265191701    
20160623104207265191771    
20160623104207265191941    
20160623104207265191951    
20160623104207265197061    
20160623105008132691031    
20160623105008132691041    
20160623105008132691232    
20160623105008132691641    
20160623105008132691751    
20160623105516153397061    
20160623105803135091013    
20160623105803135091033    
20160623105803135091042    
20160623105803135091261    
20160623105803135091492    
20160623105803135091611    
20160623105803135091621    
20160623105803135091643    
20160623105803135091711    
20160623105803135091741    
20160623105803135091751    
20160623105803135091761    
20160623105803135092921    
20160623105803135097041    
20160623105803135098313    
20160623105830136691011    
20160623105830136691032    
20160623105830136691042    
20160623105830136691491    
20160623105830136691621    
20160623105830136691641    
20160623105830136691751    
20160623105830136691761    
20160623105830136691911    
20160623105830136691921    
20160623105830136692921    
20160623105830136693431    
20160623105830136698311    
20160623105830136698701    
20160623105830136691741    
20160623105830136691701    
20160623105830136691611    
