20160318171615351491011    
20160318171615351491031    
20160318171615351491042    
20160318171615351491261    
20160318171615351491721    
20160318171615351491491    
20160318171615351491761    
20160318171615351492211    
20160318171615351492951    
20160318182907351491701    
20160319093743265291012    
20160319093743265291031    
20160319093743265291043    
201603190937432652912230   
20160319093743265291261    
20160319093743265291271    
20160319093743265291492    
20160319093743265291641    
20160319093743265291711    
20160319093743265291721    
20160319093743265291731    
20160319093743265291741    
20160319093743265291771    
20160319093743265291911    
20160319093743265291951    
20160319093743265292161    
20160319093743265292921    
20160319093743265293501    
20160319093743265297041    
20160319093743265298315    
20160319093743265298711    
20160319094858154291041    
20160319094858154291721    
20160319094858154291491    
20160319094858154291741    
20160319094858154291011    
20160319094858154291211    
20160319094858154291731    
20160319094858154291761    
20160319094858154291031    
20160319094858154291401    
20160319095839168991011    
20160319095839168991031    
20160319095839168991041    
20160319095839168991641    
20160319095839168991701    
20160319095839168991711    
20160319095839168991751    
20160319095839168993431    
20160319101321379291014    
20160319101321379291031    
20160319101321379291043    
201603191013213792912220   
20160319101321379291261    
20160319101321379291341    
20160319101321379291493    
20160319101321379291611    
20160319101321379291621    
20160319101321379291641    
20160319101321379291701    
20160319101321379291721    
20160319101321379291731    
20160319101321379291741    
20160319101321379291752    
20160319101321379291783    
20160319101321379292211    
20160319101321379292921    
20160319101321379293591    
20160319101321379298272    
20160319101321379298315    
20160319101321379298621    
20160319101321379298731    
20160319101321379299081    
20160319103703321291011    
20160319103703321291032    
20160319103703321291043    
20160319103703321291261    
20160319103703321291611    
20160319103703321291641    
20160319103703321291911    
20160319103703321291491    
20160319103703321291741    
20160319103703321298311    
20160319104805333791611    
20160319104805333791031    
20160319104805333791042    
20160319104805333791701    
20160319104805333791721    
20160319104805333791491    
20160319104805333791751    
20160319104805333793521    
20160319163358116891011    
20160319163358116891032    
20160319163358116891041    
20160319163358116891261    
20160319163358116891341    
20160319163358116891611    
20160319163358116891721    
20160319163358116891781    
20160319163358116891871    
20160319163358116891951    
20160319163358116892091    
20160319163358116892161    
20160319163358116892921    
20160319163358116893521    
20160319163358116898315    
20160319174026155291012    
20160319174026155291031    
20160319174026155291044    
20160319174026155291211    
20160319174026155291641    
20160319174026155291262    
20160319174026155291701    
20160319174026155291712    
20160319174026155291721    
20160319174026155291731    
20160319174026155291741    
20160319174026155297021    
20160319174026155291752    
20160319174026155291761    
20160319174026155291771    
20160319174026155298314    
20160319174026155293431    
20160319174026155292161    
20160319174734333791761    
20160319194431225991012    
20160319194431225991032    
20160319194431225991042    
20160319194431225991491    
20160319194431225991622    
20160319194431225991642    
20160319194431225992161    
20160319194431225992921    
20160319194431225999111    
20160319194431225991222    
20160319194431225991701    
20160319194431225991711    
20160319194431225991871    
20160319194431225991611    
20160319195129230491011    
20160319195129230491041    
20160319195129230491491    
20160319195129230491031    
20160319221747117791011    
20160319221747117791043    
20160319221747117791261    
20160319221747117791491    
20160319221747117791621    
20160319221747117791701    
20160319221747117791711    
20160319221747117791721    
20160319221747117791761    
20160319221747117791771    
20160319221747117793431    
20160319222214324191012    
20160319222214324191031    
20160319222214324191042    
20160319222214324191261    
20160319222214324191491    
20160319222214324191621    
20160319222214324191752    
20160319222214324191771    
20160319222214324191911    
20160319222214324191921    
20160319222214324192091    
20160319222214324192211    
20160319222214324192221    
20160319222214324192921    
20160319222214324193001    
20160319222214324193341    
20160319222214324193501    
20160319222214324193511    
20160319222214324193591    
20160319222214324198271    
20160319222214324198315    
20160319222214324199071    
20160319222214324199081    
20160319222214324192081    
20160319222214324191781    
20160319222214324191741    
201603192222143241912210   
20160319222214324197061    
20160319222214324195191    
20160319222214324195045    
20160319222214324191951    
20160319222214324191941    
20160319222214324191341    
20160319222214324198865    
20160319222214324195021    
20160319225307228791013    
20160319225307228791032    
20160319225307228791046    
201603192253072287912225   
20160319225307228791262    
20160319225307228791496    
20160319225307228791611    
20160319225307228791622    
20160319225307228791641    
20160319225307228791702    
20160319225307228791712    
20160319225307228791722    
20160319225307228791731    
20160319225307228791743    
20160319225307228791752    
20160319225307228791761    
20160319225307228791783    
20160319225307228791911    
20160319225307228792922    
20160319225307228792951    
20160319225307228793001    
20160319225307228793591    
20160319225307228797042    
20160319225307228797062    
20160319225307228798261    
20160319225307228798316    
20160319225502264491225    
20160319225502264491621    
20160319225502264491641    
20160319225502264491701    
20160319225502264491741    
20160319225502264491751    
20160319225502264491761    
20160319225502264498311    
20160320001506235391011    
20160320001506235391031    
20160320001506235391042    
20160320001506235391225    
20160320001506235391492    
20160320001506235391611    
20160320001506235391731    
20160320001506235391741    
20160320001506235391751    
20160320001506235391781    
20160320001506235391921    
20160320001506235393501    
20160320001506235397041    
20160320001506235397061    
20160320001506235398231    
20160320001506235398251    
20160320001506235398315    
20160320001506235398881    
20160320001506235399071    
20160320004932118591011    
20160320004932118591031    
20160320004932118591043    
20160320004932118591227    
20160320004932118591261    
20160320004932118591491    
20160320004932118591621    
20160320004932118591641    
20160320004932118591711    
20160320004932118591721    
20160320004932118591761    
20160320004932118592011    
20160320004932118592921    
20160320004932118593431    
20160320004932118598314    
20160320071515226791261    
20160320071515226791491    
20160320071515226791751    
20160320071515226791771    
20160320071515226791161    
20160320071515226793501    
20160320071515226791721    
20160320071515226791701    
20160320071515226792211    
20160320071515226798701    
20160320080314118391011    
20160320080314118391031    
20160320080314118391042    
20160320094027354991014    
20160320094027354991034    
20160320094027354991045    
20160320094027354991145    
20160320094027354991251    
20160320094027354991271    
20160320094027354991341    
20160320094027354991622    
20160320094027354991642    
20160320094027354991701    
20160320094027354991721    
20160320094027354992541    
20160320094027354992921    
20160320094027354997191    
20160320094027354998317    
20160320132815323791031    
20160320132815323791042    
20160320132815323791261    
20160320132815323791491    
20160320132815323792091    
20160320132815323792161    
20160320132815323793341    
20160320132815323798316    
20160320132815323798451    
20160320132815323799071    
20160320135516228391012    
20160320135516228391032    
20160320135516228391045    
20160320135516228391491    
20160320135516228391623    
20160320135516228391641    
20160320135516228391753    
20160320135516228392161    
20160320135516228392921    
20160320135516228397041    
20160320135516228395101    
20160320135516228393211    
20160320135516228391742    
20160320135516228391228    
20160320135516228391702    
20160320135516228391711    
20160320135516228391723    
20160320135516228391731    
20160320135516228391941    
20160320135730228391765    
20160320151743227991012    
20160320151743227991032    
20160320151743227991042    
20160320151743227991223    
20160320151743227991261    
20160320151743227991611    
20160320151743227991621    
20160320151743227991641    
20160320151743227991711    
20160320151743227991721    
20160320151743227991741    
20160320151743227991752    
20160320151743227991762    
20160320151743227991771    
20160320151743227991781    
20160320151743227991911    
20160320151743227991922    
20160320151743227991951    
20160320151743227992082    
20160320151743227992921    
20160320151743227997041    
20160320151743227997061    
20160320151743227998271    
20160320151743227998312    
20160320160202343891012    
20160320160202343891041    
20160320160202343891611    
20160320160202343891641    
20160320160202343897041    
20160320160202343891741    
20160320160202343891491    
20160320160202343891701    
20160320160202343891711    
20160320160202343891761    
20160320160202343892921    
20160320161749355291012    
20160320161749355291031    
20160320161749355291043    
20160320161749355291211    
201603201617493552912210   
20160320161749355291341    
20160320161749355291492    
20160320161749355291611    
20160320161749355291641    
20160320161749355291701    
20160320161749355291711    
20160320161749355291721    
20160320161749355291752    
20160320161749355291771    
20160320161749355291781    
20160320161749355291921    
20160320161749355292081    
20160320161749355292921    
20160320161749355297041    
20160320161749355297061    
20160320161749355298271    
20160320161749355298313    
20160320161749355298711    
20160320165111228891011    
20160320165111228891031    
20160320165111228891043    
201603201651112288912210   
20160320165111228891271    
20160320165111228891301    
20160320165111228891341    
20160320165111228891493    
20160320165111228891612    
20160320165111228891621    
20160320165111228891642    
20160320165111228891701    
20160320165111228891711    
20160320165111228891721    
20160320165111228891741    
20160320165111228891752    
20160320165111228891761    
20160320165111228891911    
20160320165111228892211    
20160320165111228892921    
20160320165111228893521    
20160320165111228893591    
20160320165111228897061    
20160320165111228898315    
201603201658542652912210   
20160320165854265291491    
20160320165854265291701    
20160320165854265297061    
20160320182308220591012    
20160320182308220591032    
20160320182308220591043    
20160320182308220591641    
20160320182308220591492    
20160320182308220591781    
20160320182308220591741    
20160320182308220592921    
20160320182308220591621    
20160320185702228191031    
20160320185702228192921    
20160320185702228191711    
20160320185702228191761    
20160320185702228197041    
20160320193407235191011    
20160320193407235191031    
20160320193407235191041    
20160320193407235191227    
20160320193407235191491    
20160320193407235191611    
20160320193407235191621    
20160320193407235191721    
20160320193407235191751    
20160320193407235192081    
20160320193407235198313    
20160320195154126191034    
20160320195154126191048    
201603201951541261912210   
20160320195154126191262    
20160320195154126191271    
20160320195154126191341    
20160320195154126191496    
20160320195154126191614    
20160320195154126191623    
20160320195154126191642    
20160320195154126191702    
20160320195154126191714    
20160320195154126191722    
20160320195154126191732    
20160320195154126191742    
20160320195154126191752    
20160320195154126191761    
20160320195154126191781    
20160320195154126191911    
20160320195154126192923    
20160320195154126193501    
20160320195154126193511    
20160320195154126197061    
20160320195154126198319    
20160320195154126198622    
20160320195154126198711    
20160320195154126199071    
20160320200910336491011    
20160320200910336491032    
20160320200910336491043    
20160320200910336491222    
20160320200910336491251    
20160320200910336491492    
20160320200910336491611    
20160320200910336491711    
20160320200910336491721    
20160320200910336491781    
20160320200910336491921    
20160320200910336491941    
20160320200910336491951    
20160320200910336492921    
20160320200910336493001    
20160320200910336498251    
20160320200910336498261    
20160320200910336498315    
20160320200910336498621    
20160320201258323291011    
20160320201258323291042    
20160320201258323291261    
20160320201258323291711    
20160320201258323291921    
20160320201258323292011    
20160320201258323292081    
20160320201258323292181    
20160320201258323292921    
20160320201258323297041    
20160320204649363591011    
20160320204649363591031    
20160320204649363591043    
20160320204649363591223    
20160320204649363591251    
20160320204649363591301    
20160320204649363591492    
20160320204649363591641    
20160320204649363591701    
20160320204649363591731    
20160320204649363591741    
20160320204649363591751    
20160320204649363591771    
20160320204649363591921    
20160320204649363598271    
20160320204649363598314    
20160320204649363598621    
20160320215720265191031    
20160320215720265191222    
20160320215720265191301    
20160320215720265191611    
20160320215720265191741    
20160320215720265191751    
20160320215720265191951    
20160320231409233491012    
20160320231409233491031    
20160320231409233491041    
20160320231409233491225    
20160320231409233491711    
20160320231409233491751    
20160320231409233491911    
20160320231409233492921    
20160320231409233498311    
20160321000952322091012    
20160321000952322091032    
20160321000952322091041    
20160321000952322091261    
20160321000952322091701    
20160321000952322091711    
20160321000952322091751    
20160321010029125591011    
20160321010029125591031    
20160321010029125591041    
20160321010029125591224    
20160321010029125591491    
20160321010029125591611    
20160321010029125591621    
20160321010029125591711    
20160321010029125591781    
20160321010029125598312    
20160321072307114991011    
20160321072307114991032    
20160321072307114991261    
20160321072307114991622    
20160321072307114991611    
20160321072307114991641    
20160321072307114991761    
20160321072307114991771    
20160321072307114991701    
20160321072307114991741    
20160321072307114991491    
20160321072307114991711    
20160321072307114992221    
20160321075250320491012    
20160321075250320491032    
20160321075250320491043    
20160321075250320491261    
20160321075250320491611    
20160321075250320491621    
20160321075250320491641    
20160321075250320491702    
20160321075250320491711    
20160321075250320491721    
20160321075250320491731    
20160321075250320491751    
20160321075250320491771    
20160321075250320493211    
20160321075250320493431    
20160321075250320497041    
20160321075250320498261    
20160321075629116391013    
20160321075629116391032    
20160321075629116391046    
201603210756291163912215   
20160321075629116391261    
20160321075629116391612    
20160321075629116391621    
20160321075629116391642    
20160321075629116391701    
20160321075629116391713    
20160321075629116391722    
20160321075629116391742    
20160321075629116391752    
20160321075629116391761    
20160321075629116391771    
20160321075629116392161    
20160321075629116392921    
20160321075629116393431    
20160321075629116397041    
20160321075629116398313    
20160321080255362591011    
20160321080255362591041    
20160321080255362591211    
20160321080255362591301    
20160321080255362591491    
20160321080255362591621    
20160321080255362591701    
20160321080255362591711    
20160321080255362591721    
20160321080255362591751    
20160321080255362591761    
20160321080255362591771    
20160321080255362592161    
20160321080255362597041    
20160321080255362598271    
20160321080255362598311    
20160321084257344691013    
20160321084257344691033    
20160321084257344691041    
20160321084257344691222    
20160321084257344691491    
20160321084257344691621    
20160321084257344691641    
20160321084257344691701    
20160321084257344691711    
20160321084257344691721    
20160321084257344691721    
20160321084257344691731    
20160321084257344691741    
20160321084257344692921    
20160321084257344699071    
20160321090130363791011    
20160321090130363791032    
20160321090130363791042    
20160321090130363791701    
20160321090202145491011    
20160321090202145491031    
20160321090202145491042    
20160321090202145491611    
20160321090202145491621    
20160321090202145491721    
20160321090202145491741    
20160321090202145491751    
20160321090202145491921    
20160321090202145492081    
20160321090202145492221    
20160321090437155591014    
20160321090437155591032    
20160321090437155591044    
20160321090437155591264    
20160321090437155591641    
20160321090437155591712    
20160321090437155591724    
20160321090437155591751    
20160321090437155591761    
20160321090437155597041    
20160321092703263391041    
20160321092703263391031    
20160321092703263391701    
20160321092703263391711    
20160321092703263391721    
20160321092703263391641    
20160321092703263391761    
20160321092703263391491    
20160321093458126391011    
20160321093458126391031    
20160321093458126391042    
20160321093458126391222    
20160321093458126391261    
20160321093458126391621    
20160321093458126391641    
20160321093458126391701    
20160321093458126391721    
20160321093458126397041    
20160321093458126399081    
20160321094751155791011    
20160321094751155791031    
20160321094751155791042    
20160321094751155791221    
20160321094751155791491    
20160321094751155791611    
20160321094751155791641    
20160321094751155791702    
20160321094751155791731    
20160321094751155791751    
20160321094751155791761    
20160321094751155792071    
20160321094751155792921    
20160321094751155797061    
20160321094751155798711    
20160321094751155799071    
20160321094825155891012    
20160321094825155891032    
20160321094825155891043    
20160321094825155891261    
20160321094825155891492    
20160321094825155891621    
20160321094825155891641    
20160321094825155891761    
20160321094825155892921    
20160321094825155898251    
20160321094825155898315    
20160321094825155898451    
20160321094825155892081    
20160321094825155891741    
20160321094825155891228    
20160321094825155891711    
20160321094825155891721    
20160321094825155891951    
20160321094825155891941    
20160321095224146691013    
20160321095224146691031    
20160321095224146691044    
201603210952241466912210   
20160321095224146691262    
20160321095224146691301    
20160321095224146691491    
20160321095224146691611    
20160321095224146691621    
20160321095224146691641    
20160321095224146691703    
20160321095224146691712    
20160321095224146691722    
20160321095224146691731    
20160321095224146691741    
20160321095224146691752    
20160321095224146691762    
20160321095224146691921    
20160321095224146692081    
20160321095224146692161    
20160321095224146692921    
20160321095224146697041    
20160321095224146697061    
20160321095224146698261    
20160321095224146698271    
20160321095224146698315    
20160321095224146698452    
20160321095351234891013    
20160321095351234891033    
20160321095351234891044    
20160321095351234891222    
20160321095351234891621    
20160321095351234891641    
20160321095351234891701    
20160321095351234891711    
20160321095351234891731    
20160321095351234891741    
20160321095351234891751    
20160321095351234891761    
20160321095351234891911    
20160321095351234892161    
20160321095351234897041    
20160321095351234898315    
20160321095615324198621    
20160321095615324192081    
20160321095615324191701    
20160321095615324191711    
20160321095615324191732    
20160321095955353791011    
20160321095955353791031    
20160321095955353791042    
20160321095955353791261    
20160321095955353791491    
20160321095955353791611    
20160321095955353791641    
20160321095955353791721    
20160321095955353791911    
20160321095955353792161    
20160321095955353792921    
20160321095955353793211    
20160321095955353793521    
20160321095955353795101    
20160321095955353797041    
20160321095955353798311    
20160321100303225891621    
20160321100303225891701    
20160321100303225891711    
20160321100303225891491    
20160321100303225891042    
20160321100303225891031    
20160321100303225891771    
20160321100303225891223    
20160321100303225897061    
20160321100303225898701    
20160321100303225892221    
20160321100313322591031    
20160321100313322591042    
20160321100313322593591    
20160321100313322592161    
20160321100313322591271    
20160321101119169191013    
20160321101119169191033    
20160321101119169191046    
20160321101119169191261    
20160321101119169191493    
20160321101119169191621    
20160321101119169191641    
20160321101119169191752    
20160321101119169191761    
20160321101119169192011    
20160321101119169192921    
20160321101119169198314    
20160321101119169198624    
20160321101119169191742    
20160321101119169191225    
20160321101119169191701    
20160321101119169191711    
20160321101119169191721    
20160321101119169194131    
20160321101119169194171    
20160321101119169191611    
20160321101624226891011    
20160321101624226891621    
20160321101624226898311    
20160321101624226891041    
20160321101624226891611    
20160321101624226891491    
20160321101624226891651    
20160321101952135991011    
20160321101952135991031    
20160321101952135991041    
20160321101952135991731    
20160321101952135991751    
20160321102150153591015    
20160321102150153591034    
20160321102150153591045    
20160321102150153591211    
201603211021501535912610   
20160321102150153591611    
20160321102150153591621    
20160321102150153591643    
20160321102150153591705    
20160321102150153591713    
20160321102150153591722    
20160321102150153591731    
20160321102150153591741    
20160321102150153591751    
20160321102150153591762    
20160321102150153591772    
20160321102150153591781    
20160321102150153591911    
20160321102150153593211    
20160321102150153597021    
20160321102150153597041    
20160321102150153598311    
20160321102304116991012    
20160321102304116991032    
20160321102304116991043    
20160321102304116991261    
20160321102304116991492    
20160321102304116991621    
20160321102304116991641    
20160321102304116991752    
20160321102304116991761    
20160321102304116991911    
20160321102304116992091    
20160321102304116993001    
20160321102304116993431    
20160321102304116993521    
20160321102304116998318    
20160321102304116999071    
20160321102304116991741    
20160321102304116991711    
20160321102304116991721    
20160321102304116991731    
20160321102304116991941    
20160321102348145691011    
20160321102348145691771    
20160321102348145692921    
20160321102348145691261    
20160321102348145691222    
20160321102404145391011    
20160321102404145391641    
20160321102404145391721    
20160321102404145391711    
20160321102404145391042    
20160321102404145394211    
20160321103604115691013    
20160321103604115691033    
20160321103604115691044    
20160321103604115691701    
20160321103604115691711    
20160321103604115691721    
20160321103604115691731    
20160321103604115691641    
20160321103604115691622    
20160321103604115692921    
20160321103604115691491    
20160321103604115691761    
20160321103604115691751    
20160321103604115691771    
20160321103604115691211    
20160321103754225591016    
20160321103754225591035    
20160321103754225591047    
20160321103754225591266    
20160321103754225591302    
20160321103754225591492    
20160321103754225591622    
20160321103754225591642    
20160321103754225591732    
20160321103754225591764    
20160321103754225591771    
20160321103754225592012    
20160321103754225592491    
20160321103754225592922    
20160321103754225595251    
20160321103754225595261    
20160321103754225598312    
20160321104126334091013    
20160321104126334091031    
20160321104126334091043    
20160321104126334091261    
20160321104126334091751    
20160321104126334092211    
20160321104126334097041    
20160321104126334091711    
20160321104126334091721    
20160321104126334091731    
20160321104133133098261    
20160321104133133098251    
20160321104133133091032    
20160321104133133091751    
20160321104133133091261    
20160321104133133092911    
20160321104133133091493    
20160321104133133091043    
201603211041331330912210   
20160321104133133097061    
20160321104133133091012    
20160321104133133091711    
20160321104133133091701    
20160321104133133091741    
20160321104133133092161    
20160321104133133098312    
20160321104308262691011    
20160321104308262691031    
20160321104308262691042    
20160321104308262691222    
20160321104308262691491    
20160321104308262691621    
20160321104308262691641    
20160321104308262691711    
20160321104308262691741    
20160321104803323591012    
20160321104803323591031    
20160321104803323591043    
20160321104803323591611    
20160321104803323591711    
20160321104803323591491    
20160321104803323591761    
20160321104803323592921    
20160321104803323597042    
20160321104803323591701    
20160321104803323591371    
20160321110417323591621    
