20160518140011137091011    
20160518140011137091031    
20160518140011137091042    
20160518140011137091261    
20160518140011137091491    
20160518140011137092161    
20160518140011137092921    
20160518140011137098312    
20160518140119137091621    
20160518142240173691011    
20160518142240173691031    
20160518142240173691042    
20160518142240173691261    
20160518142240173691561    
20160518142240173691611    
20160518142240173691701    
20160518142240173692072    
20160518142240173692081    
20160518142240173692221    
201605181431143460901010   
20160518143114346091012    
20160518143114346091031    
20160518143114346091043    
20160518143114346091341    
20160518143114346091493    
20160518143114346091611    
20160518143114346091622    
20160518143114346091641    
20160518143114346091701    
20160518143114346091711    
20160518143114346091721    
20160518143114346091741    
20160518143114346091781    
20160518143114346091871    
20160518143114346091911    
20160518143114346091921    
20160518143114346092221    
20160518143114346092491    
20160518143114346092922    
20160518143114346093501    
20160518143114346097061    
20160518143114346098701    
20160518152149346091781    
20160518152223377391761    
20160518152223377391611    
20160518153251213190103    
20160518153251213191011    
20160518153251213191031    
20160518153251213191041    
20160518153251213191491    
20160518153251213191611    
20160518153251213191741    
20160518153251213191751    
20160518153251213197061    
20160518153251213198251    
20160518153251213198271    
20160518153251213199111    
20160518153331262491011    
20160518153331262495261    
20160518153331262491731    
20160518153331262492921    
20160518153331262497041    
20160518153331262491701    
20160518153331262491042    
20160518153331262491031    
20160518153331262490105    
20160518153331262491225    
20160518153331262491261    
20160518153331262491792    
20160518153331262490111    
20160518153331262491491    
20160518153331262491741    
20160518154024176991042    
20160518154024176998621    
20160518155706137891011    
20160518155706137891031    
20160518155706137891042    
20160518155706137891491    
20160518155706137891641    
20160518155706137891751    
20160518155706137891911    
20160518155706137891741    
20160518155706137891721    
20160518155706137891611    
20160518155706137890102    
20160518162213167891031    
20160518162213167891041    
20160518162213167891225    
20160518162213167891611    
20160518162213167891621    
20160518162213167891641    
20160518162213167891721    
20160518162213167891731    
20160518162213167891752    
20160518163042345990103    
20160518163042345991012    
20160518163042345991223    
20160518163042345991261    
20160518163042345991491    
20160518163042345991711    
20160518163042345991741    
20160518163042345991781    
20160518163042345991921    
20160518163042345991941    
20160518163042345993501    
20160518163042345995101    
20160518163042345998271    
20160518163924345999061    
20160518165204140990103    
20160518165204140991011    
20160518165204140991031    
20160518165204140991041    
20160518165204140991711    
20160518165204140995101    
20160518165204140999061    
20160518165329213390103    
20160518165329213391011    
20160518165329213391043    
20160518165329213391161    
201605181653292133912220   
20160518165329213391261    
20160518165329213391493    
20160518165329213391621    
20160518165329213391701    
20160518165329213391712    
20160518165329213391721    
20160518165329213391731    
20160518165329213391741    
20160518165329213391752    
20160518165329213391761    
20160518165329213391771    
20160518165329213391781    
20160518165329213392621    
20160518165329213392921    
20160518165329213393521    
20160518165329213397061    
20160518170002135491011    
20160518170002135491031    
20160518170002135491043    
20160518170002135491492    
20160518170002135491641    
20160518170002135492921    
20160518170002135497041    
20160518170002135495101    
20160518170002135491741    
20160518170002135491225    
20160518170002135497061    
20160518170002135491701    
20160518170002135491711    
20160518170002135490105    
20160518170002135490111    
20160518171030138090105    
20160518171030138090111    
20160518171030138091011    
20160518171030138091031    
20160518171030138091042    
20160518171030138091225    
20160518171030138091493    
20160518171030138091611    
20160518171030138091621    
20160518171030138091741    
20160518171030138093511    
20160518171030138095251    
20160518171030138097041    
20160518171030138097061    
20160518171030138098261    
20160518171030138098271    
20160518171030138098621    
20160518172004378191041    
20160518172004378191492    
20160518172004378191641    
20160518172004378191701    
20160518172004378191711    
20160518172004378191721    
20160518172004378191731    
20160518172004378191761    
20160518172004378191921    
20160518172004378192081    
20160518172004378197041    
20160518172923341290102    
20160518172923341290111    
20160518172923341290121    
20160518172923341291013    
20160518172923341291033    
20160518172923341291044    
20160518172923341291611    
20160518172923341291621    
20160518172923341291641    
20160518172923341291701    
20160518172923341291711    
20160518172923341291721    
20160518172923341291741    
20160518172923341291751    
20160518172923341291771    
20160518172923341291782    
20160518172923341291911    
20160518172923341292162    
20160518172923341292921    
20160518172923341293501    
20160518172923341293511    
20160518172923341297041    
20160518172923341299061    
20160518173904137991011    
20160518173904137991031    
20160518173904137991041    
20160518173904137991261    
20160518173904137991711    
20160518173904137991491    
20160518173904137991751    
20160518173904137997061    
20160518173904137998311    
20160518173904137998271    
20160518173904137992081    
20160518173904137991941    
20160518173904137991721    
20160518175702235690107    
20160518175702235691012    
20160518175702235691031    
20160518175702235691042    
20160518175702235691261    
20160518175702235691493    
20160518175702235691711    
20160518175702235691741    
20160518175702235692621    
20160518175702235692921    
20160518175702235692951    
20160518175702235697041    
20160518175702235697061    
20160518175702235698251    
20160518175702235699081    
20160518192509166791012    
20160518192509166791031    
20160518192509166791042    
20160518192509166791621    
20160518192509166791711    
20160518192509166791721    
20160518192509166791761    
20160518192509166791641    
20160518192509166791741    
20160518192509166791752    
20160518192509166791781    
20160518192509166790103    
20160518192509166790111    
20160518192903151291031    
20160518192903151291702    
20160518192903151291263    
20160518192903151291741    
20160518192903151291041    
20160518192903151291751    
20160518193000151291721    
20160518195757264990102    
20160518195757264991012    
20160518195757264991032    
20160518195757264991044    
20160518195757264991225    
20160518195757264991261    
20160518195757264991301    
20160518195757264991491    
20160518195757264991611    
20160518195757264991621    
20160518195757264991712    
20160518195757264991741    
20160518195757264991751    
20160518195757264991781    
20160518195757264991791    
20160518195757264992911    
20160518195757264993351    
20160518195757264993371    
20160518195757264993521    
20160518195757264997061    
20160518204724378091011    
20160518204724378091031    
20160518204724378091041    
20160518204724378091621    
20160518204901137790104    
20160518204901137791011    
20160518204901137791031    
20160518204901137791042    
20160518204901137791211    
201605182049011377912210   
20160518204901137791491    
20160518204901137791701    
20160518204901137791751    
20160518204901137791941    
20160518204901137793501    
20160518204901137797021    
20160518204901137797041    
20160518204901137798221    
20160518204901137798271    
20160518210205161491011    
20160518210205161491041    
20160518210205161491271    
20160518210538172390111    
20160518210538172391011    
20160518210538172391031    
20160518210538172391042    
20160518210538172397041    
20160518211353172392881    
20160518212243378591011    
20160518212243378591031    
20160518212243378591042    
20160518212243378591261    
20160518212243378591491    
20160518212243378591621    
20160518212243378591641    
20160518212243378591701    
20160518212243378591721    
20160518212243378591911    
20160518212243378592081    
20160518212243378592221    
20160518212243378593501    
20160518212243378598281    
20160518213227126491031    
20160518213227126491041    
20160518213227126491611    
20160518213227126492081    
20160518213227126498311    
20160518213227126491752    
20160518213227126491731    
20160518222545163891012    
20160518222545163891042    
20160518222545163891711    
20160518222545163891731    
20160518222545163891223    
20160518222545163891761    
20160518222545163891771    
20160518222545163891491    
20160518222545163892921    
20160518222630363690105    
20160518222630363691011    
20160518222630363691032    
20160518222630363691042    
20160518222630363691211    
20160518222630363691225    
20160518222630363691261    
20160518222630363691341    
20160518222630363691492    
20160518222630363691611    
20160518222630363691621    
20160518222630363691641    
20160518222630363691701    
20160518222630363691721    
20160518222630363691741    
20160518222630363691753    
20160518222630363691761    
20160518222630363691771    
20160518222630363691781    
20160518222630363691871    
20160518222630363692081    
20160518222630363698271    
20160518222935370491012    
20160518222935370491032    
20160518222935370491043    
20160518222935370491611    
20160518222935370491643    
20160518222935370491761    
20160518222935370491771    
20160518222935370492911    
20160518222935370493431    
20160518222935370498311    
20160518223033163891771    
20160518224813174891012    
20160518224813174891032    
20160518224813174891042    
20160518224813174891701    
20160518224813174891711    
20160518224813174891751    
20160518224813174891771    
20160518224813174897041    
20160518224813174891641    
20160518224813174892911    
20160518232404155991012    
20160518232404155991031    
20160518232404155991043    
20160518232404155991493    
20160518232404155998261    
20160518232404155998711    
20160518232404155991782    
20160518232404155991741    
20160518232404155991731    
20160518232404155990105    
20160518235648312991011    
20160518235648312991031    
20160518235648312991042    
20160518235648312991241    
20160518235648312991261    
20160518235648312991491    
20160518235648312991751    
20160518235648312991761    
20160518235648312992921    
20160518235648312993431    
20160518235648312991741    
201605182356483129912210   
20160518235648312991701    
20160518235648312991711    
20160518235648312991721    
20160518235648312991611    
20160519000043124491013    
20160519000043124491035    
20160519000043124491045    
20160519000043124491621    
20160519000043124491643    
20160519000043124492922    
20160519000043124491781    
20160519000043124491703    
20160519000043124491871    
20160519000043124491611    
20160519000043124491341    
20160519001143227691011    
20160519001143227691031    
20160519001143227691042    
20160519001143227691491    
20160519001143227691611    
20160519001143227691621    
20160519001143227691701    
20160519001143227691721    
20160519001143227691731    
20160519001143227691741    
20160519001143227691761    
20160519001143227692921    
20160519001524372890102    
20160519001524372890111    
20160519001524372891012    
20160519001524372891031    
20160519001524372891043    
20160519001524372891561    
20160519001524372891621    
20160519001524372891641    
20160519001524372891702    
20160519001524372891751    
20160519001524372891761    
20160519001524372891781    
20160519001524372892071    
20160519001524372892281    
20160519005147177191013    
20160519005147177191031    
20160519005147177191043    
20160519005147177191492    
20160519005147177191641    
20160519005147177191753    
20160519005147177192921    
20160519005147177193501    
20160519005147177193591    
20160519005147177197041    
20160519005147177198315    
20160519005147177191781    
20160519005147177191741    
20160519005147177197061    
20160519005147177191611    
20160519015250228591011    
20160519015250228591033    
20160519015250228591044    
20160519015250228591493    
20160519015250228591751    
20160519015250228592091    
20160519015250228592921    
20160519015250228593001    
20160519015250228593351    
20160519015250228593371    
20160519015250228598261    
20160519015250228598621    
20160519015250228599081    
20160519015250228591781    
20160519015250228591741    
20160519015250228591221    
20160519015250228591701    
20160519015250228591711    
20160519015250228591721    
20160519015250228591871    
20160519015250228591951    
20160519015250228591941    
201605190152502285901015   
20160519015250228590111    
20160519015250228590122    
20160519061737170991013    
20160519061737170991031    
20160519061737170991043    
20160519061737170991492    
20160519061737170991611    
20160519061737170991621    
20160519061737170991641    
20160519061737170991701    
20160519061737170991711    
20160519061737170991721    
20160519061737170991741    
20160519061737170991751    
20160519061737170991761    
20160519061737170991771    
20160519061737170997041    
20160519061737170991262    
20160519064544171191012    
20160519064544171191032    
20160519064544171191043    
20160519064544171191491    
20160519064544171191622    
20160519064544171191641    
20160519064544171191751    
20160519064544171191911    
20160519064544171192221    
20160519064544171197041    
20160519064544171191781    
20160519064544171191701    
20160519064544171191721    
20160519072503161091012    
20160519072503161091032    
20160519072503161091044    
20160519072503161091261    
20160519072503161091701    
20160519072503161091761    
20160519072503161091741    
20160519072503161091496    
20160519072503161093431    
20160519072503161091721    
20160519072503161091911    
20160519072503161097041    
20160519072503161091622    
20160519072503161091642    
20160519072503161091612    
20160519072503161091341    
20160519072503161091711    
20160519072503161091951    
20160519072503161091228    
20160519072503161097061    
20160519082639153391641    
20160519083345312291011    
20160519083345312291031    
20160519083345312291621    
20160519083345312291761    
20160519083345312291611    
20160519083345312299061    
20160519085251168390111    
20160519085251168391011    
20160519085251168391031    
20160519085251168391042    
20160519085251168391222    
20160519085251168391261    
20160519085251168391701    
20160519085251168391721    
20160519085251168391731    
20160519085251168391751    
20160519085251168391781    
20160519085251168391791    
20160519085251168391951    
20160519085251168392081    
20160519085251168392921    
20160519085251168393211    
20160519085251168393501    
20160519085251168393521    
20160519085251168397041    
20160519085251168398251    
20160519085251168398261    
20160519085433212291011    
20160519085433212291031    
20160519085433212291042    
20160519085433212291641    
20160519085433212291611    
20160519085433212291752    
20160519085433212298701    
20160519085433212290105    
20160519090735232890111    
20160519090735232891031    
20160519090735232891041    
20160519090735232891621    
20160519090735232891701    
20160519090735232891751    
20160519090735232891761    
20160519090735232891771    
20160519090735232892221    
20160519090735232893371    
20160519091446310991011    
20160519091446310991031    
20160519091446310991041    
20160519091446310991621    
20160519091446310991701    
20160519091446310991741    
20160519091446310991491    
20160519091446310991761    
20160519091446310991161    
20160519091446310997061    
20160519091446310991224    
20160519091446310990111    
20160519091446310990103    
20160519091446310991651    
20160519091446310998711    
20160519091446310998271    
20160519091446310991781    
20160519091919335491013    
20160519091919335491033    
20160519091919335491044    
20160519091919335491261    
20160519091919335491622    
20160519091919335491642    
20160519091919335491762    
20160519091919335491771    
20160519091919335491911    
20160519091919335492921    
20160519091919335493501    
20160519091919335493521    
20160519091919335491701    
20160519091919335491712    
20160519091919335491722    
20160519091919335491731    
20160519091919335492472    
20160519091919335491611    
20160519091917155490101    
20160519091917155491012    
20160519091917155491032    
20160519091917155491043    
20160519091917155491261    
20160519091917155491491    
20160519091917155491611    
20160519091917155491621    
20160519091917155491641    
20160519091917155491711    
20160519091917155491722    
20160519091917155491731    
20160519091917155491911    
20160519091917155491941    
20160519091917155497041    
20160519091951155991261    
20160519092222252091014    
20160519092222252091033    
20160519092222252091044    
20160519092222252091611    
20160519092222252091641    
20160519092222252091622    
20160519092222252093521    
20160519092222252091713    
20160519092222252091261    
20160519092222252091492    
20160519092222252092181    
20160519092222252091741    
20160519092222252091911    
20160519092222252091721    
20160519092222252098314    
20160519092222252091302    
20160519092222252091751    
20160519092222252097191    
20160519093021330391012    
20160519093021330391042    
20160519093021330391032    
20160519093021330397042    
20160519093021330391621    
20160519093021330391611    
201605190930213303912220   
20160519093021330391641    
20160519093021330392211    
20160519093021330392221    
20160519093021330391751    
20160519093021330390111    
20160519093021330390121    
20160519093021330391701    
20160519093021330391711    
20160519093021330391721    
20160519093021330391781    
20160519093021330393371    
20160519093222265291012    
20160519093222265291031    
20160519093222265291042    
201605190932222652912230   
20160519093222265291492    
20160519093222265291611    
20160519093222265291621    
20160519093222265291721    
20160519093222265291741    
20160519093222265291752    
20160519093222265291761    
20160519093222265291771    
20160519093222265291781    
20160519093222265291911    
20160519093222265291942    
20160519093222265291951    
20160519093222265292161    
20160519093222265295251    
20160519093222265295261    
20160519093222265297041    
20160519093222265298231    
20160519093222265298881    
20160519093906171191041    
20160519093949265298271    
20160519094136147090105    
20160519094136147090111    
20160519094136147091011    
20160519094136147091031    
20160519094136147091041    
20160519094136147091261    
20160519094136147091491    
20160519094136147091611    
20160519094136147091741    
20160519094136147091781    
20160519094136147092161    
20160519094136147093211    
20160519094136147093511    
20160519094136147097061    
20160519094136147098261    
20160519094136147099061    
20160519094357360891011    
20160519094357360891031    
20160519094357360891161    
20160519094357360891701    
20160519094357360891721    
20160519094357360891731    
20160519094357360891761    
20160519094357360892162    
20160519094357360892211    
20160519095740173891011    
20160519095740173891031    
20160519095740173891042    
20160519095740173891261    
20160519095740173891701    
20160519095740173891721    
20160519095740173897041    
20160519095740173891761    
20160519095740173898251    
20160519095740173893501    
20160519095740173893511    
20160519095740173892162    
20160519095740173891641    
20160519095956169091011    
20160519095956169091032    
20160519095956169091042    
20160519095956169091711    
20160519095956169091751    
20160519095956169091761    
20160519095956169091771    
20160519095956169091781    
20160519095956169093371    
20160519095956169093511    
20160519095956169098261    
20160519095956169098271    
20160519095956177091011    
20160519095956177091042    
20160519095956177091611    
20160519095956177091621    
20160519095956177091711    
20160519095956177091721    
20160519095956177091741    
20160519095956177091752    
20160519095956177091911    
20160519095956177098621    
20160519100222133991012    
20160519100222133991032    
20160519100222133991042    
20160519100222133991621    
20160519100222133991611    
20160519100222133991261    
20160519100222133991711    
20160519100222133997041    
20160519100222133993371    
20160519100507155491771    
20160519100731137291011    
20160519100731137291031    
20160519100731137291041    
20160519100731137291741    
20160519100729312891011    
20160519100729312891031    
20160519100729312891041    
20160519100729312891261    
20160519100729312891491    
20160519100857132691011    
20160519100857132691031    
20160519100857132691041    
20160519100857132691641    
20160519100857132691751    
20160519100857132692221    
20160519101023375791011    
20160519101023375791031    
20160519101023375791041    
20160519101023375791491    
20160519101023375791761    
20160519101023375793371    
20160519101023375797041    
20160519101023375791222    
20160519101023375791701    
20160519101023375791731    
20160519101023375791611    
20160519101023375790111    
20160519101327242591011    
20160519101327242591042    
20160519101327242591492    
20160519101327242591621    
20160519101327242591641    
20160519101327242591923    
20160519101327242592221    
20160519101327242592082    
20160519101327242591781    
20160519101327242591741    
201605191013272425912212   
20160519101327242591611    
20160519101327242591341    
20160519101327242590102    
20160519101845135191011    
20160519101845135191031    
20160519101845135191042    
20160519101845135191491    
20160519101845135191621    
20160519101845135191731    
20160519101845135191761    
20160519101845135192211    
20160519101845135192221    
20160519102409252090111    
