20160601110515126091011    
20160601110515126091031    
20160601110515126091042    
20160601110515126091641    
20160601110515126091701    
20160601110515126097041    
20160601110515126091235    
20160601110515126091781    
20160601110515126091341    
20160601110515126092152    
20160601110800117891011    
20160601110800117891042    
20160601110800117891032    
20160601110800117891261    
20160601110800117891711    
20160601110800117891621    
20160601110800117892081    
20160601110800117892921    
20160601110800117891641    
20160601110800117891771    
20160601110800117895101    
20160601111318167291031    
20160601111318167291041    
20160601111318167291011    
20160601111318167297041    
20160601111318167291701    
20160601111318167291491    
20160601112203117591011    
20160601112203117591031    
20160601112203117591041    
20160601112203117591491    
20160601112203117591621    
20160601112203117591701    
20160601112203117591721    
20160601112203117591731    
20160601112203117591761    
20160601112203117591771    
20160601112636140990102    
20160601112636140991011    
20160601112636140991032    
20160601112636140991042    
20160601112636140991261    
20160601112636140991611    
20160601112636140991721    
20160601112636140991751    
20160601112636140992221    
20160601112636140998741    
20160601113041146991011    
20160601113041146991031    
20160601113041146991042    
20160601113041146991232    
20160601113041146991712    
20160601113041146991752    
20160601113322351091011    
20160601113322351091031    
20160601113322351091041    
20160601113322351091201    
20160601113322351091491    
20160601113322351091711    
20160601113322351091721    
20160601113322351091741    
20160601113322351091761    
20160601113322351091911    
20160601113322351092011    
20160601113322351093511    
20160601113322351097041    
20160601115109335791011    
20160601115109335791031    
20160601115109335791041    
20160601115109335791731    
20160601115109335791911    
20160601115109335791491    
20160601115109335791621    
20160601115109335791262    
20160601115109335792921    
20160601115109335794101    
20160601115854122991012    
20160601115854122991032    
20160601115854122991043    
20160601115854122991262    
20160601115854122991493    
20160601115854122991611    
20160601115854122991621    
20160601115854122991642    
20160601115854122991702    
20160601115854122991712    
20160601115854122991722    
20160601115854122991731    
20160601115854122991741    
20160601115854122991751    
20160601115854122991761    
20160601115854122991951    
20160601115854122992181    
20160601115854122993431    
20160601115854122997041    
20160601120051162790106    
20160601120051162791013    
20160601120051162791034    
20160601120051162791045    
20160601120051162791235    
20160601120051162791261    
20160601120051162791492    
20160601120051162791611    
20160601120051162791622    
20160601120051162791641    
20160601120051162791701    
20160601120051162791711    
20160601120051162791721    
20160601120051162791741    
20160601120051162791752    
20160601120051162791761    
20160601120051162791941    
20160601120051162792091    
20160601120051162793001    
20160601120051162797041    
20160601120051162797061    
20160601120051162798261    
20160601120051162798271    
20160601133148168691011    
20160601133148168691031    
20160601133148168691041    
20160601133148168691611    
20160601133148168691701    
20160601133148168691711    
20160601133634345591011    
20160601133634345591031    
20160601133634345591042    
20160601133634345591211    
20160601133634345591641    
20160601133634345591611    
20160601133634345591261    
20160601133634345597061    
20160601133634345591781    
20160601133634345598261    
20160601134258137991011    
20160601134258137991031    
20160601134258137991041    
20160601134258137991711    
20160601134258137997041    
20160601134258137991621    
20160601134258137991951    
20160601134258137992081    
20160601134258137991641    
20160601134258137998313    
20160601134456137991741    
20160601134456137993501    
