20160715100450213091011    
20160715100450213091031    
20160715100450213091042    
20160715100450213091621    
20160715100450213091731    
20160715100450213092221    
20160715100450213093501    
20160715100450213095101    
20160715102553115891012    
20160715102553115891031    
20160715102553115891042    
20160715102553115891233    
20160715102553115891261    
20160715102553115891621    
20160715102553115891701    
20160715102553115891711    
20160715102553115891751    
20160715102553115891761    
20160715102553115892161    
20160715102553115897041    
20160715102553115898313    
20160715105338213291042    
20160715105338213291235    
20160715105338213291341    
20160715105338213291491    
20160715105338213291621    
20160715105338213291711    
20160715105338213291771    
20160715105338213295251    
20160715105338213297041    
20160715105338213298312    
20160715105338213299061    
20160715105847263391011    
20160715105847263391031    
20160715105847263391042    
20160715105847263391641    
20160715105847263391761    
20160715105847263391921    
20160715105847263392081    
20160715105847263391702    
20160715105847263391711    
20160715105847263391611    
20160715105847263391234    
20160715110452211491011    
20160715110452211491042    
20160715110452211491641    
20160715110452211491721    
20160715110452211491491    
20160715110452211495261    
20160715110452211497191    
20160715110452211491771    
20160715111604210291031    
20160715111604210291041    
20160715111604210293351    
20160715111859345491011    
20160715111859345491031    
20160715111859345491261    
20160715111859345491611    
20160715111859345491621    
20160715111859345491641    
20160715111859345491701    
20160715111859345491712    
20160715111859345491721    
20160715111859345491751    
20160715111859345491761    
20160715111859345491781    
20160715111859345493501    
20160715111859345493521    
20160715111859345498311    
20160715113625262691011    
20160715113625262691032    
20160715113625262691043    
20160715113625262691235    
20160715113625262691301    
20160715113625262691381    
20160715113625262691491    
20160715113625262691611    
20160715113625262691641    
20160715113625262691701    
20160715113625262691711    
20160715113625262691721    
20160715113625262691731    
20160715113625262691741    
20160715113625262691951    
20160715115308370391031    
20160715115308370391041    
20160715115308370392921    
20160715115308370391721    
20160715115308370391161    
20160715115308370391761    
20160715115308370398251    
20160715115308370398271    
