20170306131602225791012    
20170306131602225791031    
20170306131602225791042    
20170306131602225791261    
20170306131602225791271    
20170306131602225791621    
20170306131602225791641    
20170306131602225791751    
20170306131602225791771    
20170306131602225791911    
20170306131602225792161    
20170306131602225792221    
20170306131602225797041    
20170306131602225798312    
20170306131602225797061    
20170306131602225791731    
20170306131602225791611    
20170306131602225792191    
20170306131602225791531    
20170306131602225791102    
20170306132503235091012    
20170306132503235091031    
20170306132503235091042    
20170306132503235091261    
20170306132503235091491    
20170306132503235091621    
20170306132503235091641    
20170306132503235091771    
20170306132503235092921    
20170306132503235098315    
20170306132503235091701    
20170306132503235091711    
20170306132503235091721    
20170306132503235091731    
20170306132503235091951    
20170306132503235091611    
20170306132503235091284    
20170306132503235091101    
