20161130110405147091011    
20161130110405147091031    
20161130110405147091041    
20161130110405147091282    
20161130110405147091491    
20161130110405147091611    
20161130110405147098261    
20161130110405147098314    
20161130110405147098711    
20161130111736171191013    
20161130111736171191033    
20161130111736171191044    
20161130111736171191261    
20161130111736171191491    
20161130111736171191622    
20161130111736171191641    
20161130111736171191751    
20161130111736171191911    
20161130111736171197041    
20161130111736171198311    
20161130111736171191741    
20161130111736171191701    
20161130111736171191711    
20161130111736171191721    
20161130111736171191612    
20161130111736171191287    
20161130112824125091011    
20161130112824125091031    
20161130112824125091043    
20161130112824125091201    
20161130112824125091271    
201611301128241250912812   
20161130112824125091481    
20161130112824125091491    
20161130112824125091701    
20161130112824125091711    
20161130112824125091721    
20161130112824125091751    
20161130112824125091761    
20161130112824125091771    
20161130112824125091781    
20161130112824125091961    
20161130112824125092921    
20161130112824125098311    
20161130112824125099061    
20161130112918346091011    
20161130112918346091032    
20161130112918346091042    
20161130112918346091261    
20161130112918346091285    
20161130112918346091301    
20161130112918346091341    
20161130112918346091492    
20161130112918346091621    
20161130112918346091711    
20161130112918346091721    
20161130112918346091731    
20161130112918346091801    
20161130112918346091961    
20161130112918346092221    
20161130112918346092951    
20161130112918346097061    
20161130112918346098231    
20161130112918346098312    
20161130112946330391021    
20161130112946330391042    
201611301129463303912810   
20161130112946330391611    
20161130112946330391641    
20161130112946330391741    
20161130112946330397041    
20161130112946330391751    
20161130112946330398313    
20161130112946330391721    
20161130112946330391711    
20161130112946330391961    
20161130112946330391031    
20161130112946330391971    
20161130112946330392191    
20161130113105167291011    
20161130113105167291961    
20161130113105167298311    
20161130113105167291282    
20161130113105167291041    
20161130113105167291761    
20161130113105167291751    
20161130113105167291721    
20161130113105167291911    
20161130113105167291491    
20161130113105167292011    
20161130115538355491011    
20161130115538355491031    
20161130115538355491041    
20161130115538355491641    
201611301155383554983110   
20161130115538355491611    
20161130115538355499061    
20161130115538355491961    
20161130120310355497041    
20161130120310355491285    
20161130120806174491031    
20161130120806174491041    
20161130120806174491261    
20161130120806174491711    
20161130120806174491721    
20161130120806174491961    
20161130122055374591013    
20161130122055374591032    
20161130122055374591044    
20161130122055374591201    
20161130122055374591262    
201611301220553745912820   
20161130122055374591341    
20161130122055374591611    
20161130122055374591621    
20161130122055374591641    
20161130122055374591702    
20161130122055374591712    
20161130122055374591731    
20161130122055374591741    
20161130122055374591751    
20161130122055374591762    
20161130122055374591771    
20161130122055374591911    
20161130122055374591961    
20161130122055374592191    
20161130122055374592922    
20161130122055374593371    
20161130122055374593431    
20161130122055374597042    
20161130122536147291012    
20161130122536147291032    
20161130122536147291042    
20161130122536147291621    
20161130122536147291641    
20161130122536147291751    
20161130122536147292921    
20161130122536147292951    
20161130122536147298311    
20161130122536147297061    
20161130122536147291701    
20161130122536147291711    
20161130122536147291282    
20161130122536147291962    
20161130122536147291971    
20161130130124151291011    
20161130130124151291031    
20161130130124151291701    
20161130130124151291261    
20161130130124151291721    
20161130130124151291282    
20161130130124151291741    
20161130130621151292951    
20161130130802151291701    
20161130131132351091011    
20161130131132351091031    
20161130131132351091041    
20161130131132351091491    
20161130131132351091611    
20161130131132351091641    
20161130131132351091711    
20161130131132351091741    
20161130131132351091752    
20161130131132351092091    
20161130131132351092921    
20161130131132351097041    
