20160708101343378891031    
20160708101343378891041    
20160708101343378891641    
20160708101343378891741    
20160708101343378891781    
20160708101343378891871    
20160708101343378892221    
20160708101343378895251    
20160708101343378895261    
20160708101343378897191    
20160708101343378898311    
20160708102035240891012    
20160708102035240891032    
20160708102035240891042    
20160708102035240891234    
20160708102035240891491    
20160708102035240891611    
20160708102035240891641    
20160708102035240891751    
20160708102035240893501    
20160708102035240898313    
20160708102844265391041    
20160708102844265391237    
20160708102844265391261    
20160708102844265391611    
20160708102844265391701    
20160708102844265391711    
20160708102844265391721    
20160708102844265391731    
20160708102844265391751    
201607081028442653917711   
20160708102844265391781    
20160708102844265391871    
20160708102844265397061    
20160708102844265398314    
20160708103049212591011    
20160708103049212591044    
20160708103049212591032    
20160708103049212591701    
20160708103049212591721    
20160708103049212591731    
20160708103049212591262    
20160708103049212597041    
20160708103049212591762    
20160708103049212591621    
20160708103049212595101    
20160708103049212593351    
20160708103049212593371    
20160708103322345891012    
20160708103322345891031    
20160708103322345891042    
20160708103322345891201    
201607081033223458912315   
20160708103322345891341    
20160708103322345891492    
20160708103322345891641    
20160708103322345891711    
20160708103322345891721    
20160708103322345891741    
20160708103322345891911    
20160708103322345891941    
20160708103322345892921    
20160708103322345897061    
20160708103322345898621    
20160708104002118991012    
20160708104002118991032    
20160708104002118991043    
20160708104002118991261    
20160708104002118991492    
20160708104002118991911    
20160708104002118992921    
20160708104002118993521    
20160708104002118998261    
20160708104002118998272    
201607081040021189983110   
20160708104002118998711    
20160708104002118992081    
20160708104002118991781    
20160708104002118991742    
20160708104002118997062    
20160708104002118991701    
20160708104002118991711    
20160708104002118991722    
20160708104002118991611    
20160708104002118991341    
201607081040021189912320   
20160708104720213291011    
20160708104720213291031    
20160708104720213291042    
20160708104720213291235    
20160708104720213291261    
20160708104720213291493    
20160708104720213291611    
20160708104720213291701    
20160708104720213291741    
20160708104720213295261    
20160708104720213297061    
20160708104720213298261    
20160708104720213298451    
20160708111009345491011    
20160708111009345491031    
20160708111009345491041    
20160708111009345491261    
20160708111009345491491    
20160708111009345491641    
20160708111009345491701    
20160708111009345491711    
20160708111009345491731    
20160708111009345491751    
20160708111009345491771    
20160708111009345492921    
20160708111009345492951    
20160708111107210291011    
20160708111107210291031    
20160708111107210291621    
20160708111107210291641    
20160708111107210293371    
20160708111107210292011    
20160708112040211491011    
20160708112040211491032    
20160708112040211491042    
20160708112040211491701    
20160708112040211491491    
20160708112040211491232    
20160708112040211491781    
20160708112040211493431    
20160708112040211491762    
20160708112040211491771    
20160708112040211491754    
20160708112135262691011    
20160708112135262691032    
20160708112135262691042    
201607081121352626912310   
20160708112135262691261    
20160708112135262691641    
20160708112135262691651    
20160708112135262691702    
20160708112135262691712    
20160708112135262691723    
20160708112135262691781    
20160708112135262691871    
20160708112135262692162    
20160708112135262697041    
20160708112135262697061    
20160708112135262697191    
20160708112135262698312    
20160708113043213091011    
20160708113043213091042    
20160708113043213091641    
20160708113043213091651    
20160708113043213091721    
20160708113043213091911    
20160708113043213092921    
