20160226103050265391011    
20160226103050265391041    
20160226103050265391225    
20160226103050265391611    
20160226103050265391741    
20160226103050265392951    
20160226103050265398315    
20160226103539211491012    
20160226103539211491031    
20160226103539211491701    
20160226103539211491731    
20160226103539211493431    
20160226103539211497041    
20160226103539211491491    
20160226110840210891043    
20160226110840210891013    
20160226110840210891032    
20160226110840210891494    
20160226110840210891621    
20160226110840210891611    
20160226110840210891641    
20160226110840210891761    
20160226110840210891223    
20160226110840210893431    
20160226110840210891701    
20160226111118212591044    
20160226111118212591032    
20160226111118212591641    
20160226111118212591911    
20160226111118212591711    
20160226111118212591721    
20160226111118212591261    
20160226111118212597041    
20160226111118212591491    
20160226111118212591761    
20160226111118212593431    
20160226111118212591161    
20160226114757262591012    
20160226114757262591031    
20160226114757262591042    
20160226114757262591222    
20160226114757262591611    
20160226114757262591621    
20160226114757262591641    
20160226114757262591711    
20160226114757262591721    
20160226114757262591781    
20160226114757262598311    
20160226115030345491012    
20160226115030345491031    
20160226115030345491702    
20160226115030345491712    
20160226115030345491731    
20160226115030345491751    
20160226115030345491781    
20160226115030345492091    
20160226115030345492921    
20160226115030345493371    
