20170203101151212591011    
20170203101151212591043    
20170203101151212591031    
20170203101151212591911    
20170203101151212591711    
20170203101151212597041    
20170203101151212591491    
20170203101151212593431    
20170203101151212591282    
20170203105042360691013    
20170203105042360691033    
20170203105042360691046    
20170203105042360691107    
20170203105042360691262    
201702031050423606912815   
20170203105042360691621    
20170203105042360691641    
20170203105042360691701    
20170203105042360691721    
20170203105042360691731    
20170203105042360691741    
20170203105042360691761    
20170203105042360691781    
20170203105042360691911    
20170203105042360691961    
20170203105042360691971    
20170203105042360692921    
20170203105042360693351    
20170203105042360693371    
20170203105042360697041    
20170203105042360697061    
20170203105042360697081    
20170203105042360698231    
201702031050423606983110   
20170203105042360699131    
20170203105042360699201    
20170203105042360699231    
20170203105559211491011    
20170203105559211491031    
20170203105559211491042    
20170203105559211491702    
20170203105559211491711    
20170203105559211491721    
20170203105559211497041    
20170203105559211491283    
20170203105559211492191    
20170203112208213591016    
20170203112208213591043    
20170203112208213591103    
20170203112208213591145    
20170203112208213591263    
20170203112208213591271    
20170203112208213591286    
20170203112208213591494    
20170203112208213591612    
20170203112208213591622    
20170203112208213591642    
20170203112208213591911    
20170203112208213591922    
20170203112208213591962    
20170203112208213591971    
20170203112208213592191    
20170203112208213597042    
20170203112208213597063    
20170203112208213598181    
20170203112208213598314    
20170203112208213599131    
20170203112208213599201    
20170203112208213599301    
20170203113944378891011    
20170203113944378891031    
20170203113944378891042    
20170203113944378891284    
20170203113944378891711    
20170203113944378891731    
20170203113944378891961    
20170203113944378892921    
20170203113944378898451    
20170203113944378898621    
20170203114644355791031    
20170203114644355791261    
20170203114644355791911    
20170203114644355792221    
20170203114644355791701    
20170203114644355791731    
20170203114644355791281    
20170203114644355791961    
20170203124223324391013    
20170203124223324391032    
20170203124223324391043    
20170203124223324391261    
20170203124223324391491    
20170203124223324391752    
20170203124223324392011    
20170203124223324392921    
20170203124223324393351    
20170203124223324393371    
20170203124223324397041    
20170203124223324391741    
20170203124223324391701    
20170203124223324391711    
20170203124223324391611    
20170203124223324398861    
20170203124223324392561    
20170203124223324391287    
20170203124223324392191    
20170203124223324391962    
20170203124223324391971    
20170203124223324395381    
20170203124223324391102    
