20160222133439118692467    
201602221334391186924910   
20160222133439118694213    
20160222133439118694223    
20160222133439118694233    
20160222133439118698315    
20160222133439118698451    
20160222134440253491012    
20160222134440253491031    
20160222134608253492541    
20160222161050116491012    
20160222161050116491032    
20160222161050116491045    
20160222161050116491211    
20160222161050116491621    
20160222161050116491261    
20160222161050116491711    
20160222161050116491731    
20160222161050116491741    
20160222161050116491491    
20160222161050116497021    
20160222161050116491751    
20160222161050116491922    
20160222161050116492091    
20160222161050116492921    
20160222161050116498314    
20160222161050116498251    
20160222161050116498261    
20160222161200116491271    
20160222163739241391011    
20160222163739241391031    
20160222163739241391042    
20160222163739241391491    
20160222163739241391611    
20160222163739241391642    
20160222163739241391711    
20160222163739241391761    
20160222163739241391771    
20160222163739241392011    
20160222163739241392221    
20160222171015146391012    
20160222171015146391032    
20160222171015146391041    
20160222171015146391641    
20160222171015146392081    
20160222171015146391223    
20160222171015146391721    
20160222171015146391731    
20160222193853263091012    
20160222193853263091032    
20160222193853263091043    
20160222193853263091222    
20160222193853263091261    
20160222193853263091491    
20160222193853263091611    
20160222193853263091621    
20160222193853263091641    
20160222193853263091701    
20160222193853263091711    
20160222193853263091731    
20160222193853263097021    
20160223081523154999111    
20160223081523154991011    
20160223081523154991032    
20160223081523154991641    
20160223081523154991911    
20160223081523154991261    
20160223081523154991492    
20160223081523154993431    
20160223081523154991751    
20160223081523154991761    
20160223090230361491012    
20160223090230361491032    
20160223090230361491041    
20160223090230361491222    
20160223090230361491491    
20160223090230361491611    
20160223090230361491641    
20160223090230361491711    
20160223090230361491721    
20160223090230361491751    
20160223090230361491761    
20160223090230361491771    
20160223090230361492211    
20160223090230361493371    
20160223090230361498261    
20160223090300145491011    
20160223090300145491031    
20160223090300145491041    
20160223090300145491271    
20160223090300145491641    
20160223090300145491711    
20160223090300145491761    
20160223090300145492081    
20160223091509125391011    
20160223091509125391031    
20160223091509125391041    
20160223091509125391211    
20160223091509125391621    
20160223091509125391701    
20160223091509125391741    
20160223091509125391761    
20160223091509125391771    
20160223091509125392921    
20160223093700361191012    
20160223093700361191032    
20160223093700361191043    
20160223093700361191493    
20160223093700361191621    
20160223093700361191641    
20160223093700361192221    
20160223093700361192911    
20160223093700361191741    
201602230937003611912210   
20160223093700361191701    
20160223093700361191711    
20160223093700361191721    
20160223102807361091012    
20160223102807361091031    
20160223102807361091041    
20160223102807361091211    
20160223102807361091401    
20160223102807361091621    
20160223102807361091711    
20160223102807361091761    
20160223102807361091911    
20160223102807361097041    
