20160331110154344891011    
20160331110154344891031    
20160331110154344891041    
20160331110154344891161    
20160331110154344891223    
20160331110154344891261    
20160331110154344891611    
20160331110154344891641    
20160331110154344891701    
20160331110154344891712    
20160331110154344891781    
20160331110154344897041    
20160331110655336591011    
20160331110655336591031    
20160331110655336591042    
20160331110655336591225    
20160331110655336591261    
20160331110655336591491    
20160331110655336591641    
20160331110655336591711    
20160331110655336591731    
20160331110655336591741    
20160331110655336591921    
20160331110655336591951    
20160331110655336598261    
20160331110655336598271    
20160331110655336598314    
20160331112348132691011    
20160331112348132691031    
20160331112348132691041    
20160331112348132691222    
20160331112348132691261    
20160331112348132691701    
20160331112348132691721    
20160331112348132697041    
20160331112348132697061    
20160331113324173091012    
20160331113324173091031    
20160331113324173091041    
20160331113324173097041    
20160331113324173091261    
20160331113324173091611    
20160331113604242491031    
20160331113604242491043    
201603311136042424912215   
20160331113604242491261    
20160331113604242491611    
20160331113604242491701    
20160331113604242491752    
20160331113604242491761    
20160331113604242491781    
20160331113604242491911    
20160331113604242491921    
20160331113604242492011    
20160331113604242492081    
20160331113604242492091    
20160331113604242492211    
20160331113604242492221    
20160331113604242492622    
20160331113604242492921    
20160331113604242493001    
20160331113604242493501    
20160331113604242497061    
20160331113604242498315    
20160331113725136691011    
20160331113725136691032    
20160331113725136691043    
20160331113725136691611    
20160331113725136691641    
20160331113725136691261    
20160331113725136691711    
20160331113725136697041    
20160331113725136691741    
20160331113725136691752    
20160331113725136691761    
20160331113725136691221    
20160331113725136698311    
20160331114859232191011    
20160331114859232191031    
20160331114859232191042    
20160331114859232191491    
20160331114859232191621    
20160331114859232191641    
20160331114859232191751    
20160331114859232191761    
20160331114859232191771    
20160331114859232192161    
20160331114859232192921    
20160331114859232192951    
20160331114859232195251    
20160331114859232197041    
20160331114859232198311    
20160331114859232198711    
20160331114859232191211    
20160331114859232191224    
20160331114859232191702    
20160331114859232191711    
20160331114859232191721    
20160331114859232191731    
20160331114859232191611    
20160331115050377991011    
20160331115050377991031    
20160331115050377991043    
20160331115050377991491    
20160331115050377991621    
20160331115050377991641    
20160331115050377991751    
20160331115050377992921    
20160331115050377998312    
20160331115050377991781    
201603311150503779912215   
20160331115050377997061    
20160331115050377991701    
20160331115050377991711    
20160331115050377991721    
20160331115050377991611    
20160331115050377991341    
20160331115012151291751    
20160331115726262791011    
20160331115726262791031    
20160331115726262791041    
20160331115726262791261    
20160331115726262791641    
20160331115726262792011    
20160331115726262791781    
20160331115726262791222    
20160331115726262791702    
20160331115726262791711    
20160331115726262791721    
20160331115726262791731    
20160331115726262791611    
20160331121232240891012    
20160331121232240891031    
20160331121232240891042    
20160331121232240891223    
20160331121232240891491    
20160331121232240891611    
20160331121232240891641    
20160331121232240891702    
20160331121232240891711    
20160331121232240891721    
20160331121232240891741    
20160331121232240891771    
20160331121232240892911    
20160331121232240893372    
20160331121232240898231    
20160331121232240898314    
20160331121232240899081    
20160331121247345091011    
20160331121247345091031    
20160331121247345091042    
20160331121247345091491    
20160331121247345091701    
20160331121247345091711    
20160331121247345091771    
20160331121247345092081    
20160331121247345092221    
20160331121247345092921    
20160331121247345097041    
20160331121247345097061    
20160331121716361491011    
20160331121716361491031    
20160331121716361491221    
20160331121716361491491    
20160331121716361491701    
20160331121716361491721    
20160331121716361491741    
20160331121716361491751    
20160331121716361491771    
20160331121716361491911    
20160331122347374591013    
20160331122347374591032    
20160331122347374591044    
20160331122347374591211    
20160331122347374591226    
20160331122347374591241    
20160331122347374591261    
20160331122347374591321    
20160331122347374591493    
20160331122347374591621    
20160331122347374591641    
20160331122347374591703    
20160331122347374591712    
20160331122347374591722    
20160331122347374591741    
20160331122347374591751    
20160331122347374591761    
20160331122347374591911    
20160331122347374591951    
20160331122347374593211    
20160331122347374593501    
20160331122347374597042    
20160331122347374597061    
20160331122347374598252    
20160331122347374598262    
20160331122347374598272    
20160331122347374598452    
20160331122347374598711    
20160331122606372891011    
20160331122606372891031    
20160331122606372891041    
20160331122606372891261    
20160331122606372891701    
20160331122606372891711    
20160331122606372891721    
20160331122606372891731    
20160331122606372891911    
20160331122606372893371    
20160331122606372897041    
20160331123135173891011    
20160331123135173891031    
20160331123135173891041    
20160331123135173891611    
20160331123135173891701    
20160331123135173891761    
20160331123135173891161    
20160331123135173891641    
20160331123135173898271    
20160331123135173891951    
20160331123135173897061    
20160331123508378491011    
20160331123508378491041    
20160331123508378491611    
20160331123508378491621    
20160331123508378491761    
20160331123508378492491    
20160331124054264091011    
20160331124054264091041    
20160331124054264091301    
20160331124054264091701    
20160331124054264091711    
20160331124054264093501    
20160331124054264093511    
20160331124054264097041    
20160331130259234791012    
20160331130259234791032    
20160331130259234791042    
20160331130259234791621    
20160331130259234791641    
20160331130259234791732    
20160331130259234791741    
20160331130259234793431    
20160331130259234798315    
20160331130259234799071    
20160331131203175491012    
20160331131203175491032    
20160331131203175491041    
20160331131203175491225    
20160331131203175491492    
20160331131203175491611    
20160331131203175491621    
20160331131203175491641    
20160331131203175491701    
20160331131203175491711    
20160331131203175491721    
20160331131203175491751    
20160331131203175491781    
20160331131203175491791    
20160331131203175492211    
20160331131203175492921    
20160331131203175498271    
20160331131203175498313    
20160331132311232691011    
20160331132311232691031    
20160331132311232691041    
20160331132311232691261    
20160331132311232691711    
20160331132311232691911    
20160331132311232698311    
