20170119111757118891012    
20170119111757118891032    
20170119111757118891043    
20170119111757118891103    
20170119111757118891261    
201701191117571188912810   
20170119111757118891491    
20170119111757118891721    
20170119111757118891731    
20170119111757118891741    
20170119111757118891781    
20170119111757118891921    
20170119111757118891961    
20170119111757118898311    
20170119111757118898711    
20170119112731372891011    
20170119112731372891031    
20170119112731372891101    
20170119112731372891261    
201701191127313728912810   
20170119112731372891491    
20170119112731372891611    
20170119112731372891641    
20170119112731372891701    
20170119112731372891711    
20170119112731372891731    
20170119112731372891751    
20170119112731372891761    
20170119112731372891771    
20170119112731372897041    
20170119112911232191012    
20170119112911232191033    
20170119112911232191043    
20170119112911232191492    
20170119112911232191623    
20170119112911232191641    
20170119112911232191751    
20170119112911232191761    
20170119112911232191772    
20170119112911232192211    
20170119112911232192922    
20170119112911232198313    
20170119112911232198451    
20170119112911232191701    
20170119112911232191711    
20170119112911232191721    
20170119112911232191731    
20170119112911232191611    
20170119112911232191286    
20170119112911232192191    
20170119112911232191961    
20170119112911232191971    
20170119113227117791011    
20170119113227117791031    
20170119113227117791042    
20170119113227117791491    
20170119113227117791611    
20170119113227117791621    
20170119113227117791641    
20170119113227117791711    
20170119113227117791721    
20170119113227117791741    
20170119113227117791961    
20170119113227117792221    
20170119113227117792741    
20170119113227117798312    
20170119113354242591012    
20170119113354242591031    
20170119113354242591044    
20170119113354242591492    
20170119113354242591621    
20170119113354242591921    
20170119113354242592921    
20170119113354242598312    
20170119113354242591781    
20170119113354242591741    
20170119113354242591701    
20170119113354242591711    
20170119113354242591721    
20170119113354242591341    
201701191133542425912810   
20170119113354242591962    
20170119113354242591101    
20170119113455324391012    
20170119113455324391033    
20170119113455324391044    
20170119113455324391261    
20170119113455324391492    
20170119113455324391641    
20170119113455324391753    
20170119113455324392921    
20170119113455324398311    
20170119113455324391741    
20170119113455324397061    
20170119113455324391701    
20170119113455324391711    
20170119113455324391721    
20170119113455324391612    
20170119113455324391283    
20170119113455324392741    
20170119113455324391961    
20170119113554175491013    
20170119113554175491033    
20170119113554175491044    
20170119113554175491104    
20170119113554175491262    
201701191135541754912810   
20170119113554175491492    
20170119113554175491611    
20170119113554175491641    
20170119113554175491701    
20170119113554175491711    
20170119113554175491722    
20170119113554175491741    
20170119113554175491751    
20170119113554175491771    
20170119113554175491781    
20170119113554175491911    
20170119113554175491961    
20170119113554175491971    
20170119113554175492191    
20170119113554175492921    
20170119113554175497041    
20170119113554175497061    
20170119113554175498312    
20170119115213234791015    
20170119115213234791035    
20170119115213234791043    
20170119115213234791621    
20170119115213234791702    
20170119115213234791711    
20170119115213234791721    
20170119115213234791732    
20170119115213234791742    
20170119115213234791752    
20170119115213234791761    
20170119115213234791951    
20170119115213234792921    
20170119115213234795101    
20170119115213234798316    
20170119115213234798451    
20170119115714262791013    
20170119115714262791032    
20170119115714262791043    
20170119115714262791261    
20170119115714262791492    
20170119115714262791621    
20170119115714262791641    
20170119115714262791761    
20170119115714262797041    
20170119115714262798311    
20170119115714262791741    
20170119115714262791702    
20170119115714262791712    
20170119115714262791721    
20170119115714262791731    
20170119115714262791611    
20170119115714262791285    
20170119115714262791961    
20170119115714262791101    
20170119120226370392921    
20170119120226370391041    
20170119120226370391031    
20170119120226370391011    
20170119120226370391286    
20170119120226370391752    
20170119120226370391641    
20170119120226370391961    
20170119120226370391701    
20170119120226370391711    
20170119120226370397041    
20170119120226370391621    
20170119120226370391491    
20170119121833212391011    
20170119121833212391031    
20170119121833212391041    
20170119121833212391261    
20170119121833212391702    
20170119121833212391711    
20170119121833212391722    
20170119121833212391761    
20170119121833212393431    
20170119122256378691011    
20170119122256378691041    
20170119122256378691911    
20170119125956118791014    
20170119125956118791033    
20170119125956118791046    
20170119125956118791262    
20170119125956118791491    
20170119125956118791621    
20170119125956118791641    
20170119125956118791751    
20170119125956118791763    
20170119125956118791771    
20170119125956118791911    
20170119125956118791921    
20170119125956118792011    
20170119125956118792921    
20170119125956118793351    
20170119125956118797041    
20170119125956118798314    
20170119125956118791741    
20170119125956118797061    
20170119125956118791702    
20170119125956118791712    
20170119125956118791721    
20170119125956118791611    
201701191259561187912817   
20170119125956118791963    
20170119125956118791971    
20170119125956118791801    
20170119125956118791541    
20170119125956118795381    
20170119125956118795391    
20170119125956118791103    
20170119130452234691012    
20170119130452234691032    
20170119130452234691043    
20170119130452234691492    
20170119130452234691621    
20170119130452234691641    
20170119130452234698312    
20170119130452234691701    
20170119130452234691285    
20170119130943324191011    
20170119130943324191031    
20170119130943324191043    
20170119130943324191261    
20170119130943324191492    
20170119130943324191621    
20170119130943324191751    
20170119130943324192011    
20170119130943324192161    
20170119130943324192921    
20170119130943324192951    
20170119130943324193591    
20170119130943324198314    
20170119130943324191781    
20170119130943324191301    
20170119130943324197061    
20170119130943324191721    
20170119130943324191731    
20170119130943324191871    
20170119130943324191951    
201701191309433241912810   
20170119130943324191961    
20170119130943324191971    
20170119131325252192561    
20170119131700115891011    
20170119131700115891032    
20170119131700115891043    
20170119131700115891285    
20170119131700115891491    
20170119131700115891621    
20170119131700115891641    
20170119131700115891701    
20170119131700115891711    
20170119131700115891751    
20170119131700115891781    
20170119131700115891801    
20170119131700115891961    
20170119131700115893501    
20170119131700115893511    
20170119131700115898313    
20170119135304212991011    
20170119135304212991031    
20170119135304212991042    
20170119135304212991621    
20170119135304212991641    
20170119135304212991711    
20170119135304212991721    
20170119135304212991731    
20170119135304212991491    
20170119135304212991751    
20170119135304212991285    
20170119135304212997061    
20170119135304212991341    
20170119135304212998312    
20170119135304212993371    
