20170217132333345491011    
20170217132333345491031    
20170217132333345491041    
20170217132333345491102    
20170217132333345491261    
20170217132333345491611    
20170217132333345491621    
20170217132333345491641    
20170217132333345491702    
20170217132333345491713    
20170217132333345491761    
20170217132333345492011    
20170217132333345492951    
20170217132333345499201    
20170217132546262691012    
20170217132546262691033    
20170217132546262691043    
20170217132546262691101    
20170217132546262691261    
201702171325462626912810   
20170217132546262691491    
20170217132546262691611    
20170217132546262691621    
20170217132546262691641    
20170217132546262691703    
20170217132546262691711    
20170217132546262691721    
20170217132546262691741    
20170217132546262691751    
20170217132546262693371    
20170217132546262697041    
20170217132546262698312    
20170217132546262699201    
20170217132546262699241    
