20160704143204116991012    
20160704143204116991032    
20160704143204116991044    
20160704143204116991261    
20160704143204116991491    
20160704143204116991641    
20160704143204116991751    
20160704143204116992091    
20160704143204116992921    
20160704143204116993001    
20160704143204116993431    
20160704143204116993521    
20160704143204116997041    
201607041432041169983110   
20160704143204116998622    
20160704143204116991782    
20160704143204116991741    
20160704143204116997061    
20160704143204116991701    
20160704143204116991711    
20160704143204116991721    
20160704143204116991731    
20160704143204116991941    
20160704143204116991611    
201607041432041169912310   
