20170328114404228691012    
20170328114404228691031    
20170328114404228691045    
20170328114404228691261    
20170328114404228691285    
20170328114404228691493    
20170328114404228691611    
20170328114404228691621    
20170328114404228691641    
20170328114404228691701    
20170328114404228691741    
20170328114404228691753    
20170328114404228691763    
20170328114404228691771    
20170328114404228691781    
20170328114404228691962    
20170328114404228692921    
20170328114404228697041    
20170328114404228697061    
20170328114404228698315    
20170328114404228699291    
20170328114404228699313    
20170328120934145691261    
20170328120934145691752    
20170328120934145691761    
20170328120934145691921    
20170328120934145692011    
20170328120934145697041    
20170328120934145691701    
20170328120934145691285    
20170328120934145691961    
20170328120934145699201    
20170328120934145699231    
20170328120934145699331    
20170328120934145699261    
20170328120935155791491    
