20170209111452262791012    
20170209111452262791031    
20170209111452262791042    
20170209111452262791261    
20170209111452262791492    
20170209111452262791621    
20170209111452262791641    
20170209111452262791771    
20170209111452262791911    
20170209111452262792921    
20170209111452262793371    
20170209111452262797041    
20170209111452262798311    
20170209111452262791741    
20170209111452262791702    
20170209111452262791712    
20170209111452262791611    
20170209111452262791285    
20170209111452262792191    
20170209111452262791961    
20170209111452262791971    
20170209112217110591012    
20170209112217110591031    
20170209112217110591043    
20170209112217110591102    
20170209112217110591287    
20170209112217110591611    
20170209112217110591641    
20170209112217110591721    
20170209112217110591741    
20170209112217110591771    
20170209112217110591961    
20170209112217110592921    
20170209112217110598791    
20170209112859252191011    
20170209112859252191031    
20170209112859252191042    
20170209112859252191261    
20170209112859252191285    
20170209112859252191491    
20170209112859252191612    
20170209112859252191711    
20170209112859252191721    
20170209112859252191731    
20170209112859252191761    
20170209112859252192741    
20170209112859252192921    
20170209112859252193371    
20170209112859252197061    
20170209112859252198311    
20170209113505213091011    
20170209113505213091031    
20170209113505213091042    
20170209113505213091621    
20170209113505213091641    
20170209113505213091731    
20170209113505213091751    
20170209113505213092221    
20170209113505213097041    
20170209113848234691012    
20170209113848234691031    
20170209113848234691042    
20170209113848234691621    
20170209113848234691641    
20170209113848234691751    
20170209113848234697041    
20170209113848234697061    
20170209113848234691701    
20170209113848234691611    
20170209113848234691285    
20170209114354377991013    
20170209114354377991032    
20170209114354377991044    
20170209114354377991261    
20170209114354377991491    
20170209114354377991621    
20170209114354377991641    
20170209114354377992921    
20170209114354377997041    
20170209114354377998311    
20170209114354377997061    
20170209114354377991701    
20170209114354377991951    
20170209114354377991611    
20170209114354377991341    
201702091143543779912810   
20170209114354377991961    
20170209114354377991101    
20170209115656173091012    
20170209115656173091041    
20170209115656173091621    
20170209115656173091721    
20170209115656173091701    
20170209115656173091641    
20170209115746213291011    
20170209115746213291031    
20170209115746213291041    
20170209115746213291491    
20170209115746213291611    
20170209115746213291701    
20170209115746213291721    
20170209115746213291731    
20170209115746213291961    
20170209115746213292162    
20170209115746213298312    
20170209115931174691031    
20170209115931174691041    
20170209115931174691621    
20170209115931174698313    
20170209115931174698781    
20170209115931174698791    
20170209115931174692501    
20170209115931174691285    
20170209120021234291013    
20170209120021234291032    
20170209120021234291043    
20170209120021234291641    
20170209120021234291701    
20170209120021234291951    
20170209120021234298315    
20170209121118253791011    
20170209121118253791491    
20170209121118253791621    
20170209121118253791701    
20170209121118253791721    
20170209121118253791751    
20170209121501264993501    
20170209121907110591491    
20170209125209372891011    
20170209125209372891031    
20170209125209372891041    
20170209125209372891491    
20170209125209372891641    
20170209125209372891961    
20170209125209372892161    
20170209125209372892921    
20170209131354117591031    
20170209131354117591041    
20170209131354117591491    
20170209131354117591701    
20170209131354117591761    
20170209133203264091011    
20170209133203264091261    
20170209133203264091491    
20170209133203264091621    
20170209133203264091701    
20170209133203264091711    
20170209133203264091721    
20170209133751253991012    
20170209133751253991031    
20170209133751253991043    
20170209133751253991106    
20170209133751253991285    
20170209133751253991611    
20170209133751253991623    
20170209133751253991701    
20170209133751253991741    
20170209133751253991752    
20170209133751253991762    
20170209133751253991951    
20170209133751253992192    
20170209133751253997041    
20170209133751253998161    
20170209133751253998313    
20170209133902210991011    
20170209133902210991261    
20170209133902210991961    
20170209133902210991971    
20170209133902210992921    
20170209133902210997041    
20170209133902210997061    
20170209133902210998311    
20170209140132118791012    
20170209140132118791032    
20170209140132118791043    
20170209140132118791261    
20170209140132118791491    
20170209140132118791621    
20170209140132118791762    
20170209140132118791771    
20170209140132118792921    
20170209140132118797041    
20170209140132118798311    
20170209140132118798451    
20170209140132118791791    
20170209140132118791741    
20170209140132118791711    
20170209140132118791721    
20170209140132118791731    
20170209140132118791611    
20170209140132118791287    
20170209140132118791961    
20170209140132118791971    
20170209140132118791103    
20170209140132118799211    
20170209140132118799331    
20170209140132118799321    
