20161013110437135091013    
20161013110437135091033    
20161013110437135091042    
20161013110437135091261    
20161013110437135091492    
20161013110437135091611    
20161013110437135091621    
20161013110437135091642    
20161013110437135091701    
20161013110437135091711    
20161013110437135091741    
20161013110437135091751    
20161013110437135091761    
20161013110437135091911    
20161013110437135092921    
20161013110730378391012    
20161013110730378391032    
20161013110730378391041    
20161013110730378391621    
20161013110730378391611    
20161013110730378391701    
20161013110730378391711    
20161013110730378391722    
20161013110730378391731    
20161013110730378391911    
20161013110730378391741    
20161013110730378391492    
20161013110730378391762    
20161013110730378391285    
20161013110730378392221    
20161013110730378391261    
20161013113640132691011    
20161013113640132691031    
20161013113640132691041    
20161013113640132691261    
20161013113640132691283    
20161013113640132691611    
20161013113640132691751    
20161013113640132691761    
20161013113640132692921    
20161013113640132697061    
20161013114001213091011    
20161013114001213091032    
20161013114001213091043    
20161013114001213091261    
20161013114001213091491    
20161013114001213091641    
20161013114001213091701    
20161013114001213091732    
20161013114001213091751    
20161013114001213091761    
20161013114001213091911    
20161013114001213092081    
20161013114001213092221    
20161013114001213092921    
20161013114001213093001    
20161013114001213093371    
20161013114001213095101    
20161013114001213095261    
20161013114001213097061    
20161013114352232191012    
20161013114352232191031    
20161013114352232191043    
20161013114352232191271    
20161013114352232191492    
20161013114352232191622    
20161013114352232191641    
20161013114352232191761    
20161013114352232191771    
20161013114352232192951    
20161013114352232197041    
20161013114352232198231    
20161013114352232198315    
20161013114352232191781    
20161013114352232193211    
20161013114352232191741    
20161013114352232191702    
20161013114352232191711    
20161013114352232191721    
20161013114352232191731    
20161013114352232191611    
20161013114352232191287    
20161013114515136691011    
20161013114515136691031    
20161013114515136691041    
20161013114515136691261    
20161013114515136691621    
20161013114515136691751    
20161013114515136691761    
20161013114515136691711    
20161013114515136691611    
20161013120745242491012    
20161013120745242491031    
20161013120745242491042    
20161013120745242491201    
20161013120745242491261    
201610131207452424912810   
20161013120745242491611    
20161013120745242491621    
20161013120745242491641    
20161013120745242491701    
20161013120745242491711    
20161013120745242491721    
20161013120745242491731    
20161013120745242491752    
20161013120745242491761    
20161013120745242491771    
20161013120745242491911    
20161013120745242491921    
20161013120745242497061    
20161013120745242498314    
20161013120745242499061    
20161013120749345891031    
20161013120749345891042    
201610131207493458912812   
20161013120749345891491    
20161013120749345891701    
20161013120749345891721    
20161013120749345892211    
20161013120749345893501    
20161013120749345898261    
20161013120749345898311    
20161013120749345898621    
20161013120749345898711    
20161013120749345898881    
20161013121057234791012    
20161013121057234791032    
20161013121057234791043    
20161013121057234791621    
20161013121057234791731    
20161013121057234792091    
20161013121057234792221    
20161013121057234793001    
20161013121057234793501    
20161013121057234793511    
20161013121057234798314    
20161013123617377991012    
20161013123617377991031    
20161013123617377991044    
20161013123617377991261    
20161013123617377991622    
20161013123617377991641    
20161013123617377991751    
20161013123617377992211    
20161013123617377992221    
20161013123617377992921    
20161013123617377997041    
20161013123617377998221    
20161013123617377998312    
20161013123617377998711    
20161013123617377991741    
20161013123617377991711    
20161013123617377991941    
20161013123617377991341    
201610131236173779912810   
20161013125159212891011    
20161013125159212891041    
201610131251592128912810   
20161013125159212891713    
20161013125159212891722    
20161013125159212891741    
20161013125159212891751    
20161013125159212891761    
20161013125159212891911    
20161013125159212897061    
20161013125451262491011    
20161013125451262491031    
20161013125451262491042    
20161013125451262497041    
20161013125451262491911    
20161013125451262491701    
20161013125451262491711    
20161013125451262491761    
20161013125451262491641    
20161013125451262491611    
20161013125451262497061    
20161013125451262491285    
20161013125451262491491    
20161013125451262498312    
20161013125452253991013    
20161013125452253991032    
201610131254522539910410   
20161013125452253991161    
201610131254522539912820   
20161013125452253991494    
20161013125452253991612    
20161013125452253991622    
20161013125452253991641    
20161013125452253991702    
20161013125452253991712    
20161013125452253991722    
20161013125452253991732    
20161013125452253991742    
20161013125452253991752    
20161013125452253991761    
20161013125452253991771    
20161013125452253991781    
20161013125452253991921    
20161013125452253992482    
20161013125452253992921    
20161013125452253994291    
20161013125452253998317    
20161013125452253999132    
20161013130701262791012    
20161013130701262791032    
20161013130701262791042    
20161013130701262791492    
20161013130701262791771    
20161013130701262791911    
20161013130701262798271    
20161013130701262798311    
20161013130701262791741    
20161013130701262791701    
20161013130701262791712    
20161013130701262791611    
20161013130701262791284    
20161013131728173091012    
20161013131728173091032    
20161013131728173091041    
20161013131728173091611    
20161013131728173091621    
20161013131728173091641    
20161013132330213391011    
20161013132330213391031    
20161013132330213391042    
201610131323302133912815   
20161013132330213391492    
20161013132330213391621    
20161013132330213391701    
20161013132330213391711    
20161013132330213391721    
20161013132330213391741    
20161013132330213391751    
20161013132330213391781    
20161013132330213392621    
20161013132330213397061    
20161013132431346291011    
20161013132431346291031    
20161013132431346291042    
20161013132431346291491    
20161013132431346291641    
20161013132431346291752    
20161013132431346291911    
20161013132431346293001    
20161013132431346293511    
20161013132431346291781    
20161013132431346291721    
20161013132431346291611    
20161013132431346291341    
20161013132431346292501    
20161013132431346294231    
20161013132431346291285    
20161013133018372891011    
20161013133018372891031    
20161013133018372891261    
20161013133018372891611    
20161013133018372891641    
20161013133018372891751    
20161013133018372892921    
20161013133018372898312    
