20161116141217171191012    
20161116141217171191032    
20161116141217171191043    
20161116141217171191491    
20161116141217171191622    
20161116141217171191641    
20161116141217171191761    
20161116141217171192951    
20161116141217171191701    
20161116141217171191713    
20161116141217171191721    
20161116141217171191731    
20161116141217171191611    
20161116141217171191287    
20161116141913235691012    
20161116141913235691031    
20161116141913235691042    
20161116141913235691201    
20161116141913235691261    
201611161419132356912810   
20161116141913235691492    
20161116141913235691701    
20161116141913235691741    
20161116141913235691751    
20161116141913235691921    
20161116141913235692091    
20161116141913235693001    
20161116141913235697041    
20161116141913235697061    
20161116141913235698251    
20161116141913235698317    
20161116143800147791011    
20161116143800147791031    
20161116143800147791042    
201611161438001477912810   
20161116143800147791492    
20161116143800147791611    
20161116143800147791621    
20161116143800147791641    
20161116143800147791782    
20161116143800147791921    
20161116143800147792081    
20161116143800147792221    
20161116143800147793591    
20161116143800147797061    
20161116143800147798314    
20161116143800147799131    
20161116150751213191011    
20161116150751213191031    
20161116150751213191042    
20161116150751213191283    
20161116150751213191611    
20161116150751213191701    
20161116150751213191711    
20161116150751213191741    
20161116150751213191751    
20161116150751213192921    
20161116150751213198313    
20161116150751213198451    
20161116152057379291012    
20161116152057379291032    
20161116152057379291044    
20161116152057379291201    
201611161520573792912818   
20161116152057379291341    
20161116152057379291495    
20161116152057379291612    
20161116152057379291621    
20161116152057379291641    
20161116152057379291701    
20161116152057379291711    
20161116152057379291721    
20161116152057379291731    
20161116152057379291742    
20161116152057379291751    
20161116152057379291761    
20161116152057379291922    
20161116152057379291961    
20161116152057379292081    
20161116152057379292091    
20161116152057379292921    
20161116152057379293431    
20161116152057379293501    
20161116152057379293591    
20161116152057379297041    
20161116152057379298231    
20161116152057379298315    
20161116152057379298881    
20161116154037166791011    
20161116154037166791031    
20161116154037166791042    
20161116154037166791261    
20161116154037166797042    
20161116154037166791911    
20161116154037166791721    
20161116154037166791641    
20161116154037166791751    
20161116154037166798312    
20161116154037166791731    
20161116154037166791283    
20161116155741171191712    
20161116160957213391011    
20161116160957213391031    
20161116160957213391043    
20161116160957213391201    
20161116160957213391261    
201611161609572133912815   
20161116160957213391341    
20161116160957213391492    
20161116160957213391611    
20161116160957213391701    
20161116160957213391711    
20161116160957213391741    
20161116160957213391752    
20161116160957213391761    
20161116160957213391961    
20161116160957213392081    
20161116160957213392921    
20161116160957213397041    
20161116160957213397061    
20161116160957213398312    
20161116163025138091011    
20161116163025138091032    
20161116163025138091043    
20161116163025138091261    
20161116163025138091285    
20161116163025138091492    
20161116163025138091611    
20161116163025138091641    
20161116163025138091701    
20161116163025138091731    
20161116163025138091741    
20161116163025138091752    
20161116163025138091761    
20161116163025138091771    
20161116163025138091781    
20161116163025138092221    
20161116163025138092921    
20161116163025138097061    
20161116163025138098251    
20161116163025138098314    
20161116170509140991011    
20161116170509140991031    
20161116170509140991041    
20161116170509140991261    
20161116170509140991284    
20161116170509140991491    
20161116170509140991711    
20161116170509140991721    
20161116170509140993001    
20161116170509140998312    
20161116171419213198231    
20161116175612341291013    
20161116175612341291032    
20161116175612341291044    
20161116175612341291611    
20161116175612341291641    
20161116175612341291701    
20161116175612341291711    
20161116175612341291721    
20161116175612341291741    
20161116175612341291911    
20161116175612341291962    
20161116175612341291971    
20161116175612341292191    
20161116175612341292921    
20161116175612341297041    
20161116175612341298282    
20161116180833362391011    
20161116180833362391031    
20161116180833362391041    
20161116180833362391721    
20161116180833362391741    
20161116181240174491031    
20161116181240174491041    
20161116181240174491261    
20161116181240174491641    
20161116181240174491711    
20161116181240174491731    
20161116181240174491751    
20161116181240174491761    
20161116181240174491781    
20161116181240174491911    
20161116181240174492011    
20161116181240174492161    
20161116181240174492911    
20161116182904378191031    
20161116182904378191041    
20161116182904378191611    
20161116182904378191641    
20161116191456346291012    
20161116191456346291031    
20161116191456346291042    
20161116191456346291491    
20161116191456346291641    
20161116191456346291911    
20161116191456346293371    
20161116191456346293501    
20161116191456346293521    
20161116191456346291791    
20161116191456346291701    
20161116191456346291711    
20161116191456346291721    
20161116191456346291731    
20161116191456346291611    
201611161914563462912810   
20161116191456346291962    
20161116191633169491012    
20161116191633169491031    
20161116191633169491043    
20161116191633169491261    
20161116191633169491741    
20161116191633169491494    
20161116191633169493431    
20161116191633169491752    
20161116191633169491721    
20161116191633169491911    
20161116191633169497041    
20161116191633169491622    
20161116191633169491642    
20161116191633169492921    
20161116191633169491611    
20161116191633169491711    
20161116191633169491285    
20161116191633169497061    
20161116191633169491941    
20161116191633169491963    
20161116191633169491972    
20161116192035370491012    
20161116192035370491033    
20161116192035370491043    
20161116192035370491262    
20161116192035370491741    
20161116192035370491712    
20161116192035370491721    
20161116192035370491611    
20161116193948119091011    
20161116193948119091031    
20161116193948119091042    
20161116193948119091492    
20161116193948119091751    
20161116193948119097041    
20161116193948119091741    
20161116193948119091711    
20161116193948119091721    
20161116193948119091611    
20161116193948119091286    
20161116194657375091011    
20161116194657375091031    
20161116194657375091041    
20161116194657375091611    
20161116194657375091741    
20161116194657375098261    
20161116195109137091011    
20161116195109137091031    
20161116195109137091042    
20161116195109137091491    
20161116195109137093521    
20161116195109137098312    
20161116195109137097061    
20161116195109137091701    
20161116195109137091711    
20161116195109137099061    
20161116195442360891011    
20161116195442360891031    
20161116195442360891041    
20161116195442360891701    
20161116195442360891711    
20161116195442360891731    
20161116195442360892191    
20161116195442360892921    
20161116195442360897041    
20161116201451264091011    
20161116201451264091261    
20161116201451264091282    
20161116201451264091491    
20161116201451264091641    
20161116201451264091701    
20161116201451264091721    
20161116201451264091911    
20161116203440118891011    
20161116203440118891031    
20161116203440118891041    
20161116203440118891261    
20161116203440118891286    
20161116203440118891301    
20161116203440118891341    
20161116203440118891492    
20161116203440118891621    
20161116203440118891701    
20161116203440118891781    
20161116203440118891961    
20161116203440118891971    
20161116203440118892011    
20161116203440118892161    
20161116203440118892191    
20161116203440118892921    
20161116203440118897041    
20161116203440118898271    
20161116204213172391011    
20161116204213172391031    
20161116204213172391042    
20161116204213172391261    
20161116204213172391283    
20161116204213172391491    
20161116204213172391621    
20161116204213172391641    
20161116204213172391711    
20161116204213172391771    
20161116204213172392221    
20161116204218175491013    
20161116204218175491033    
20161116204218175491045    
20161116204218175491261    
201611162042181754912810   
20161116204218175491341    
20161116204218175491492    
20161116204218175491611    
20161116204218175491621    
20161116204218175491641    
20161116204218175491702    
20161116204218175491711    
20161116204218175491722    
20161116204218175491741    
20161116204218175491751    
20161116204218175491761    
20161116204218175491771    
20161116204218175491781    
20161116204218175491962    
20161116204218175491971    
20161116204218175492191    
20161116204218175492921    
20161116204218175494212    
20161116204218175497041    
20161116204218175498261    
20161116204218175498271    
20161116204218175498864    
20161116210315170991013    
20161116210315170991033    
20161116210315170991043    
20161116210315170991492    
20161116210315170991622    
20161116210315170991641    
20161116210315170991701    
20161116210315170991712    
20161116210315170991741    
20161116210315170991751    
20161116210315170992911    
20161116210315170997042    
20161116210425153391012    
20161116210425153391031    
20161116210425153391043    
20161116210425153391621    
20161116210425153391641    
20161116210425153391261    
20161116210425153391702    
20161116210425153391711    
20161116210425153391721    
20161116210425153397041    
20161116210425153391491    
20161116210425153391761    
20161116210425153391751    
20161116210425153391286    
20161116210425153399061    
20161116210425153399131    
20161116210425153392951    
20161116210425153398311    
20161116212346118191012    
20161116212346118191031    
20161116212346118191041    
20161116212346118191261    
20161116212346118191491    
20161116212346118191621    
20161116212346118191641    
20161116212346118191752    
20161116212346118191761    
20161116212346118192011    
20161116212346118192921    
20161116212346118193591    
20161116212346118198312    
20161116212346118191701    
20161116212346118191611    
20161116212346118191285    
20161116215816372891011    
20161116215816372891031    
20161116215816372891042    
20161116215816372891761    
20161116215816372898312    
20161116220653138291012    
20161116220653138291032    
20161116220653138291043    
20161116220653138291261    
20161116220653138291493    
20161116220653138291621    
20161116220653138291641    
20161116220653138291751    
20161116220653138291911    
20161116220653138297061    
20161116220653138291701    
20161116220653138291711    
20161116220653138291721    
20161116220653138291731    
20161116220653138291612    
20161116220653138299061    
201611162206531382912815   
20161116221655177291013    
20161116221655177291034    
20161116221655177291045    
20161116221655177291701    
20161116221655177291711    
20161116221655177291721    
20161116221655177291621    
20161116221655177291261    
20161116221655177291751    
20161116221655177291761    
20161116221655177291911    
20161116221655177293352    
20161116221655177291611    
20161116221655177291641    
20161116221655177292911    
20161116222227363491012    
20161116222227363491032    
20161116222227363491044    
20161116222227363491261    
20161116222227363491285    
20161116222227363491492    
20161116222227363491611    
20161116222227363491621    
20161116222227363491641    
20161116222227363491711    
20161116222227363491721    
20161116222227363491731    
20161116222227363491752    
20161116222227363491791    
20161116222227363491961    
20161116222227363492221    
20161116222227363492921    
20161116222227363493211    
20161116222227363493511    
20161116222227363497041    
20161116222227363497061    
20161116222227363498315    
20161116224003137791011    
20161116224003137791031    
20161116224003137791043    
20161116224003137791201    
201611162240031377912820   
20161116224003137791492    
20161116224003137791611    
20161116224003137791701    
20161116224003137791721    
20161116224003137791731    
20161116224003137791751    
20161116224003137791761    
20161116224003137791771    
20161116224003137791911    
20161116224003137792921    
20161116224003137793361    
20161116224003137793381    
20161116224003137797041    
20161116224003137798271    
20161116224003137798312    
20161116224003137799131    
20161116224058163891011    
20161116224058163891041    
20161116224058163891621    
20161116224058163891641    
20161116224058163891261    
20161116224058163891711    
20161116224058163891731    
20161116224058163891491    
20161116224058163891751    
20161116224058163891761    
20161116224058163891771    
20161116224253363591011    
20161116224253363591031    
20161116224253363591042    
20161116224253363591284    
20161116224253363591491    
20161116224253363591701    
20161116224253363591711    
20161116224253363591721    
20161116224253363592211    
20161116224253363592621    
20161116224253363592921    
20161116224253363593521    
20161116224253363598312    
20161116224556135491011    
20161116224556135491032    
20161116224556135491042    
20161116224556135491261    
20161116224556135491621    
20161116224556135491641    
20161116224556135491751    
20161116224556135491761    
20161116224556135491771    
20161116224556135492921    
20161116224556135493371    
20161116224556135493511    
20161116224556135497041    
20161116224556135491741    
20161116224556135491701    
20161116224556135491711    
20161116224556135491731    
20161116224556135491611    
201611162245561354912811   
20161116224608177191013    
20161116224608177191031    
20161116224608177191043    
20161116224608177191147    
20161116224608177191261    
20161116224608177191271    
20161116224608177191493    
20161116224608177191641    
20161116224608177191751    
20161116224608177191761    
20161116224608177192011    
20161116224608177192921    
20161116224608177193501    
20161116224608177193591    
20161116224608177197041    
20161116224608177198271    
20161116224608177198312    
20161116224608177191781    
20161116224608177191711    
20161116224608177191721    
20161116224608177191611    
20161116224608177199061    
20161116225708177192221    
20161117012909252391014    
20161117012909252391032    
20161117012909252391043    
20161117012909252391261    
20161117012909252391271    
20161117012909252391492    
20161117012909252391621    
20161117012909252391642    
20161117012909252391752    
20161117012909252391761    
20161117012909252391771    
20161117012909252392921    
20161117012909252393501    
20161117012909252393511    
20161117012909252397041    
20161117012909252398311    
20161117012909252395101    
20161117012909252391741    
20161117012909252397061    
20161117012909252391721    
20161117012909252391731    
20161117012909252391611    
201611170129092523912810   
20161117012909252391961    
20161117020956229191012    
20161117020956229191031    
20161117020956229191044    
20161117020956229191261    
20161117020956229191494    
20161117020956229191621    
20161117020956229191751    
20161117020956229191911    
20161117020956229191921    
20161117020956229192011    
20161117020956229192221    
20161117020956229192951    
20161117020956229193371    
20161117020956229193521    
20161117020956229198261    
20161117020956229198317    
20161117020956229198622    
20161117020956229198701    
20161117020956229192081    
20161117020956229191781    
20161117020956229191741    
20161117020956229191301    
20161117020956229191701    
20161117020956229191711    
20161117020956229191721    
20161117020956229191871    
20161117020956229191611    
20161117020956229191201    
20161117020956229192431    
201611170209562291912820   
20161117042309117891012    
20161117042309117891032    
20161117042309117891041    
20161117042309117891711    
20161117042309117891721    
20161117042309117892081    
20161117042309117891261    
20161117042309117891281    
20161117042309117891751    
20161117042309117891761    
20161117042309117891621    
20161117042309117893431    
20161117042309117892921    
20161117042309117897041    
20161117061322362591011    
20161117061322362591031    
20161117061322362591211    
20161117061322362591287    
20161117061322362591301    
20161117061322362591491    
20161117061322362591711    
20161117061322362591721    
20161117061322362591771    
20161117061322362591961    
20161117061322362591971    
20161117061322362592161    
20161117061322362592191    
20161117061322362592921    
20161117061322362593484    
20161117061322362598312    
20161117061322362598711    
20161117063444117893001    
20161117063444117893521    
20161117064535242691013    
20161117064535242691041    
20161117064535242691241    
20161117064535242691491    
20161117064535242692921    
20161117064535242698312    
20161117064535242691711    
20161117064535242699121    
20161117064535242691611    
20161117064535242691283    
20161117064535242692191    
20161117064535242691961    
20161117070746241991011    
20161117070746241991031    
20161117070746241991042    
20161117070746241991911    
20161117070746241992921    
20161117070746241998311    
20161117070746241991283    
20161117080454229091031    
20161117080454229091044    
20161117080454229091263    
201611170804542290912814   
20161117080454229091495    
20161117080454229091612    
20161117080454229091621    
20161117080454229091641    
20161117080454229091701    
20161117080454229091711    
20161117080454229091731    
20161117080454229091742    
20161117080454229091753    
20161117080454229091761    
20161117080454229091781    
20161117080454229091911    
20161117080454229091921    
20161117080454229092741    
20161117080454229092922    
20161117080454229093501    
20161117080454229093521    
20161117080454229093591    
20161117080454229097041    
20161117080454229097061    
20161117080454229098317    
20161117080454229098881    
20161117080454229099111    
20161117080827212291012    
20161117080827212291032    
20161117080827212291042    
20161117080827212291611    
20161117080827212291641    
20161117080827212297041    
20161117080827212291751    
20161117080827212291282    
20161117080827212298311    
20161117082756167891011    
20161117082756167891041    
20161117082756167891285    
20161117082756167891641    
20161117082756167891721    
20161117082756167891761    
20161117082756167892921    
20161117085709119191012    
20161117085709119191032    
20161117085709119191044    
20161117085709119191261    
20161117085709119191271    
20161117085709119191492    
20161117085709119191622    
20161117085709119191752    
20161117085709119191921    
20161117085709119192921    
20161117085709119193591    
20161117085709119197041    
20161117085709119198271    
20161117085709119198315    
20161117085709119198881    
20161117085709119192081    
20161117085709119191782    
20161117085709119191741    
20161117085709119191701    
20161117085709119191711    
20161117085709119191731    
20161117085709119191951    
20161117085709119191341    
20161117085709119191201    
201611170857091191912813   
20161117085709119192191    
20161117085709119191961    
20161117085709119191971    
20161117091005114591011    
20161117091005114591031    
20161117091005114591041    
20161117091005114591641    
20161117091005114591701    
20161117091005114591711    
20161117091005114591285    
20161117091005114597061    
20161117091005114592951    
20161117091005114591961    
20161117092429363891013    
20161117092429363891048    
20161117092429363891492    
20161117092429363891622    
20161117092429363891642    
20161117092429363892011    
20161117092429363892211    
20161117092429363893001    
20161117092429363893592    
20161117092429363898314    
20161117092429363897063    
20161117092429363891612    
20161117092429363891201    
20161117092429363891283    
20161117092913124491014    
20161117092913124491034    
20161117092913124491045    
20161117092913124491494    
20161117092913124491621    
20161117092913124491643    
20161117092913124491751    
20161117092913124492922    
20161117092913124497041    
20161117092913124491742    
20161117092913124497063    
20161117092913124491703    
20161117092913124491713    
20161117092913124491723    
20161117092913124491611    
20161117092913124491341    
20161117092913124498411    
20161117093524174391011    
20161117093524174391031    
20161117093524174391041    
20161117093524174391621    
20161117093524174391711    
20161117093921169091012    
20161117093921169091034    
20161117093921169091044    
20161117093921169091285    
20161117093921169091622    
20161117093921169091701    
20161117093921169091711    
20161117093921169091721    
20161117093921169091741    
20161117093921169091761    
20161117093921169092221    
20161117093921169092911    
20161117093921169093431    
20161117093921169097041    
20161117093921169098315    
20161117094435117791011    
20161117094435117791031    
20161117094435117791042    
20161117094435117791261    
20161117094435117791641    
20161117094435117791701    
20161117094435117791711    
20161117094435117791721    
20161117094435117791792    
20161117094435117793001    
20161117094435117798312    
20161117095009375791011    
20161117095009375791031    
20161117095009375791041    
20161117095009375791621    
20161117095009375791641    
20161117095009375793351    
20161117095009375791721    
20161117095009375791731    
20161117095009375791282    
20161117095009375791961    
20161117095019135391012    
20161117095019135391033    
20161117095019135391045    
20161117095019135391261    
20161117095019135391493    
20161117095019135391621    
20161117095019135391641    
20161117095019135391753    
20161117095019135392211    
20161117095019135392921    
20161117095019135397041    
20161117095019135398311    
20161117095019135391741    
20161117095019135391701    
20161117095019135391711    
20161117095019135391721    
20161117095019135391731    
20161117095019135391611    
20161117095019135391201    
201611170950191353912810   
20161117095145124492191    
20161117095503253991012    
20161117095503253991145    
20161117095503253992012    
20161117095503253992593    
20161117095648168391011    
20161117095648168391042    
20161117095648168391141    
20161117095648168391261    
20161117095648168391285    
20161117095648168391301    
20161117095648168391491    
20161117095648168391711    
20161117095648168391752    
20161117095648168391781    
20161117095648168391961    
20161117095648168393521    
20161117095648168397061    
20161117100506363691011    
20161117100506363691031    
20161117100506363691042    
20161117100506363691201    
20161117100506363691261    
20161117100506363691287    
20161117100506363691341    
20161117100506363691492    
20161117100506363691641    
20161117100506363691711    
20161117100506363691741    
20161117100506363691752    
20161117100506363691771    
20161117100506363691911    
20161117100506363691951    
20161117100506363691962    
20161117100506363691971    
20161117100506363693591    
20161117100506363697041    
20161117100506363697061    
20161117100506363698313    
20161117101235234391012    
20161117101235234391031    
20161117101235234391043    
20161117101235234391141    
20161117101235234391261    
20161117101235234391282    
20161117101235234391621    
20161117101235234391641    
20161117101235234391701    
20161117101235234391711    
20161117101235234391731    
20161117101235234391741    
20161117101235234391751    
20161117101235234391761    
20161117101235234391911    
20161117101235234392211    
20161117101235234397041    
20161117101235234398312    
20161117101632135191011    
20161117101632135191031    
20161117101632135191042    
20161117101632135191285    
20161117101632135191491    
20161117101632135191621    
20161117101632135191641    
20161117101632135191701    
20161117101632135191711    
20161117101632135191721    
20161117101632135191752    
20161117101632135191761    
20161117101632135191911    
20161117101632135191921    
20161117101632135197061    
20161117101632135198881    
20161117101830234397061    
20161117102740137291011    
20161117102740137291031    
20161117102740137291043    
20161117102740137291621    
20161117102740137291731    
20161117103155137991011    
20161117103155137991031    
20161117103155137991041    
20161117103155137991491    
20161117103155137991283    
20161117103155137991911    
20161117103155137991261    
20161117103155137991751    
20161117103155137991761    
20161117103155137993431    
20161117103155137997041    
20161117103218252191011    
20161117103218252191031    
20161117103218252191041    
20161117103218252191285    
20161117103218252191491    
20161117103218252191611    
20161117103218252191641    
20161117103218252191721    
20161117103218252191751    
20161117103218252195261    
20161117103218252197061    
20161117103218252198281    
20161117103731177091013    
20161117103731177091033    
20161117103731177091043    
20161117103731177091201    
201611171037311770912810   
20161117103731177091492    
20161117103731177091611    
20161117103731177091621    
20161117103731177091641    
20161117103731177091741    
20161117103731177092921    
20161117103731177097041    
20161117103731177097061    
20161117103731177098312    
20161117103731177098451    
20161117104148335191012    
20161117104148335191032    
20161117104148335191043    
20161117104148335191211    
20161117104148335191611    
20161117104148335191641    
20161117104148335191261    
20161117104148335191701    
20161117104148335191711    
20161117104148335191721    
20161117104148335191911    
20161117104148335197041    
20161117104148335191741    
20161117104148335193211    
20161117104148335191751    
20161117104148335191285    
20161117104148335192011    
20161117104148335192921    
20161117104148335191961    
20161117105151176891011    
20161117105151176891032    
20161117105151176891043    
20161117105151176891261    
20161117105151176891611    
20161117105151176891621    
20161117105151176891641    
20161117105151176891741    
20161117105151176891961    
20161117105151176891971    
20161117105151176892161    
20161117105151176898311    
20161117105223133991011    
20161117105223133991031    
20161117105223133991042    
20161117105223133991701    
20161117105223133991911    
20161117105223133991741    
20161117105223133991621    
20161117105223133993371    
20161117105223133991491    
20161117105223133993431    
20161117105223133991771    
20161117105407133991011    
20161117105627174691012    
20161117105627174691031    
20161117105627174691042    
20161117105627174691492    
20161117105627174691621    
20161117105627174691641    
20161117105627174691761    
20161117105627174697042    
20161117105627174698251    
20161117105627174698271    
20161117105627174691781    
20161117105627174691741    
20161117105627174697061    
20161117105627174691722    
20161117105627174691731    
20161117105627174691611    
20161117105627174691201    
20161117105627174691311    
201611171056271746912810   
20161117105634155491012    
20161117105634155491032    
20161117105634155491043    
20161117105634155491261    
20161117105634155491491    
20161117105634155491611    
20161117105634155491642    
20161117105634155491702    
20161117105634155491711    
20161117105634155491721    
20161117105634155491741    
20161117105634155491751    
20161117105634155492921    
20161117105634155497041    
20161117105634155498311    
