20160919141642146391011    
20160919141642146391031    
20160919141642146391041    
20160919141642146391641    
20160919141642146391911    
20160919141642146392921    
20160919141642146393431    
20160919141642146391741    
20160919141642146391701    
20160919141642146391711    
20160919141642146391721    
20160919141642146391282    
20160919193733363291013    
20160919193733363291032    
20160919193733363291045    
20160919193733363291264    
201609191937333632912820   
20160919193733363291493    
20160919193733363291621    
20160919193733363291641    
20160919193733363291702    
20160919193733363291714    
20160919193733363291722    
20160919193733363291731    
20160919193733363291741    
20160919193733363291752    
20160919193733363291761    
20160919193733363291771    
20160919193733363291781    
20160919193733363291911    
20160919193733363292011    
20160919193733363292211    
20160919193733363292921    
20160919193733363293501    
20160919193733363298313    
20160919203752431391013    
20160919203752431391033    
20160919203752431391045    
20160919203752431391201    
20160919203752431391622    
20160919203752431391611    
20160919203752431391642    
20160919203752431391703    
20160919203752431391721    
20160919203752431391911    
20160919203752431397041    
20160919203752431391492    
20160919203752431391751    
20160919203752431391771    
201609192037524313912816   
20160919203752431392911    
20160919203752431392151    
20160919203752431393371    
20160919203752431392621    
20160919203752431398313    
20160919211931168791011    
20160919211931168791031    
20160919211931168791042    
20160919211931168791261    
201609192119311687912810   
20160919211931168791492    
20160919211931168791711    
20160919211931168791731    
20160919211931168791741    
20160919211931168791781    
20160919211931168793371    
20160919211931168793511    
20160919211931168793521    
20160919211931168797041    
20160919211931168797061    
20160919211931168798251    
20160919211931168798261    
20160919211931168798271    
20160919211931168798313    
20160919211931168798711    
20160919222055263091014    
20160919222055263091034    
20160919222055263091046    
20160919222055263091262    
201609192220552630912810   
20160919222055263091492    
20160919222055263091611    
20160919222055263091622    
20160919222055263091642    
20160919222055263091702    
20160919222055263091711    
20160919222055263091721    
20160919222055263091731    
20160919222055263091741    
20160919222055263091752    
20160919222055263091911    
20160919222055263097041    
20160919222055263097061    
20160919224547147591013    
20160919224547147591033    
20160919224547147591046    
20160919224547147591201    
20160919224547147591241    
20160919224547147591265    
20160919224547147591271    
201609192245471475912815   
20160919224547147591341    
20160919224547147591351    
20160919224547147591495    
20160919224547147591613    
20160919224547147591623    
20160919224547147591642    
20160919224547147591705    
20160919224547147591714    
20160919224547147591723    
20160919224547147591732    
20160919224547147591743    
20160919224547147591754    
20160919224547147591762    
20160919224547147591771    
20160919224547147591781    
20160919224547147591911    
20160919224547147591941    
20160919224547147591951    
20160919224547147592911    
20160919224547147592923    
20160919224547147593502    
20160919224547147593522    
20160919224547147593591    
20160919224547147595261    
20160919224547147597042    
20160919224547147597061    
20160919224547147598253    
20160919224547147598262    
20160919224547147598273    
201609192245471475983115   
20160919224547147598455    
20160919224547147598623    
20160919224547147598712    
20160919224547147598881    
20160919224547147599061    
20160919224547147599131    
20160919232238147891011    
20160919232238147891201    
20160919232238147891285    
20160919232238147891341    
20160919232238147891491    
20160919232238147891641    
20160919232238147891711    
20160919232238147891721    
20160919232238147892921    
20160919232238147897041    
20160919232238147898251    
20160919232238147898261    
20160919232238147898771    
20160920002557125591011    
20160920002557125591032    
20160920002557125591043    
20160920002557125591261    
20160920002557125591285    
20160920002557125591492    
20160920002557125591641    
20160920002557125591741    
20160920002557125591751    
20160920002557125592161    
20160920002557125592211    
20160920002557125592921    
20160920002557125597061    
20160920002557125598314    
20160920005522372891012    
20160920005522372891032    
20160920005522372891041    
20160920005522372891621    
20160920005522372891641    
20160920005522372891701    
20160920005522372891711    
20160920005522372891761    
20160920024105118591012    
20160920024105118591032    
20160920024105118591043    
20160920024105118591261    
20160920024105118591286    
20160920024105118591341    
20160920024105118591492    
20160920024105118591611    
20160920024105118591642    
20160920024105118591701    
20160920024105118591711    
20160920024105118591741    
20160920024105118591911    
20160920024105118592921    
20160920024105118593371    
20160920024105118597191    
20160920024105118599061    
20160920065512123091013    
20160920065512123091032    
20160920065512123091043    
20160920065512123091622    
20160920065512123091642    
20160920065512123091496    
201609200655121230912810   
20160920065512123097061    
20160920065512123091754    
20160920065512123091762    
20160920065512123093431    
20160920065512123092921    
20160920065512123091741    
20160920065512123097041    
20160920065512123091261    
20160920065512123091211    
20160920065512123091701    
20160920065512123091711    
20160920065512123091721    
20160920065512123091731    
20160920065512123091911    
20160920065512123091401    
20160920065627123091312    
20160920081240118391011    
20160920081240118391032    
20160920081240118391043    
20160920081240118391161    
20160920081240118391261    
20160920081240118391621    
20160920081240118391911    
20160920081240118391921    
20160920081240118393521    
20160920081240118393591    
20160920081240118395251    
20160920081240118397041    
20160920081240118398221    
20160920081240118398251    
20160920081240118398261    
20160920081240118398271    
201609200812401183983110   
20160920081240118398621    
20160920081240118395101    
20160920081240118391742    
20160920081240118397061    
20160920081240118391341    
20160920081240118399061    
20160920081240118391287    
20160920081240118392741    
20160920081642115691013    
20160920081642115691033    
20160920081642115691044    
20160920081642115691721    
20160920081642115691711    
20160920081642115691731    
20160920081642115691261    
20160920081642115697041    
20160920081642115691741    
20160920081642115691642    
20160920081642115691622    
20160920081642115691492    
20160920081642115691762    
20160920081642115691751    
201609200816421156912815   
20160920081642115697061    
20160920081642115698261    
20160920081642115691781    
20160920081642115691201    
20160920081642115691211    
20160920081642115698311    
20160920081642115692921    
20160920081642115692221    
20160920081642115691611    
20160920081642115691921    
20160920084111242191012    
20160920084111242191032    
20160920084111242191043    
20160920084111242191261    
20160920084111242191491    
20160920084111242191621    
20160920084111242191752    
20160920084111242191911    
20160920084111242192091    
20160920084111242192921    
20160920084111242193001    
20160920084111242193501    
20160920084111242193511    
20160920084111242193591    
20160920084111242197041    
20160920084111242198262    
20160920084111242198272    
20160920084111242198316    
20160920084111242198711    
20160920084111242191781    
20160920084111242191742    
20160920084111242197061    
20160920084111242191701    
20160920084111242191711    
20160920084111242191721    
20160920084111242191731    
20160920084111242191951    
201609200841112421912810   
20160920085246153591015    
20160920085246153591035    
20160920085246153591046    
20160920085246153591268    
20160920085246153591285    
20160920085246153591341    
20160920085246153591494    
20160920085246153591621    
20160920085246153591644    
20160920085246153591704    
20160920085246153591715    
20160920085246153591724    
20160920085246153591733    
20160920085246153591744    
20160920085246153591752    
20160920085246153591762    
20160920085246153591771    
20160920085246153591781    
20160920085246153591912    
20160920085246153591922    
20160920085246153591951    
20160920085246153592161    
20160920085246153592221    
20160920085246153593431    
20160920085246153597042    
20160920085246153597061    
20160920085246153598261    
20160920085246153598315    
20160920085246153598451    
20160920085246153598711    
20160920085246153599061    
20160920090540116991012    
20160920090540116991031    
20160920090540116991043    
20160920090540116991261    
20160920090540116991491    
20160920090540116991751    
20160920090540116991921    
20160920090540116992921    
20160920090540116993431    
20160920090540116993521    
20160920090540116998231    
201609200905401169983110   
20160920090540116998451    
20160920090540116998622    
20160920090540116997061    
20160920090540116991701    
20160920090540116991711    
20160920090540116991721    
20160920090540116991731    
20160920090540116991941    
20160920091733147691011    
20160920091733147691033    
20160920091733147691041    
201609200917331476912835   
20160920091733147691491    
20160920091733147691621    
20160920091733147691641    
20160920091733147691701    
20160920091733147691711    
20160920091733147691731    
20160920091733147691742    
20160920091733147691771    
20160920091733147691781    
20160920091733147691951    
20160920091733147692921    
20160920091733147692951    
20160920091733147693351    
20160920091733147693591    
20160920091733147697042    
20160920091733147697061    
201609200917331476983110   
20160920093257124591012    
20160920093257124591041    
20160920093257124591285    
20160920093257124591491    
20160920093257124591611    
20160920093257124591641    
20160920093257124591701    
20160920093257124591711    
20160920093257124591751    
20160920093257124591761    
20160920093257124592011    
20160920093257124593501    
20160920093257124593511    
20160920093257124595101    
20160920093858345991011    
20160920093858345991031    
20160920093858345991042    
20160920093858345991261    
20160920093858345991285    
20160920093858345991491    
20160920093858345991761    
20160920093858345991781    
20160920093858345991921    
20160920093858345991941    
20160920093858345992081    
20160920093858345992161    
20160920093858345992921    
20160920093858345993001    
20160920093858345997061    
20160920093858345998251    
20160920093858345998312    
20160920093858345999061    
20160920093858345999131    
20160920094322353591015    
20160920094322353591036    
20160920094322353591046    
20160920094322353591282    
20160920094322353591495    
20160920094322353591611    
20160920094322353591621    
20160920094322353591642    
20160920094322353591701    
20160920094322353591711    
20160920094322353591741    
20160920094322353591751    
20160920094322353591771    
20160920094322353592922    
20160920094322353597041    
20160920095620114091011    
20160920095620114091032    
20160920095620114091042    
20160920095620114091491    
20160920095620114091641    
20160920095620114091751    
20160920095620114091761    
20160920095620114092161    
20160920095620114092921    
20160920095620114098312    
20160920095620114097061    
20160920095620114091721    
20160920095620114091287    
20160920104512346191012    
20160920104512346191032    
20160920104512346191046    
20160920104512346191261    
20160920104512346191271    
20160920104512346191493    
20160920104512346191622    
20160920104512346191641    
20160920104512346191752    
20160920104512346191761    
20160920104512346192921    
20160920104512346193591    
20160920104512346197041    
20160920104512346198271    
20160920104512346198315    
20160920104512346198701    
20160920104512346192082    
20160920104512346191742    
20160920104512346197061    
20160920104512346191951    
20160920104512346191611    
20160920104512346199061    
20160920104512346192592    
20160920104512346199131    
201609201045123461912815   
20160920104909176991012    
20160920104909176991032    
20160920104909176991043    
20160920104909176991201    
20160920104909176991211    
20160920104909176991283    
20160920104909176991301    
20160920104909176991341    
20160920104909176991491    
20160920104909176991621    
20160920104909176991641    
20160920104909176991701    
20160920104909176991731    
20160920104909176991781    
20160920104909176991921    
20160920104909176992161    
20160920104909176992921    
20160920104909176993511    
20160920104909176997041    
20160920104909176997061    
20160920104909176997081    
20160920104909176998271    
20160920104909176998318    
20160920104909176998711    
20160920104909176998941    
201609201101201547910110   
20160920110120154791036    
201609201101201547910415   
201609201101201547912612   
20160920110120154791496    
201609201101201547916210   
20160920110120154791644    
20160920110120154791651    
20160920110120154791754    
20160920110120154791764    
20160920110120154791774    
20160920110120154791911    
20160920110120154792163    
20160920110120154792211    
20160920110120154792221    
20160920110120154792923    
20160920110120154792951    
20160920110120154793433    
20160920110120154793501    
20160920110120154793521    
20160920110120154797041    
20160920110120154797191    
20160920110120154798315    
20160920110120154791781    
20160920110120154791743    
20160920110120154797062    
201609201101201547917016   
201609201101201547917112   
201609201101201547917210   
20160920110120154791737    
20160920110120154791611    
20160920110120154791341    
