20160607111011155391014    
20160607111011155391035    
20160607111011155391043    
20160607111011155391611    
20160607111011155391641    
20160607111011155391711    
20160607111011155391721    
20160607111011155391701    
20160607111011155391731    
20160607111011155391741    
20160607111011155391622    
20160607111011155391492    
20160607111011155391761    
20160607111011155391751    
20160607111011155392921    
20160607111011155397041    
20160607114140372891011    
20160607114140372891031    
20160607114140372891041    
20160607114140372891141    
20160607114140372891641    
20160607114140372891821    
20160607114140372891831    
20160607114140372892071    
20160607114140372893431    
20160607123652155891391    
20160607125748377391041    
20160607125748377392911    
20160607125748377397041    
20160607125748377391231    
20160607131113146391031    
20160607131113146391042    
20160607131113146391761    
20160607131113146397041    
20160607131113146392081    
20160607131113146391781    
20160607131113146391741    
20160607131113146391711    
20160607131113146391234    
20160607153038241291021    
20160607153038241291031    
20160607153038241291041    
20160607153038241291261    
20160607153038241291611    
20160607153038241291641    
20160607153038241291711    
20160607153038241291721    
20160607153038241291731    
20160607153038241291911    
20160607153038241297041    
20160607153038241291741    
20160607153038241291771    
20160607153038241292921    
20160607153555147591012    
20160607153555147591033    
20160607153555147591045    
201606071535551475912315   
20160607153555147591265    
20160607153555147591271    
20160607153555147591342    
20160607153555147591494    
20160607153555147591612    
20160607153555147591622    
20160607153555147591704    
20160607153555147591712    
20160607153555147591722    
20160607153555147591731    
20160607153555147591742    
20160607153555147591752    
20160607153555147591761    
20160607153555147591781    
20160607153555147591792    
20160607153555147591922    
20160607153555147591942    
20160607153555147591951    
20160607153555147592011    
20160607153555147593001    
20160607153555147593501    
20160607153555147593521    
20160607153555147597041    
20160607153555147597061    
20160607153555147598221    
20160607153555147598231    
20160607153555147598251    
20160607153555147598261    
20160607153555147598271    
201606071535551475983114   
20160607153555147598624    
20160607153555147598711    
20160607153555147599061    
20160607160858117190105    
20160607160858117191012    
20160607160858117191033    
20160607160858117191043    
20160607160858117191236    
20160607160858117191261    
20160607160858117191621    
20160607160858117191711    
20160607160858117191721    
20160607160858117191751    
20160607160858117191762    
20160607160858117191911    
20160607160858117191921    
20160607160858117192081    
20160607160858117198282    
20160607163231253491011    
20160607163231253491031    
20160607163231253491041    
20160607163231253491701    
20160607163231253491711    
20160607163231253491721    
20160607163231253491611    
20160607164547253497021    
20160607171617124591012    
20160607171617124591032    
20160607171617124591043    
20160607171617124591161    
20160607171617124591491    
20160607171617124591621    
20160607171617124591641    
20160607171617124591751    
20160607171617124591911    
20160607171617124592161    
20160607171617124592221    
20160607171617124592911    
20160607171617124591211    
20160607171617124591711    
20160607171617124591721    
20160607171617124591871    
20160607171617124591611    
20160607171617124590101    
20160607171617124591237    
20160607183800168691041    
20160607183800168691491    
20160607183800168692221    
20160607183800168692951    
20160607192007125391011    
20160607192007125391031    
20160607192007125391041    
20160607192007125391161    
20160607192007125391233    
20160607192007125391611    
20160607192007125391721    
20160607192007125391751    
20160607192007125392071    
20160607192007125392221    
20160607192007125392542    
20160607192007125393521    
20160607192007125399061    
20160607192247353391012    
20160607192247353391031    
20160607192247353391043    
20160607192247353391491    
20160607192247353391611    
20160607192247353391641    
20160607192247353391701    
20160607192247353391711    
20160607192247353392091    
20160607192247353392921    
20160607192247353397041    
20160607192635336091012    
20160607192635336091031    
20160607192635336091043    
20160607192635336091261    
20160607192635336091621    
20160607192635336091641    
20160607192635336091341    
201606071926353360912310   
20160607192830336097061    
20160607193652145291011    
20160607193652145291031    
20160607193652145291042    
20160607193652145291491    
20160607193652145292081    
20160607193652145291701    
20160607193652145291721    
20160607193652145291611    
20160607194253355390106    
20160607194253355391042    
201606071942533553912310   
20160607194253355391261    
20160607194253355391491    
20160607194253355391621    
20160607194253355391641    
20160607194253355391701    
20160607194253355391711    
20160607194253355391781    
20160607194253355392081    
20160607194253355397061    
20160607194253355398622    
20160607194904175191012    
20160607194904175191032    
20160607194904175191041    
20160607194904175191237    
20160607194904175191261    
20160607194904175191301    
20160607194904175191491    
20160607194904175191611    
20160607194904175191621    
20160607194904175191702    
20160607194904175191712    
20160607194904175191731    
20160607194904175191741    
20160607194904175191762    
20160607194904175192011    
20160607194904175192921    
20160607194904175193431    
20160607194904175195101    
20160607194904175198451    
20160607194904175198621    
20160607200208332191013    
20160607200208332191032    
20160607200208332191042    
20160607200208332192211    
20160607200208332192151    
20160607200208332190101    
20160607200208332190111    
20160607200208332191721    
20160607200208332191711    
20160607200208332191751    
20160607200208332191261    
20160607201436355091011    
20160607201436355091031    
20160607201436355091041    
20160607201436355091261    
20160607201436355091491    
20160607201436355091611    
20160607201436355091641    
20160607201436355091701    
20160607201436355092921    
20160607203151146291011    
20160607203151146291032    
20160607203151146291044    
20160607203151146291233    
20160607203151146291261    
20160607203151146291301    
20160607203151146291491    
20160607203151146291702    
20160607203151146291722    
20160607203151146291731    
20160607203151146291751    
20160607203151146291762    
20160607203151146291781    
20160607203151146291871    
20160607203151146292221    
20160607203151146292921    
20160607203151146297041    
20160607203151146298251    
20160607203151146298261    
20160607203151146298271    
20160607203151146298452    
20160607203151146298701    
20160607203525164491012    
20160607203525164491032    
20160607203525164491041    
20160607203525164491261    
20160607203525164491481    
20160607203525164491492    
20160607203525164491621    
20160607203525164491752    
20160607203525164491762    
20160607203525164491771    
20160607203525164492911    
20160607203525164493431    
20160607203525164497041    
20160607203525164498741    
20160607203525164491702    
20160607203525164491712    
20160607203525164491721    
20160607203525164490101    
20160607203525164491235    
20160607204709118191011    
20160607204709118191031    
20160607204709118191041    
20160607204709118191621    
20160607204709118191641    
20160607204709118191751    
20160607204709118191761    
20160607204709118192161    
20160607204709118192951    
20160607204709118191781    
20160607204709118193211    
20160607204709118191211    
20160607204709118191741    
20160607204709118191711    
20160607204709118191721    
20160607204709118190101    
20160607204709118190111    
20160607204709118191234    
20160607205531154690104    
20160607205531154691011    
20160607205531154691031    
20160607205531154691042    
20160607205531154691236    
20160607205531154691491    
20160607205531154691621    
20160607205531154691641    
20160607205531154691701    
20160607205531154691721    
20160607205531154691921    
20160607205531154691941    
20160607205531154693501    
20160607205531154693591    
20160607205531154697061    
20160607205531154698231    
20160607205531154698621    
20160607205531154699061    
20160607210340228891041    
201606072103402288912310   
20160607210340228891611    
20160607210340228891641    
20160607210340228891701    
20160607210340228891711    
20160607210340228891741    
20160607210340228891911    
20160607210340228891921    
20160607210340228892081    
20160607210340228893591    
20160607210340228897061    
20160607210340228898251    
20160607212909263091011    
20160607212909263091031    
20160607212909263091043    
20160607212909263091237    
20160607212909263091261    
20160607212909263091492    
20160607212909263091621    
20160607212909263091641    
20160607212909263091701    
20160607212909263091711    
20160607212909263091721    
20160607212909263091741    
20160607212909263091752    
20160607212909263091761    
20160607212909263091798    
20160607212909263091911    
20160607212909263092011    
20160607212909263092181    
20160607212909263092671    
20160607212909263092921    
20160607212909263097041    
20160607212909263097061    
20160607213531162991011    
20160607213531162991031    
20160607213531162991041    
20160607213531162991711    
20160607213531162992491    
20160607213606147490102    
20160607213606147491011    
20160607213606147491031    
20160607213606147491237    
20160607213606147491261    
20160607213606147491301    
20160607213606147491611    
20160607213606147491641    
20160607213606147491721    
20160607213606147491771    
20160607213606147492921    
20160607213606147495261    
20160607213606147497041    
20160607213606147498261    
20160607220144377391621    
20160607220655125490101    
20160607220655125491011    
20160607220655125491031    
20160607220655125491042    
20160607220655125491491    
20160607220655125491621    
20160607220655125491711    
20160607220655125491751    
20160607220955125491235    
20160607221307120691011    
20160607221307120691031    
20160607221307120691041    
20160607221307120691611    
20160607221307120691641    
20160607221307120691621    
20160607221307120691771    
20160607221307120691752    
20160607221307120697041    
20160607221307120691711    
20160607221307120691731    
20160607221307120691491    
20160607221307120697061    
20160607221307120698251    
20160607221307120698272    
20160607221307120693371    
20160607221307120691741    
20160607221347154491013    
20160607221347154491031    
20160607221347154491044    
20160607221347154491261    
20160607221347154491493    
20160607221347154491621    
20160607221347154491641    
20160607221347154491751    
20160607221347154491761    
20160607221347154491771    
20160607221347154491911    
20160607221347154492011    
20160607221347154493501    
20160607221347154497042    
20160607221347154498311    
20160607221347154491741    
20160607221347154497061    
20160607221347154491712    
20160607221347154491723    
20160607221347154491612    
201606072213471544912330   
20160607224139363490105    
20160607224139363491013    
20160607224139363491033    
20160607224139363491044    
20160607224139363491236    
20160607224139363491261    
20160607224139363491341    
20160607224139363491492    
20160607224139363491612    
20160607224139363491621    
20160607224139363491641    
20160607224139363491701    
20160607224139363491711    
20160607224139363491721    
20160607224139363491731    
20160607224139363491752    
20160607224139363492161    
20160607224139363492921    
20160607224139363497041    
20160607224139363498261    
20160607224139363498271    
201606072252191692901010   
20160607225219169291011    
20160607225219169291041    
201606072252191692912310   
20160607225219169291491    
20160607225219169297061    
20160607230712370891015    
20160607230712370891032    
20160607230712370891043    
20160607230712370891611    
20160607230712370891621    
20160607230712370891642    
20160607230712370891701    
20160607230712370891721    
20160607230712370891731    
20160607230712370891741    
20160607230712370891751    
20160607230712370891911    
20160607230712370892921    
20160607230712370897041    
20160607230900114490105    
20160607230900114491031    
20160607230900114491041    
20160607230900114491641    
20160607230900114491731    
20160607230900114492921    
20160607232644125590102    
20160607232644125591011    
20160607232644125591031    
20160607232644125591041    
20160607232644125591235    
20160607232644125591261    
20160607232644125591641    
20160607232644125591781    
20160607232644125597061    
20160607232644125598251    
20160607232644125598261    
20160608005012165991011    
20160608005012165991031    
20160608005012165991042    
20160608005012165991491    
20160608005012165991621    
20160608005012165991641    
20160608005012165991761    
20160608005012165991771    
20160608005012165992011    
20160608005012165992221    
20160608005012165991741    
20160608005012165991731    
20160608015326124595101    
20160608065149227991011    
20160608065149227991771    
20160608070142123091012    
20160608070142123091032    
20160608070142123091044    
20160608070142123091621    
20160608070142123091641    
20160608070142123091493    
20160608070142123097061    
20160608070142123091753    
20160608070142123091762    
20160608070142123091771    
20160608070142123093431    
20160608070142123091741    
20160608070142123097041    
20160608070142123091611    
20160608070142123091341    
20160608070142123092541    
20160608070142123091211    
20160608070142123091262    
20160608070142123091701    
20160608070142123091711    
20160608070142123091721    
20160608070142123098621    
20160608071640154991032    
20160608071640154991611    
20160608071640154991911    
20160608071640154991041    
20160608071640154991761    
20160608071640154998315    
20160608071640154991621    
20160608080926142891011    
20160608080926142890121    
20160608080926142891621    
20160608080926142891043    
20160608080926142891262    
20160608080926142892921    
20160608080926142891721    
20160608080926142891711    
20160608080926142891702    
20160608080926142897041    
20160608080926142897061    
20160608080926142891235    
20160608080926142891641    
20160608080926142891382    
20160608080926142891921    
20160608081007355191013    
20160608081007355191032    
20160608081007355191045    
20160608081007355191621    
20160608081007355191641    
20160608081007355191261    
20160608081007355191701    
20160608081007355191711    
20160608081007355191722    
20160608081007355191731    
20160608081007355191911    
20160608081007355197042    
20160608081007355191742    
20160608081007355191494    
20160608081007355191753    
20160608081007355191761    
20160608081007355191771    
20160608081007355197061    
20160608081007355191271    
20160608081007355191341    
20160608081007355192921    
20160608081007355198313    
20160608081007355198251    
20160608081007355198261    
20160608081007355192221    
20160608084805241991011    
20160608084805241991042    
20160608084805241991491    
20160608084805241991641    
20160608084805241991911    
20160608084805241992161    
20160608084805241992921    
20160608084805241997041    
20160608084805241998261    
20160608084805241991741    
20160608084805241991701    
20160608084805241991711    
20160608084805241991731    
20160608084805241991611    
20160608084805241990103    
20160608084805241991234    
20160608085102114591011    
20160608085102114591032    
20160608085102114591041    
20160608085102114591621    
20160608085102114591611    
20160608085102114591641    
20160608085102114591261    
20160608085102114591701    
20160608085102114591711    
20160608085102114591721    
20160608085102114597061    
20160608085102114595101    
20160608085102114591921    
20160608085102114591341    
20160608085102114592165    
20160608085102114598231    
20160608085310125990105    
20160608085310125991015    
20160608085310125991032    
20160608085310125991047    
20160608085310125991492    
20160608085310125991611    
20160608085310125991621    
20160608085310125991641    
20160608085310125991701    
20160608085310125991712    
20160608085310125991723    
20160608085310125991752    
20160608085310125991763    
20160608085310125991781    
20160608085310125991911    
20160608085310125992951    
20160608085310125993341    
20160608085310125993431    
20160608085310125993511    
20160608085310125997041    
20160608085310125997061    
20160608085310125998271    
20160608085310125998621    
20160608085310125999061    
201606080854211145912310   
20160608090529353591012    
20160608090529353591034    
20160608090529353591044    
20160608090529353591494    
20160608090529353591611    
20160608090529353591621    
20160608090529353591642    
20160608090529353591711    
20160608090529353591731    
20160608090529353591741    
20160608090529353591761    
20160608090529353591781    
20160608090529353592922    
20160608090529353597041    
20160608091813162691011    
20160608091813162691031    
20160608091813162691044    
20160608091813162691641    
20160608091813162691611    
20160608091813162691261    
20160608091813162691701    
20160608091813162691711    
20160608091813162691721    
20160608091813162691491    
20160608091813162691771    
20160608091802125090102    
20160608091802125090111    
20160608091802125090121    
20160608091802125091011    
20160608091802125091031    
20160608091802125091042    
20160608091802125091234    
20160608091802125091341    
20160608091802125091491    
20160608091802125091611    
20160608091802125091621    
20160608091802125091711    
20160608091802125091721    
20160608091802125091741    
20160608091802125091751    
20160608091802125091911    
20160608091802125092161    
20160608091802125092221    
20160608091802125092921    
20160608091802125097041    
20160608091802125097061    
20160608091921242391012    
20160608091921242391032    
20160608091921242391044    
20160608091921242391261    
20160608091921242391401    
20160608091921242391494    
20160608091921242391621    
20160608091921242391642    
20160608091921242391754    
20160608091921242391761    
20160608091921242391771    
20160608091921242391911    
20160608091921242391921    
20160608091921242392921    
20160608091921242393501    
20160608091921242398272    
20160608091921242398313    
20160608091921242398621    
20160608091921242391741    
20160608091921242397061    
20160608091921242391702    
20160608091921242391711    
20160608091921242391721    
20160608091921242391731    
20160608091921242391611    
20160608091921242391341    
201606080919212423912315   
20160608092759168490101    
20160608092759168491011    
20160608092759168491041    
20160608092759168491261    
20160608092759168491491    
20160608092759168491701    
20160608092759168491721    
20160608092759168491751    
20160608092759168498312    
20160608092822242391041    
20160608093217228191011    
20160608093217228191041    
20160608093217228191621    
20160608093217228191261    
20160608093217228191721    
20160608093217228190102    
20160608093725167691011    
20160608093725167691031    
20160608093725167691041    
20160608093725167691235    
20160608093725167691621    
20160608093725167691701    
20160608093725167691911    
20160608093729126390101    
20160608093729126391031    
20160608093729126391042    
20160608093729126391261    
20160608093729126391621    
20160608093729126391641    
20160608093729126391741    
20160608093729126391761    
20160608093729126397041    
20160608094142118691921    
20160608094142118692081    
20160608094142118692091    
20160608094142118698315    
20160608094142118698711    
20160608094218353391261    
20160608094218353391621    
20160608094359147191011    
20160608094359147191031    
20160608094359147191043    
20160608094359147191641    
20160608094359147191911    
20160608094359147197041    
20160608094359147191702    
20160608094359147191711    
20160608094359147191731    
20160608094359147190102    
20160608094359147190111    
20160608094607164591013    
20160608094607164591032    
20160608094607164591045    
20160608094607164591702    
20160608094607164591712    
20160608094607164591723    
20160608094607164591731    
20160608094607164591911    
20160608094607164593431    
20160608094607164590105    
20160608094607164591621    
20160608094607164591641    
20160608094607164591611    
20160608094607164591261    
20160608094607164597042    
20160608094607164591741    
20160608094607164591951    
20160608094607164591752    
20160608094607164593501    
20160608095509225891011    
20160608095509225891041    
20160608095509225897041    
20160608095509225891721    
20160608095509225898701    
20160608095509225897061    
20160608095509225891491    
20160608095509225891871    
20160608095509225898251    
20160608095509225891751    
20160608095509225892162    
20160608095509225892221    
20160608095932117290101    
20160608095932117291011    
20160608095932117291032    
20160608095932117291042    
20160608095932117291721    
20160608095932117291761    
20160608100031117891012    
20160608100031117891041    
20160608100031117891034    
20160608100031117891621    
20160608100031117891921    
20160608100031117891741    
20160608100031117892921    
20160608100031117891711    
20160608100031117891611    
20160608100031117891761    
20160608100031117891771    
20160608100031117891261    
20160608101504147390105    
20160608101504147391011    
20160608101504147391031    
20160608101504147391042    
20160608101504147391235    
20160608101504147391491    
20160608101504147391611    
20160608101504147391621    
20160608101504147391641    
20160608101504147391711    
20160608101504147391731    
20160608101504147391751    
20160608101504147391781    
20160608101504147392221    
20160608101504147393591    
20160608101504147397061    
20160608101504147398271    
20160608101504147398881    
20160608102103351091012    
20160608102103351091031    
20160608102103351091261    
20160608102103351091611    
20160608102103351091621    
20160608102103351091641    
20160608102103351091711    
20160608102103351091741    
20160608102103351091752    
20160608102103351091761    
20160608102103351091781    
20160608102158125191011    
20160608102158125191031    
20160608102158125191042    
20160608102158125191711    
20160608102158125191721    
20160608102158125191731    
20160608102158125191911    
20160608102158125197041    
20160608102158125191492    
20160608102158125191235    
20160608102158125191921    
20160608102158125193501    
20160608102158125193511    
20160608102158125198312    
20160608102749147291011    
20160608102749147291041    
20160608102749147291621    
20160608102749147292011    
20160608102749147291711    
20160608102749147291721    
20160608102749147291951    
20160608102749147290102    
20160608102749147291233    
20160608103556126091012    
20160608103556126091031    
20160608103556126091042    
20160608103556126091621    
20160608103556126091611    
20160608103556126091261    
20160608103556126091721    
20160608103556126091711    
20160608103556126091741    
20160608103556126091492    
20160608103556126091761    
20160608103556126091871    
20160608103556126092921    
20160608103556126098312    
20160608103556126091235    
20160608103556126091781    
20160608104319145991014    
20160608104319145991033    
20160608104319145991043    
20160608104319145991492    
20160608104319145991761    
20160608104319145991752    
20160608104319145991641    
20160608104319145991712    
20160608104319145991701    
20160608104319145991621    
20160608104727346191013    
20160608104727346191032    
20160608104727346191046    
20160608104727346191145    
20160608104727346191496    
20160608104727346191642    
20160608104727346191911    
20160608104727346191924    
20160608104727346193341    
20160608104727346197042    
20160608104727346191741    
20160608104727346191701    
20160608104727346191711    
20160608104727346191721    
20160608104727346191731    
20160608104727346191341    
201606081047273461901010   
20160608104727346190121    
201606081047273461912310   
20160608105107122991011    
20160608105107122991031    
20160608105107122991043    
20160608105107122991233    
20160608105107122991261    
20160608105107122991621    
20160608105107122991641    
20160608105107122991701    
20160608105107122991711    
20160608105107122991731    
20160608105107122991781    
20160608105107122991911    
20160608105107122997061    
201606081054031191901012   
20160608105403119191012    
20160608105403119191031    
20160608105403119191042    
20160608105403119191236    
20160608105403119191262    
20160608105403119191342    
20160608105403119191492    
20160608105403119191612    
20160608105403119191621    
20160608105403119191642    
20160608105403119191702    
20160608105403119191711    
20160608105403119191722    
20160608105403119191731    
20160608105403119191742    
20160608105403119191753    
20160608105403119191784    
20160608105403119191911    
20160608105403119191921    
20160608105403119191941    
20160608105403119191951    
20160608105403119192011    
20160608105403119192081    
20160608105403119192211    
20160608105403119192221    
20160608105403119192831    
20160608105403119192911    
20160608105403119192921    
20160608105403119192953    
20160608105403119193202    
20160608105403119193431    
20160608105403119193502    
20160608105403119193522    
20160608105403119193591    
20160608105403119197042    
20160608105403119197061    
20160608105403119198625    
20160608105403119198711    
20160608105403119198785    
20160608105403119199083    
20160608105403119199121    
20160608105403119199501    
20160608105547146991011    
20160608105547146991031    
20160608105547146991041    
20160608105547146991491    
20160608105547146991621    
20160608105547146991641    
20160608105547146991771    
