20160706110620123091201    
20160706110816335791031    
20160706110816335791042    
20160706110816335791261    
20160706110816335798261    
20160706110816335792161    
20160706110816335792921    
20160706111107147391011    
20160706111107147391031    
20160706111107147391042    
20160706111107147391237    
20160706111107147391331    
20160706111107147391491    
20160706111107147391611    
20160706111107147392161    
20160706111107147392631    
20160706111107147392921    
20160706111107147393351    
20160706111107147393371    
20160706111107147398271    
20160706111107147398315    
20160706112402117291031    
20160706112402117291042    
20160706112402117291261    
20160706112402117291621    
20160706112402117291641    
20160706112402117291721    
20160706112402117291731    
20160706112826122991012    
20160706112826122991032    
20160706112826122991043    
20160706112826122991233    
20160706112826122991261    
20160706112826122991492    
20160706112826122991621    
20160706112826122991641    
20160706112826122991702    
20160706112826122991712    
20160706112826122991731    
20160706112826122992921    
20160706113201354591011    
20160706113201354591031    
20160706113201354591042    
20160706113201354591491    
20160706113201354591641    
20160706113201354591752    
20160706113201354591761    
20160706113201354591741    
20160706113201354591711    
20160706113201354591721    
20160706113201354591731    
20160706113348146291031    
20160706113348146291042    
20160706113348146291233    
20160706113348146291261    
20160706113348146291491    
20160706113348146291611    
20160706113348146291701    
20160706113348146291731    
20160706113348146291751    
20160706113348146291761    
20160706115120264991013    
20160706115120264991032    
20160706115120264991043    
20160706115120264991235    
20160706115120264991491    
20160706115120264991621    
20160706115120264991641    
20160706115120264991701    
20160706115120264991711    
20160706115120264991751    
20160706115120264991771    
20160706115120264991781    
20160706115120264992162    
20160706115120264997061    
20160706115336117591011    
20160706115336117591031    
20160706115336117591041    
20160706115336117591701    
20160706115336117591731    
20160706115336117592221    
20160706115336117592921    
20160706115907155191016    
20160706115907155191033    
201607061159071551910412   
201607061159071551912612   
20160706115907155191494    
20160706115907155191626    
20160706115907155191643    
20160706115907155191754    
20160706115907155191764    
20160706115907155191774    
20160706115907155192091    
20160706115907155192923    
20160706115907155192951    
20160706115907155193001    
20160706115907155193433    
20160706115907155193501    
20160706115907155193521    
20160706115907155197041    
20160706115907155191781    
20160706115907155191742    
201607061159071551917012   
201607061159071551917110   
20160706115907155191728    
20160706115907155191735    
20160706115907155194112    
20160706115907155194121    
20160706115907155192494    
20160706115907155191611    
20160706120655167891011    
20160706120655167891031    
20160706120655167891041    
20160706120655167891235    
20160706120655167891611    
20160706121412117891012    
20160706121412117891031    
20160706121412117891041    
20160706121412117892921    
20160706121412117891641    
20160706121412117891701    
20160706121412117891731    
20160706121412117891771    
20160706121412117891761    
20160706121412117891621    
20160706121412117891261    
20160706121511346191012    
20160706121511346191032    
20160706121511346191045    
20160706121511346191262    
20160706121511346191495    
20160706121511346191621    
20160706121511346191641    
20160706121511346191752    
20160706121511346191911    
20160706121511346191921    
20160706121511346192631    
20160706121511346192922    
20160706121511346197041    
20160706121511346198271    
20160706121511346198313    
20160706121511346191742    
20160706121511346197061    
20160706121511346191701    
20160706121511346191721    
20160706121511346191941    
20160706121511346191612    
20160706121511346191341    
20160706121511346191235    
20160706125048335491011    
20160706125048335491031    
20160706125048335491042    
20160706125048335491621    
20160706125048335491641    
20160706125048335491754    
20160706125048335491761    
20160706125048335491771    
20160706125048335491911    
20160706125048335492921    
20160706125048335497041    
20160706125048335491702    
20160706125048335491712    
20160706125048335491722    
20160706125048335491732    
20160706125048335491611    
20160706130106137091041    
20160706132427118891011    
20160706132427118891042    
20160706132427118891235    
20160706132427118891492    
20160706132427118891701    
20160706132427118891741    
20160706132427118891781    
20160706132427118891911    
20160706132427118891941    
20160706132427118892921    
20160706132427118897041    
20160706132427118898312    
