201411040001231475852530   
20141104000123147585281    
20141104000541350785566    
20141104000717504535255    
20141104000717504535265    
20141104000717504585032    
20141104000717504585063    
20141104000717504585071    
20141104000717504587091    
20141104000717504599811    
20141104000717504599873    
20141104000717504599973    
20141104000728352585562    
20141104001023352235251    
20141104001023352236564    
20141104001023352285562    
20141104001023352286111    
20141104001023352286391    
20141104001023352286471    
20141104001023352286691    
20141104001325507235256    
201411040013255072352610   
20141104001325507235711    
20141104001325507235971    
20141104001325507280012    
20141104001325507285032    
20141104001325507285066    
20141104001325507285072    
20141104001325507296771    
20141104001325507296782    
20141104001346357535031    
20141104001346357535063    
20141104001346357536563    
20141104001346357580011    
20141104001346357580261    
20141104001346357586041    
20141104001346357586114    
20141104001346357586211    
20141104001346357586461    
20141104001346357586472    
20141104001346357587291    
20141104001346357588231    
20141104001455272635641    
20141104001455272636252    
20141104001455272636586    
20141104001455272637094    
20141104001455272680373    
20141104001455272686072    
20141104001455272687151    
20141104001455272687681    
20141104001455272692221    
20141104001528220935921    
20141104001528220937293    
20141104001528220987261    
20141104001549351085564    
20141104001929356085562    
20141104002939152335382    
20141104002939152335502    
20141104002939152335511    
20141104002939152335531    
201411040029391523373912   
20141104002939152337751    
20141104002939152337761    
20141104002939152380352    
20141104002939152380362    
20141104002939152385581    
201411040029391523860014   
20141104002939152386041    
20141104002939152386073    
20141104002939152386173    
20141104002939152386191    
20141104002939152387323    
20141104003155144335501    
20141104003155144335531    
20141104003155144335641    
20141104003155144380361    
20141104003155144386002    
20141104003155144386041    
20141104003155144386171    
201411040031551443870410   
20141104003155144387052    
20141104003224352085565    
20141104003509354285562    
20141104003726354135011    
20141104003726354135061    
20141104003726354135251    
20141104003726354136532    
20141104003726354136563    
20141104003726354180261    
20141104003726354185564    
20141104003726354186113    
20141104003726354186461    
20141104003726354198082    
20141104003726354199191    
20141104003726354199832    
20141104003726354199843    
20141104003726354199893    
20141104004035350235013    
20141104004035350235066    
20141104004035350235255    
201411040040353502365620   
20141104004035350237472    
20141104004035350280264    
2014110400403535028556130  
20141104004035350286002    
201411040040353502861110   
20141104004035350286463    
20141104004035350286693    
20141104004035350299026    
20141104004035350299575    
201411040040353502996020   
20141104004035350299764    
20141104004548352435011    
20141104004548352435062    
20141104004548352435251    
20141104004548352436566    
20141104004548352437301    
20141104004548352437341    
20141104004548352437661    
20141104004548352485564    
20141104004548352486001    
20141104004548352486691    
20141104004548352493161    
20141104004548352498091    
20141104004548352499022    
20141104004548352499111    
20141104005020351435061    
20141104005020351436563    
20141104005020351437471    
20141104005020351437662    
20141104005020351485401    
20141104005020351485562    
20141104005020351486115    
20141104005020351486471    
20141104005020351486691    
20141104005020351493162    
20141104005020351496861    
20141104005258148135501    
20141104005258148135512    
20141104005258148137393    
20141104005258148180361    
20141104005258148186004    
20141104005258148186071    
20141104005258148186171    
20141104005258148186191    
20141104005258148187321    
20141104005427351885564    
20141104005455355985562    
20141104005530355635031    
20141104005530355636562    
20141104005530355637661    
20141104005530355685562    
20141104005530355686112    
20141104005530355686691    
20141104005949355885562    
20141104010110154635551    
20141104010110154635561    
20141104010110154637394    
20141104010110154680351    
20141104010110154680363    
20141104010110154685581    
20141104010110154686004    
20141104010110154686521    
20141104010110154686941    
20141104010618274635284    
20141104010618274687441    
20141104010618274687471    
20141104010618274687511    
20141104010618274687581    
20141104010618274687593    
20141104010618274688591    
20141104010618274694561    
20141104010618274694831    
20141104010618274694861    
20141104011155357185562    
20141104011214141735381    
20141104011214141735512    
20141104011214141735531    
20141104011214141735641    
20141104011214141737394    
20141104011214141737761    
20141104011214141737771    
20141104011214141780361    
20141104011214141780381    
20141104011214141786003    
20141104011214141786071    
20141104011214141786172    
20141104011214141786191    
20141104011214141786521    
20141104011214141786621    
20141104011214141786942    
201411040112141417870430   
20141104011214141787053    
20141104011214141787071    
20141104011214141787321    
20141104011214141787341    
20141104011214141788121    
201411040117292743855618   
20141104011729274388191    
20141104011729274388631    
20141104011729274388641    
20141104011729274399023    
201411040117292743995910   
20141104011759352885563    
20141104011813352935011    
20141104011813352935031    
20141104011813352935061    
20141104011813352936564    
20141104011813352937341    
20141104011813352937471    
20141104011813352937661    
20141104011813352980261    
20141104011813352985562    
20141104011813352986112    
20141104011813352986211    
20141104011813352986471    
20141104011813352999895    
20141104012021352998081    
20141104012335120236205    
201411040123351202365512   
20141104012335120280291    
20141104012335120280363    
20141104012444152137731    
20141104012444152185265    
20141104012444152185281    
20141104012444152186002    
20141104012444152186071    
20141104012444152186191    
20141104012444152186731    
20141104012538357736531    
20141104012538357736564    
20141104012538357736581    
20141104012538357737661    
20141104012538357780262    
20141104012538357785071    
20141104012538357786041    
20141104012538357786461    
20141104012538357786691    
20141104013700356435062    
20141104013700356436564    
20141104013700356437301    
20141104013700356437331    
20141104013700356437471    
20141104013700356437661    
20141104013700356480011    
20141104013700356485071    
20141104013700356486471    
20141104013700356486691    
20141104013747353235031    
20141104013747353235061    
20141104013747353237331    
20141104013747353285031    
20141104013747353286472    
20141104013747353287355    
20141104013747353298102    
20141104013747353299215    
201411040137473532995910   
20141104013747353299762    
20141104013904156435501    
20141104013904156435551    
20141104013904156435561    
20141104013904156480361    
20141104013904156486001    
20141104013904156486172    
20141104013904156486192    
20141104013904156486211    
201411040139041564870450   
20141104013908353385561    
20141104014252350685563    
20141104014647354985563    
20141104014931354835062    
20141104014931354835151    
20141104014931354836566    
20141104014931354837301    
20141104014931354880011    
20141104014931354880261    
20141104014931354885562    
20141104014931354886112    
20141104014931354886211    
20141104014931354886461    
20141104014931354886471    
20141104014931354887352    
20141104014931354898101    
20141104014931354899021    
20141104014931354899121    
20141104014931354899761    
20141104014931354899841    
20141104014931354899892    
20141104015056356935061    
20141104015056356936564    
20141104015056356937341    
20141104015056356937471    
20141104015056356937661    
20141104015056356985565    
20141104015056356986113    
20141104015056356986461    
20141104015056356987291    
20141104015056356987352    
20141104015056356999001    
20141104015056356999595    
20141104015056356999831    
20141104015056356999841    
20141104015056356999893    
20141104015125352337661    
20141104015125352380011    
20141104015125352380261    
20141104015125352385561    
20141104015125352386391    
20141104015125352386471    
20141104015125352399103    
20141104015125352399272    
20141104015125352399571    
20141104015125352399606    
20141104015125352399761    
20141104015125352399801    
20141104015125352399841    
20141104015125352399892    
20141104015125352335031    
20141104015125352335061    
20141104015125352335201    
20141104015125352335581    
20141104015125352336531    
20141104015125352336563    
20141104015125352337331    
20141104015125352337471    
20141104015430148635381    
20141104015430148635501    
20141104015430148635531    
20141104015430148637381    
20141104015430148680351    
20141104015430148680381    
20141104015430148686002    
20141104015430148686041    
20141104015430148686071    
20141104015430148686172    
20141104015430148686191    
20141104015430148686211    
20141104015430148686625    
20141104015430148686941    
20141104015430148687341    
20141104015902353685562    
20141104021801156535501    
20141104021801156535641    
20141104021801156537394    
20141104021801156537731    
20141104021801156586002    
20141104021801156586071    
20141104021801156586171    
20141104021801156586191    
20141104021801156586521    
20141104021801156586621    
20141104022233357635031    
20141104022233357635051    
20141104022233357635062    
20141104022233357635251    
20141104022233357636581    
20141104022233357637301    
20141104022233357637341    
20141104022233357680011    
20141104022233357686691    
20141104022233357699571    
20141104022233357699605    
20141104023753156635381    
20141104023753156635501    
20141104023753156635512    
20141104023753156635532    
20141104023753156637381    
20141104023753156680351    
20141104023753156680362    
20141104023753156686004    
20141104023753156686171    
20141104023753156686191    
201411040237531566870470   
20141104023753156687055    
20141104023753156687321    
20141104023753156688121    
20141104023753156688161    
20141104023818156686622    
20141104024336151135502    
20141104024336151135512    
20141104024336151135531    
20141104024336151135641    
20141104024336151137392    
20141104024336151137731    
20141104024336151137771    
20141104024336151180351    
20141104024336151180362    
20141104024336151180381    
20141104024336151186005    
20141104024336151186041    
20141104024336151186072    
20141104024336151186174    
20141104024336151186191    
20141104024336151186211    
20141104024336151186942    
20141104024336151187352    
20141104024336151195692    
201411040243361511973410   
20141104024336151197485    
20141104024346274787461    
20141104024346274787473    
20141104024346274787541    
20141104024346274787551    
20141104024346274787562    
20141104024346274787581    
20141104024346274788591    
20141104024346274794561    
20141104024530147335501    
20141104024530147335511    
20141104024530147335532    
20141104024530147335641    
20141104024530147337732    
20141104024530147380351    
20141104024530147380362    
20141104024530147380381    
20141104024530147386003    
20141104024530147386042    
20141104024530147386071    
20141104024530147386174    
20141104024530147386191    
20141104024530147386211    
20141104024530147386521    
20141104024530147386621    
201411040245301473870450   
20141104024530147387072    
20141104024643147396442    
20141104025845350135011    
20141104025845350135061    
20141104025845350135151    
20141104025845350136531    
20141104025845350137471    
20141104025845350137661    
20141104025845350185342    
20141104025845350185351    
20141104025845350186211    
20141104025845350186471    
20141104025845350198091    
20141104025845350199021    
20141104025845350199126    
20141104025845350199272    
20141104025845350199592    
20141104025845350199602    
20141104025845350199671    
20141104025845350199761    
20141104025845350199791    
20141104025845350199821    
20141104030035355335011    
20141104030035355335061    
20141104030035355335251    
20141104030035355335581    
20141104030035355336565    
20141104030035355337301    
20141104030035355337661    
20141104030035355380261    
20141104030035355386211    
20141104030035355386471    
20141104030035355386691    
20141104030035355387291    
20141104031449357085562    
20141104031842154435501    
20141104031842154435511    
20141104031842154435531    
20141104031842154437395    
20141104031842154437731    
20141104031842154480362    
20141104031842154480382    
20141104031842154485582    
20141104031842154486002    
20141104031842154486071    
20141104031842154486172    
20141104031842154486191    
20141104031842154486521    
20141104031842154487321    
20141104031842154488121    
20141104032241351935011    
20141104032241351935061    
20141104032241351935151    
20141104032241351936531    
20141104032241351936564    
20141104032241351937471    
20141104032241351980261    
20141104032241351985561    
20141104032241351986211    
20141104032241351986471    
20141104032241351986691    
20141104032241351987821    
20141104032241351999021    
20141104032241351999191    
20141104032241351999761    
20141104032241351999833    
20141104032241351999892    
20141104033334354735064    
20141104033334354735581    
20141104033334354736532    
20141104033334354736566    
20141104033334354737662    
20141104033334354780011    
20141104033334354780261    
20141104033334354785071    
20141104033334354786113    
20141104033334354786472    
20141104033334354786692    
20141104033334354793141    
20141104033334354797441    
20141104033349151835381    
20141104033349151835501    
20141104033349151835512    
20141104033349151835531    
20141104033349151837396    
20141104033349151837731    
20141104033349151837761    
20141104033349151880351    
20141104033349151880362    
20141104033349151880381    
20141104033349151886003    
20141104033349151886073    
20141104033349151886173    
20141104033349151886621    
20141104034435354485563    
20141104034747356335252    
20141104034747356336531    
20141104034747356336563    
20141104034747356336581    
20141104034747356337341    
20141104034747356337471    
20141104034747356337661    
20141104034747356380261    
20141104034747356385562    
20141104034747356386211    
20141104034747356386691    
20141104034747356399571    
20141104034747356399603    
20141104034747356399895    
20141104035801146386621    
20141104035801146396971    
20141104040738356585563    
20141104041257133735512    
20141104041257133735532    
20141104041257133735551    
20141104041257133735561    
20141104041257133735581    
20141104041257133735641    
20141104041257133737381    
20141104041257133737397    
20141104041257133780362    
20141104041257133780381    
20141104041257133786005    
20141104041257133786072    
20141104041257133786174    
20141104041257133786191    
20141104041257133787321    
201411040448591457852530   
20141104044859145785283    
20141104045857355135063    
20141104045857355136563    
20141104045857355137331    
20141104045857355137662    
20141104045857355186115    
20141104045857355186461    
20141104045857355186472    
20141104045857355186691    
20141104050010353835011    
20141104050010353835031    
20141104050010353835063    
20141104050010353835581    
20141104050010353836532    
201411040500103538365615   
20141104050010353837301    
20141104050010353837331    
20141104050010353837471    
20141104050010353837661    
20141104050010353880011    
20141104050010353880241    
20141104050010353880262    
20141104050010353885567    
20141104050010353886211    
20141104050010353886461    
20141104050010353886472    
20141104050010353886693    
20141104050010353898081    
20141104050010353898091    
20141104050010353899022    
20141104050010353899572    
201411040500103538996010   
201411040500103538998915   
201411040502201502852530   
20141104050722358185562    
20141104051518140535501    
20141104051518140535512    
20141104051518140535532    
20141104051518140535641    
20141104051518140537394    
20141104051518140580351    
20141104051518140580363    
20141104051518140580381    
20141104051518140585341    
20141104051518140586004    
20141104051518140586042    
20141104051518140586521    
20141104051518140586621    
201411040515181405870435   
20141104051518140587055    
20141104051518140587321    
20141104051956140586172    
20141104051956140586191    
20141104052733506635255    
20141104052733506635265    
20141104052733506635713    
20141104052733506635973    
20141104052733506680011    
20141104052733506685033    
20141104052733506685065    
20141104052733506685072    
20141104052733506685581    
20141104052733506686082    
20141104052733506687091    
20141104052733506687773    
20141104052733506693561    
20141104052733506694571    
20141104052733506694681    
20141104052733506699005    
20141104052733506699026    
20141104052733506699075    
20141104052733506699665    
20141104052733506699721    
20141104052733506699812    
20141104052733506699875    
20141104052733506699975    
20141104052950357298102    
201411040529503572995910   
20141104052950357299763    
20141104052950357299895    
20141104053357353585562    
20141104053638357885564    
20141104061311355735031    
20141104061311355735062    
20141104061311355735581    
20141104061311355736531    
20141104061311355736563    
20141104061311355780011    
20141104061311355780261    
20141104061311355785071    
20141104061311355786001    
20141104061311355786112    
20141104061311355786471    
20141104061400352685562    
20141104061405355793141    
20141104064642152635501    
20141104064642152635514    
20141104064642152635531    
20141104064642152637392    
20141104064642152637771    
20141104064642152680362    
20141104064642152680381    
20141104064642152686003    
20141104064642152686044    
20141104064642152686172    
20141104064642152686621    
20141104073237356185563    
201411040814122725352810   
20141104081412272587472    
20141104081412272587502    
20141104081412272587511    
20141104081412272587553    
20141104081412272587562    
20141104081412272587582    
201411040814122725876112   
20141104081412272588591    
20141104081412272594411    
20141104081412272594822    
20141104081412272594836    
20141104081412272594862    
20141104081412272597571    
20141104085618354398102    
20141104085618354399022    
20141104085618354399572    
201411040856183543996010   
20141104085618354399763    
20141104085847302435931    
20141104085847302437247    
20141104085847302437414    
20141104085847302485041    
20141104085847302485071    
20141104085847302486045    
20141104085847302486074    
20141104085847302486091    
20141104085847302486113    
20141104085847302486133    
20141104085847302486151    
20141104085847302486211    
20141104085847302486271    
20141104090513178687771    
20141104090714114735342    
20141104090714114735425    
20141104090714114735551    
20141104090714114735561    
20141104090714114735932    
20141104090714114736243    
20141104090714114780351    
20141104090714114780373    
20141104090714114785992    
201411040917263017372410   
20141104091726301737413    
20141104091726301785041    
20141104091726301785071    
20141104091726301786045    
20141104091726301786077    
20141104091726301786091    
20141104091726301786112    
20141104091726301786132    
20141104091726301786211    
20141104091726301786271    
20141104091817272036581    
20141104091817272080371    
20141104091817272086761    
20141104091817272035011    
20141104091817272035161    
20141104091817272035263    
20141104091817272035964    
20141104091817272035971    
20141104091817272036142    
20141104091817272036231    
20141104093021273887452    
20141104093021273887501    
20141104093304179535254    
20141104093304179535266    
20141104093304179580011    
20141104093304179585032    
20141104093304179585063    
20141104093304179585071    
20141104093304179586081    
20141104093304179587771    
20141104093304179587781    
20141104093304179599002    
20141104093304179599811    
20141104093304179599873    
20141104093304179599973    
20141104094251505535255    
20141104094251505535264    
20141104094251505535971    
20141104094251505580011    
20141104094251505585031    
20141104094251505585062    
20141104094251505586081    
20141104094251505587771    
20141104094251505594571    
20141104094251505599811    
20141104094251505599871    
20141104094251505599971    
20141104094426301535931    
20141104094426301535971    
20141104094426301537246    
20141104094426301537411    
20141104094426301585041    
20141104094426301586043    
20141104094426301586074    
20141104094426301586091    
20141104094426301586112    
20141104094426301586132    
20141104094426301586151    
20141104094426301586271    
20141104094426301592161    
20141104094426301593131    
201411040945305014352512   
20141104094530501435268    
20141104094530501480011    
20141104094530501480271    
20141104094530501485031    
20141104094530501485065    
20141104094530501485072    
20141104094530501486081    
20141104094934172835255    
20141104094934172835267    
20141104094934172835711    
20141104094934172835971    
20141104094934172880011    
20141104094934172885063    
20141104094934172885071    
20141104094934172886081    
20141104094934172887781    
20141104094934172899022    
20141104094934172899811    
20141104094934172899872    
20141104094934172899972    
20141104095348506135254    
20141104095348506135264    
20141104095348506137671    
20141104095348506180011    
20141104095348506185032    
20141104095348506185062    
20141104095348506185071    
20141104095348506186081    
20141104095348506187091    
20141104095348506187781    
20141104095348506187913    
20141104095348506187921    
20141104095348506187932    
20141104095348506187941    
20141104095348506187962    
20141104095348506187972    
201411040953485061879920   
20141104095348506199023    
20141104095348506199873    
20141104095348506199972    
20141104095432176235256    
20141104095432176235268    
20141104095432176235972    
20141104095432176237672    
20141104095432176280011    
20141104095432176285032    
20141104095432176285064    
20141104095432176285072    
20141104095432176286081    
20141104095432176299024    
20141104095432176299074    
20141104095432176299872    
20141104095432176299974    
20141104095850133786621    
201411040958501337870415   
20141104095850133787055    
20141104095850133788241    
20141104100039302635222    
20141104100039302637412    
20141104100039302637247    
20141104100039302686045    
20141104100039302685041    
20141104100039302686075    
20141104100039302686271    
20141104100039302686113    
20141104100039302686133    
20141104100039302686151    
20141104100039302685071    
201411041004281558852560   
20141104100428155888091    
201411041005041784352525   
201411041005041784352630   
20141104100504178435711    
20141104100504178435973    
20141104100504178437672    
20141104100504178480018    
20141104100504178480271    
20141104100504178485035    
201411041005041784850625   
20141104100504178485078    
20141104100504178486088    
20141104100504178487784    
20141104100504178494571    
20141104100504178494721    
201411041005041784990213   
20141104100504178499817    
201411041005041784998712   
20141104100621450935011    
20141104100621450935223    
20141104100621450936151    
20141104100621450986112    
20141104100621450986132    
20141104100621450986151    
20141104100621450986257    
20141104100621450986261    
20141104100621450986481    
20141104100621450987381    
20141104100621450988131    
20141104100733450992261    
20141104100733450992281    
20141104100952171535265    
20141104100952171580011    
20141104100952171585032    
201411041009521715850610   
20141104100952171585072    
20141104100952171586081    
20141104100952171587772    
20141104100952171587781    
20141104100952171599023    
20141104100952171599071    
20141104100952171599812    
20141104100952171599974    
20141104101116271380351    
20141104101116271386001    
201411041011162713870430   
20141104101116271387342    
20141104101116271387694    
20141104101118130535501    
20141104101118130535641    
20141104101118130537381    
20141104101118130537394    
201411041011181305852550   
20141104101118130586006    
20141104101118130586041    
20141104101118130586171    
20141104101118130586191    
20141104101118130586621    
20141104101351150935501    
20141104101351150935512    
20141104101351150935533    
20141104101351150935551    
20141104101351150935561    
20141104101351150937393    
20141104101351150937731    
20141104101351150980352    
20141104101351150980364    
20141104101351150980381    
20141104101351150985581    
20141104101351150986007    
20141104101351150986041    
20141104101351150986175    
20141104101351150986211    
20141104101351150986521    
20141104101351150986622    
20141104101602151935501    
20141104101602151935512    
20141104101602151935531    
20141104101602151937397    
20141104101602151937761    
20141104101602151980364    
20141104101602151980381    
20141104101602151986004    
20141104101602151986072    
20141104101602151986172    
20141104101602151986191    
20141104101602151986941    
20141104101602151996432    
20141104101602151996441    
20141104101749141285282    
20141104101749141288091    
20141104101844144687712    
20141104101844144687732    
20141104101844144688252    
20141104101854144435511    
20141104101854144480351    
20141104101854144480362    
20141104101854144486003    
20141104101854144486171    
20141104101854144486211    
201411041018541444870420   
20141104102354174135254    
20141104102354174135264    
20141104102354174180011    
20141104102354174180271    
20141104102354174185032    
20141104102354174185063    
20141104102354174185071    
20141104102354174187781    
20141104102354174199022    
20141104102354174199811    
20141104102354174199873    
20141104102354174199972    
20141104102556152285265    
20141104102705501699002    
20141104102705501699023    
20141104102705501699072    
20141104102705501699721    
20141104102705501699813    
20141104102705501699873    
20141104102705501699975    
20141104102855506196811    
20141104102855506196821    
20141104102937132335531    
20141104102937132335641    
201411041029371323852530   
20141104102937132385264    
20141104102937132386005    
20141104102937132386171    
20141104102937132386621    
20141104102937132388091    
201411041030162753352810   
20141104103016275387493    
20141104103016275387502    
20141104103016275387582    
20141104103016275387593    
20141104103016275388591    
20141104103016275394561    
20141104103016275394821    
20141104103105130135532    
20141104103105130137396    
201411041031051301852560   
20141104103105130185261    
20141104103105130186004    
20141104103105130186521    
20141104103105130187131    
20141104103105130188091    
20141104103105130188161    
201411041034131359852540   
20141104103413135985266    
20141104103413135988091    
20141104103517302336851    
20141104103517302337244    
20141104103517302337412    
20141104103517302386043    
20141104103517302386072    
20141104103517302386091    
20141104103517302386132    
20141104103517302386151    
20141104103517302386211    
20141104103517302386271    
20141104103724300035061    
20141104103724300035161    
20141104103724300037248    
20141104103724300037413    
20141104103724300085042    
20141104103724300086114    
201411041037243000861310   
20141104103724300086152    
20141104103724300086211    
20141104103724300086272    
201411041038561566870430   
20141104103857147137392    
20141104103857147180361    
201411041038571471852520   
20141104103857147185581    
20141104103857147186002    
20141104103857147186041    
20141104103857147186171    
20141104103857147186941    
20141104103857147187321    
20141104103857147135501    
20141104103857147135551    
20141104103857147135561    
20141104103857147137381    
20141104103946131286001    
20141104103946131286046    
20141104103946131286075    
201411041040451811352630   
20141104104045181135842    
20141104104045181180013    
20141104104045181185066    
20141104104045181185074    
20141104104045181187674    
20141104104045181192132    
20141104104045181193531    
20141104104045181193553    
20141104104045181193562    
20141104104045181199028    
20141104104045181199771    
20141104104045181199974    
20141104104402274194862    
201411041044022741352812   
201411041044022741874510   
20141104104402274187525    
20141104104402274187596    
20141104104402274188591    
20141104104402274194821    
20141104104416504235258    
201411041044165042352610   
20141104104416504235712    
20141104104416504237671    
20141104104416504280011    
20141104104416504285066    
20141104104416504285072    
20141104104416504287091    
20141104104416504287781    
20141104104416504293551    
20141104104416504295671    
20141104104416504295681    
20141104104416504299024    
20141104104416504299873    
20141104104416504299973    
201411041045281393852530   
20141104104528139385262    
20141104104553175635254    
20141104104553175635264    
20141104104553175680011    
20141104104553175680271    
20141104104553175685031    
20141104104553175685061    
20141104104553175686081    
20141104104553175687781    
20141104104553175699022    
20141104104553175699873    
20141104104553175699972    
20141104104601157235531    
20141104104601157280361    
20141104104601157286001    
20141104104601157286071    
20141104104601157286191    
20141104104601157286521    
201411041046011572870430   
20141104104601157287055    
20141104104653140735501    
20141104104653140735511    
201411041046531407359610   
20141104104653140737381    
20141104104653140780321    
20141104104653140780361    
20141104104653140780381    
20141104104653140786002    
20141104104653140786172    
20141104104653140787321    
20141104104826175692133    
20141104104826175694681    
20141104104826175694721    
201411041053165038352510   
201411041053165038352610   
20141104105316503835711    
20141104105316503835971    
20141104105316503880013    
20141104105316503880271    
20141104105316503885033    
20141104105316503885066    
20141104105316503885074    
20141104105316503887091    
20141104105316503887772    
20141104105316503887781    
20141104105316503899022    
20141104105316503899072    
20141104105316503899875    
20141104105316503899973    
20141104105519154335381    
20141104105519154335581    
20141104105519154337381    
20141104105519154337394    
20141104105519154337761    
20141104105519154380351    
20141104105519154380381    
20141104105519154386004    
20141104105519154386041    
20141104105519154386171    
20141104105519154386211    
20141104105519154386622    
20141104105519154386731    
20141104105519154386941    
20141104105519154387321    
20141104105519154388161    
20141104105610120835631    
20141104105610120836205    
20141104105610120836555    
20141104105610120880081    
20141104105610120880091    
20141104105610120880101    
20141104105631144635533    
20141104105740136835531    
20141104105740136880361    
20141104105740136886004    
20141104105740136886191    
20141104105740136886521    
20141104105914135586002    
20141104105914135586041    
20141104105914135586191    
20141104105914135586211    
20141104105914135586621    
201411041059141355870410   
20141104105914135587054    
20141104105914135587071    
20141104105929300986047    
20141104105929300986211    
20141104105929300992161    
20141104105929300986112    
20141104105929300986077    
20141104105929300937415    
20141104105929300935932    
20141104105929300985071    
201411041059293009372415   
20141104105929300986272    
20141104110018504435254    
20141104110018504435268    
20141104110018504435971    
20141104110018504485033    
20141104110018504485064    
20141104110018504485072    
20141104110018504486081    
201411041101141432877030   
20141104110140220335641    
20141104110140220336284    
20141104110140220380352    
20141104110140220386105    
201411041101591503870430   
20141104110159150387052    
20141104110159150387072    
20141104110337148235512    
20141104110337148280362    
20141104110337148280382    
201411041103371482852560   
20141104110337148285265    
20141104110337148285282    
20141104110337148286006    
20141104110337148286171    
20141104110337148286191    
20141104110337148286211    
20141104110337148286621    
20141104110337148288091    
20141104110337148288161    
20141104110613173535255    
20141104110613173535268    
20141104110613173535711    
20141104110613173580012    
20141104110613173585031    
20141104110613173585065    
20141104110613173585072    
20141104110613173587772    
20141104110613173587781    
20141104110613173599001    
20141104110613173599023    
20141104110613173599072    
20141104110613173599811    
20141104110613173599874    
20141104110613173599972    
20141104110636172235256    
20141104110636172235264    
20141104110636172280011    
20141104110636172280271    
20141104110636172285065    
20141104110636172287091    
20141104110636172287772    
20141104110636172287781    
20141104110636172299021    
20141104110636172299811    
20141104110636172299873    
20141104110636172299972    
20141104110638142335512    
20141104110638142386005    
20141104110638142386172    
20141104110638142386191    
201411041106381423870420   
201411041107011555852530   
20141104110701155585265    
20141104111024177535253    
20141104111024177535265    
20141104111024177535971    
20141104111024177585031    
20141104111024177585064    
20141104111024177595662    
20141104111024177595691    
20141104111024177596804    
20141104111024177596822    
20141104111024177599022    
20141104111024177599872    
20141104111028114735311    
20141104111028114786612    
20141104111122450735011    
20141104111122450735221    
20141104111122450786111    
20141104111122450786257    
20141104111122450787381    
20141104111122450799021    
20141104111122450799873    
20141104111253173987771    
201411041114071713352510   
20141104111407171335264    
20141104111407171385071    
20141104111407171387772    
20141104111407171399811    
20141104111407171399871    
20141104111407171399972    
20141104111433171635256    
201411041114331716352612   
20141104111433171680011    
20141104111433171685033    
20141104111433171685065    
20141104111433171685071    
20141104111433171686081    
20141104111433171687781    
20141104111433171699021    
20141104111433171699811    
20141104111433171699873    
20141104111433171699973    
20141104111446502487913    
20141104111446502487921    
20141104111446502487932    
20141104111446502487961    
20141104111446502487972    
20141104111446502487995    
201411041116171705352510   
201411041116171705352610   
20141104111617170535971    
20141104111617170580011    
20141104111617170585069    
20141104111617170585072    
201411041116171705860821   
20141104111617170587091    
20141104111617170587783    
20141104111617170599021    
20141104111617170599811    
20141104111617170599876    
20141104111617170599972    
20141104111647143635512    
20141104111647143637394    
20141104111647143637731    
20141104111647143680362    
20141104111647143680384    
20141104111647143686003    
20141104111647143686172    
20141104111647143686211    
201411041116471436870425   
20141104111647143687341    
20141104112034133535502    
20141104112034133535512    
20141104112034133586172    
20141104112034133586191    
201411041120341335870440   
20141104112208271835531    
20141104112208271835582    
20141104112208271837401    
20141104112208271837411    
20141104112208271837683    
201411041122082718870440   
20141104112208271887321    
20141104112208271887343    
20141104112208271887411    
20141104112208271887698    
20141104112208271887791    
20141104112217179935256    
20141104112217179935266    
20141104112217179937671    
20141104112217179980011    
20141104112217179985031    
20141104112217179985063    
20141104112217179985071    
20141104112217179987913    
20141104112217179987931    
20141104112217179987941    
20141104112217179987951    
20141104112217179987972    
20141104112217179987995    
20141104112217179988621    
20141104112217179999811    
20141104112217179999873    
20141104112217179999973    
20141104112348502935259    
20141104112348502935266    
20141104112348502980013    
20141104112348502980271    
20141104112348502985035    
20141104112348502985065    
20141104112348502985072    
20141104112348502986082    
20141104112348502987782    
20141104112349124636206    
201411041123491246365513   
20141104112349124680075    
201411041123491246800810   
20141104112349124680291    
20141104112349124685342    
20141104112349124687356    
20141104112349124688101    
20141104112349124695681    
20141104112349124697461    
201411041126535037352520   
201411041126535037352635   
20141104112653503735711    
20141104112653503735973    
20141104112653503780014    
20141104112653503780271    
20141104112653503785035    
201411041126535037850610   
20141104112653503785074    
20141104112653503786084    
20141104112653503787091    
20141104112653503787783    
20141104112653503799023    
20141104112653503799771    
20141104112653503799812    
20141104112653503799874    
20141104112653503799976    
20141104112816171785035    
201411041128161717850610   
20141104112816171785074    
20141104112816171786083    
20141104112816171787094    
20141104112816171787772    
20141104112816171787782    
20141104112816171799025    
20141104112816171799812    
20141104112816171799878    
20141104112816171799978    
201411041128161717352512   
201411041128161717352616   
20141104112816171735712    
20141104112816171735972    
20141104112816171780012    
20141104112816171780272    
20141104112837451735224    
20141104112837451737411    
20141104112837451786001    
20141104112837451786151    
201411041128374517862510   
20141104112837451786262    
20141104112837451786481    
20141104112837451787381    
20141104112837451788131    
20141104112837451792301    
20141104112837451792311    
20141104112837451792381    
20141104112837451792391    
20141104112837451799021    
20141104113052120480081    
20141104113052120480094    
20141104113052120480102    
20141104113052120480372    
20141104113052120436204    
20141104113224151635502    
20141104113224151635512    
20141104113224151637394    
20141104113224151680362    
20141104113224151680382    
20141104113224151686005    
20141104113224151686173    
20141104113224151686191    
201411041132241516870430   
201411041132391418877015   
20141104113325272335971    
20141104113325272336142    
20141104113325272336231    
20141104113325272337071    
20141104113325272337093    
20141104113325272337732    
20141104113325272385731    
20141104113325272386081    
20141104113325272386211    
20141104113325272386491    
20141104113325272386711    
20141104113325272387381    
20141104113325272393741    
20141104113325272394221    
20141104113325272394231    
20141104113615130187342    
20141104113615130188161    
20141104113627136635501    
20141104113627136635512    
20141104113627136635531    
20141104113627136680362    
20141104113627136680382    
201411041136271366852550   
20141104113627136685271    
20141104113627136685282    
20141104113627136686005    
20141104113627136686171    
20141104113627136686191    
20141104113627136686211    
20141104113627136686621    
20141104113627136688162    
20141104113925139535501    
20141104113925139535642    
20141104113925139580362    
20141104113925139586004    
20141104113925139586171    
20141104113925139586621    
20141104113925139587341    
20141104114027504087913    
20141104114027504087962    
20141104114027504087976    
20141104114056148295671    
20141104114056148295701    
20141104114056148296401    
20141104114056148296412    
20141104114056148296425    
20141104114103450437341    
20141104114103450486001    
20141104114103450486254    
20141104114103450486261    
20141104114137141435501    
20141104114137141435511    
20141104114137141480362    
20141104114137141486003    
20141104114137141486071    
20141104114137141486172    
20141104114137141486191    
20141104114137141486211    
20141104114137141486731    
201411041141371414870450   
20141104114137141487055    
20141104114137141487071    
20141104114427506335258    
20141104114427506335266    
20141104114427506337671    
20141104114427506380012    
20141104114427506385066    
20141104114427506385071    
20141104114427506385402    
20141104114427506386081    
20141104114427506387091    
20141104114427506387781    
20141104114427506387912    
20141104114427506387931    
20141104114427506387941    
20141104114427506387963    
20141104114427506387973    
20141104114427506388623    
20141104114427506399001    
20141104114427506399022    
20141104114427506399812    
20141104114427506399974    
20141104114649177335253    
20141104114649177335268    
20141104114649177380011    
20141104114649177380271    
20141104114649177385032    
20141104114649177385064    
20141104114649177385072    
20141104114649177386081    
201411041146491773914610   
20141104114649177392131    
20141104114649177396812    
20141104114649177396822    
20141104114649177396831    
20141104114649177396973    
20141104114649177399023    
20141104114649177399072    
20141104114649177399771    
20141104114649177399811    
20141104114649177399873    
20141104114649177399974    
20141104114849150735511    
20141104114849150735536    
20141104114849150735641    
20141104114849150737381    
20141104114849150737396    
20141104114849150780321    
20141104114849150780351    
20141104114849150780361    
20141104114849150780381    
201411041148491507860010   
20141104114849150786041    
20141104114849150786173    
20141104114849150786191    
20141104114849150786522    
20141104114849150786623    
201411041148491507870480   
20141104114849150787054    
20141104114849150787073    
20141104114849150788241    
201411041150451498870450   
20141104115045149887071    
20141104115358110735342    
20141104115358110735936    
20141104115358110736472    
20141104115358110780374    
20141104115358110786001    
20141104115358110787841    
20141104115548271586071    
20141104115548271586811    
20141104115606176135253    
20141104115606176135264    
20141104115606176135711    
20141104115606176135971    
20141104115606176180011    
20141104115606176185032    
20141104115606176185062    
20141104115606176185071    
20141104115606176186081    
20141104115606176187092    
20141104115606176187771    
20141104115606176187932    
20141104115606176187941    
20141104115606176187951    
20141104115606176199022    
20141104115606176199811    
20141104115606176199871    
20141104115606176199971    
20141104115615271835971    
201411041156491365870410   
20141104115649136587053    
20141104115707138580361    
20141104115707138580381    
20141104115707138586002    
20141104115707138580351    
20141104115715507535254    
20141104115715507535268    
20141104115715507580011    
20141104115715507585032    
20141104115715507585064    
20141104115715507585071    
20141104115715507599022    
20141104115715507599872    
20141104115715507599973    
201411041159203016861315   
20141104115920301637417    
201411041159203016372410   
20141104115920301635251    
20141104115920301635931    
20141104115920301686152    
20141104115920301685042    
20141104115920301686092    
20141104115920301686043    
20141104115920301686272    
20141104115920301685071    
20141104115920301686074    
20141104115920301692161    
20141104115920301692211    
20141104120105451335011    
20141104120105451335222    
20141104120105451335261    
20141104120105451336151    
20141104120105451337061    
20141104120105451380311    
20141104120105451385341    
20141104120105451386001    
20141104120105451386091    
20141104120105451386132    
20141104120105451386151    
20141104120105451386211    
20141104120105451386254    
20141104120105451386261    
20141104120105451386871    
20141104120105451387381    
20141104120105451388131    
201411041201241394852530   
20141104120124139485266    
20141104120225451392281    
20141104120225451392301    
20141104120225451392311    
20141104120225451394351    
20141104120440132435512    
20141104120440132435532    
20141104120440132435551    
20141104120440132435561    
20141104120440132437381    
20141104120440132480351    
20141104120440132480364    
20141104120440132480382    
20141104120440132486006    
20141104120440132486193    
20141104120440132486521    
20141104120634133935531    
20141104120634133937381    
20141104120634133937393    
20141104120634133980351    
20141104120634133986002    
20141104120634133986171    
20141104120634133986211    
20141104120634133987054    
20141104120634133988161    
20141104120634133988241    
20141104120656352499895    
20141104120745137035381    
20141104120745137035502    
20141104120745137035512    
20141104120745137037731    
20141104120745137080362    
20141104120745137080382    
20141104120745137085581    
20141104120745137086006    
20141104120745137086041    
20141104120745137086073    
20141104120745137086173    
20141104120745137086191    
20141104120745137086211    
201411041207451370870440   
20141104120745137087056    
20141104120745137088121    
20141104120847273335285    
20141104120847273387531    
201411041208472733875911   
20141104120847273387643    
20141104120847273387653    
201411041210571548852550   
20141104121057154885265    
20141104121057154888092    
20141104121111141935501    
20141104121111141935511    
20141104121111141980361    
20141104121111141980381    
201411041211111419852530   
20141104121111141985282    
20141104121111141986001    
20141104121111141986171    
20141104121222275935285    
20141104121222275987502    
20141104121222275987532    
20141104121222275987541    
20141104121222275987584    
20141104121222275987595    
20141104121222275987645    
20141104121222275987655    
20141104121222275987662    
20141104121222275988592    
20141104121222275994822    
20141104121222275994862    
20141104121853134235502    
20141104121853134235641    
20141104121853134237381    
20141104121853134280351    
20141104121853134280362    
20141104121853134286003    
20141104121853134286041    
20141104121853134286191    
20141104121853134287044    
20141104121853134287055    
20141104121853134287061    
20141104121853134287071    
20141104122230200387473    
20141104122230200387501    
20141104122230200388592    
20141104122230200394561    
20141104122230200397572    
20141104122241132435501    
201411041222411324852565   
201411041222411324852610   
20141104122241132485361    
20141104122241132486172    
20141104122241132488091    
20141104122933153735501    
20141104122933153780321    
20141104122933153780362    
20141104122933153785402    
20141104122933153786004    
20141104122933153786072    
20141104122933153786172    
20141104122933153786191    
20141104122933153786211    
20141104122933153786621    
201411041229331537870450   
20141104122933153787072    
20141104122933153787321    
201411041229471342870436   
20141104123025153796641    
201411041230271364870430   
20141104123027136487055    
201411041230451388852515   
20141104123045138888091    
201411041232161369877080   
20141104123216136987721    
20141104123341153535501    
20141104123341153535512    
20141104123341153586002    
20141104123341153586172    
20141104123341153586191    
201411041233411535877050   
20141104123341153587715    
20141104123341153587721    
20141104123341153587731    
20141104123417350136568    
20141104123417350185569    
20141104123417350186691    
20141104123426504135255    
20141104123426504135265    
20141104123426504135711    
20141104123426504135971    
20141104123426504180012    
20141104123426504185035    
20141104123426504185067    
20141104123426504185072    
20141104123426504186081    
20141104123426504187781    
20141104123619273635264    
20141104123619273637605    
20141104123619273685032    
20141104123619273685072    
20141104123619273687782    
20141104123708451135011    
20141104123708451135221    
20141104123708451137401    
20141104123708451137411    
20141104123708451180311    
20141104123708451185352    
20141104123708451186001    
20141104123708451186132    
20141104123708451186151    
20141104123708451186258    
20141104123708451186261    
20141104123708451186481    
20141104123708451186941    
20141104123708451187382    
20141104123708451188132    
201411041238011495852535   
20141104123801149585265    
20141104123801149585281    
201411041240471179353415   
201411041240471179361710   
201411041240471179362410   
201411041240471179362510   
201411041240471179364610   
201411041240471179803716   
20141104124047117985994    
20141104124047117986318    
20141104124047117986612    
20141104124224111135933    
20141104124224111136242    
20141104124224111136463    
20141104124224111136472    
20141104124224111180372    
20141104124224111186001    
20141104124224111186071    
20141104124224111186311    
20141104124224111186601    
20141104124312274835261    
20141104124312274835962    
20141104124312274837592    
20141104124339451192261    
20141104124339451192391    
20141104124339451194121    
20141104124406272235282    
20141104124406272287452    
20141104124406272287471    
20141104124406272287501    
20141104124406272287511    
20141104124406272287523    
20141104124406272287592    
20141104124406272294821    
20141104124440350085568    
20141104124442139235381    
20141104124442139235501    
20141104124442139235551    
20141104124442139235561    
20141104124442139235641    
20141104124442139280363    
20141104124442139280381    
20141104124442139285341    
20141104124442139285581    
20141104124442139286006    
20141104124442139286172    
20141104124442139286192    
20141104124442139286211    
20141104124442139286622    
20141104124442139286941    
201411041244421392870460   
20141104124834152735513    
20141104124834152737381    
20141104124834152780362    
201411041248341527852530   
20141104124834152786004    
20141104124834152786072    
20141104124834152786171    
20141104124834152786191    
20141104124908505835255    
20141104124908505835266    
20141104124908505837671    
20141104124908505880271    
20141104124908505885063    
20141104124908505885071    
20141104124908505886081    
20141104124913118136465    
201411041249131181803710   
20141104125433131235512    
20141104125433131235641    
20141104125433131237751    
20141104125433131280381    
20141104125433131286004    
20141104125433131286191    
20141104125433131286211    
20141104125439450686001    
20141104125439450686252    
20141104125539112735342    
20141104125539112735934    
201411041255391127362510   
20141104125539112736465    
20141104125539112780351    
20141104125539112780374    
20141104125539112785361    
20141104125539112786102    
20141104125539112787352    
20141104125625137835381    
20141104125625137886004    
20141104125625137886172    
20141104125625137886191    
20141104125625137886621    
201411041256251378870430   
20141104125625137887072    
20141104125625137887323    
20141104125625137895681    
20141104125625137897482    
20141104125625137897831    
20141104125722117235342    
20141104125722117235422    
20141104125722117235936    
20141104125722117236254    
20141104125722117236464    
20141104125722117236472    
20141104125722117280374    
20141104125722117286102    
20141104125722117286312    
20141104125722117286614    
20141104130143117292221    
20141104130143117297014    
20141104130143117297315    
20141104130143117297502    
20141104130143117297512    
20141104130143117297552    
20141104130143117297562    
20141104130143117297602    
20141104130143117297613    
20141104130215117135311    
20141104130215117135342    
20141104130215117135931    
20141104130215117136173    
20141104130215117136254    
20141104130215117136466    
20141104130215117180372    
20141104130215117186001    
20141104130215117186071    
20141104130215117186311    
20141104130241116535342    
20141104130241116535422    
20141104130241116535935    
20141104130241116535961    
20141104130241116536464    
20141104130241116536472    
20141104130241116580378    
20141104130241116586001    
20141104130309500835256    
20141104130309500835266    
20141104130309500880011    
20141104130309500885031    
20141104130309500885064    
20141104130309500887781    
20141104130309500899023    
20141104130309500899812    
20141104130309500899871    
20141104130309500899972    
20141104130357140935501    
20141104130357140935512    
20141104130357140935532    
20141104130357140937731    
20141104130357140980361    
20141104130357140980381    
20141104130357140986005    
20141104130357140986072    
20141104130357140986172    
20141104130357140986191    
20141104130357140986211    
20141104130357140986521    
201411041303571409870440   
20141104130357140987054    
20141104130357140987071    
201411041306581500877035   
20141104130658150087721    
20141104131024115536172    
20141104131024115536231    
20141104131024115536462    
20141104131024115536471    
20141104131024115580372    
20141104131024115585991    
20141104131024115586001    
20141104131024115586101    
20141104131024115586311    
20141104131024115586961    
201411041311051520852550   
20141104131105152085265    
20141104131457220435532    
201411041314572204359610   
20141104131457220480352    
20141104131457220486521    
201411041314572204870480   
20141104131457220487342    
20141104131457220487694    
20141104131457220497552    
20141104131457220497562    
20141104131457220497572    
201411041317291375877060   
20141104131729137587715    
20141104131729137587731    
20141104131729137588251    
20141104132050175435252    
20141104132050175435263    
20141104132050175480012    
20141104132050175485032    
20141104132050175485064    
20141104132050175485072    
20141104132050175487091    
20141104132050175496801    
20141104132050175497441    
20141104132050175499022    
20141104132050175499811    
20141104132050175499871    
20141104132050175499974    
201411041321141560852530   
20141104132135145035501    
20141104132135145035512    
20141104132135145037382    
20141104132135145037394    
20141104132135145037751    
20141104132135145037771    
20141104132135145080362    
20141104132135145086004    
20141104132135145086621    
201411041321351450870460   
20141104132135145088161    
201411041322031376852530   
20141104132203137685265    
20141104132203137685271    
20141104132222131080351    
20141104132222131080363    
20141104132222131080382    
20141104132222131085402    
20141104132222131086002    
20141104132222131086172    
20141104132222131086191    
20141104132222131086211    
20141104132222131086941    
20141104132222131087131    
20141104132229273435642    
20141104132229273435743    
20141104132229273436252    
20141104132229273436586    
201411041322292734370910   
20141104132229273480372    
20141104132229273486072    
20141104132229273486135    
20141104132229273487321    
20141104132229273487681    
20141104132419148835502    
20141104132419148835511    
20141104132419148835641    
20141104132419148837392    
20141104132419148837751    
20141104132419148837761    
20141104132419148837771    
20141104132419148880362    
20141104132419148880381    
20141104132419148886001    
20141104132419148886041    
20141104132419148886071    
20141104132419148886172    
20141104132419148887341    
20141104132419148888121    
20141104132419148888161    
20141104132558145635512    
20141104132558145680351    
20141104132558145686002    
20141104132558145686071    
20141104132558145686172    
20141104132558145686211    
20141104132558145686622    
201411041325581456870420   
20141104132558145688121    
20141104132558145695682    
20141104132615142635501    
20141104132615142635511    
20141104132615142635533    
20141104132615142680361    
20141104132615142680382    
20141104132615142685583    
20141104132615142686004    
20141104132615142686071    
20141104132615142686211    
20141104132615142686521    
20141104132615142686621    
201411041326151426870420   
20141104132615142687053    
20141104132615142687071    
20141104132615142688121    
20141104132825502687918    
20141104132825502687941    
20141104132825502687951    
20141104132825502687962    
20141104132825502687972    
20141104132825502687981    
20141104132825502688623    
20141104132948138587072    
20141104132948138588241    
20141104133107142635531    
20141104133107142637396    
20141104133107142680321    
20141104133107142680362    
20141104133107142680381    
20141104133107142685361    
20141104133107142686005    
20141104133107142686041    
20141104133107142686072    
20141104133107142686191    
20141104133107142687322    
20141104133537508235256    
20141104133537508235268    
20141104133537508280011    
20141104133537508285031    
20141104133537508285064    
20141104133537508285071    
20141104133537508287091    
20141104133537508299024    
20141104133537508299771    
20141104133537508299812    
20141104133537508299872    
20141104133537508299973    
20141104133621113935421    
20141104133621113935933    
20141104133621113936462    
20141104133621113980372    
20141104133621113986001    
20141104133704142635551    
20141104133704142635561    
201411041337081778352510   
20141104133708177835264    
20141104133708177835973    
20141104133708177880011    
20141104133708177885033    
20141104133708177885063    
20141104133708177885072    
20141104133708177887781    
20141104133816221095672    
20141104133816221096422    
20141104133816221096952    
201411041340072709870425   
20141104134042131635502    
20141104134042131635511    
20141104134042131635532    
20141104134042131635551    
20141104134042131635561    
20141104134042131637381    
20141104134042131637731    
20141104134042131680361    
20141104134042131680382    
201411041340421316852540   
20141104134042131685265    
20141104134042131685271    
20141104134042131685281    
20141104134042131686004    
20141104134042131686171    
20141104134042131686191    
20141104134042131686521    
20141104134042131686621    
20141104134042131688091    
201411041341411304870410   
20141104134141130487052    
201411041342161497852530   
20141104134216149785265    
20141104134247132495692    
20141104134247132497302    
201411041342551415852530   
20141104134255141585281    
201411041344341306852545   
201411041346072210853140   
20141104134607221086113    
20141104134607221035965    
20141104134607221036833    
20141104134607221036851    
20141104134607221037572    
20141104134647221092011    
20141104134647221092191    
20141104134819138035501    
20141104134819138035512    
20141104134819138035641    
20141104134819138080381    
20141104134819138086005    
20141104134819138086191    
20141104134819138086211    
201411041348191380870410   
20141104134819138087052    
20141104134819138087071    
201411041349111571852530   
20141104134911157185265    
20141104134911157185281    
201411041349263204853140   
201411041349541350852515   
20141104134954135085266    
20141104135012505387917    
20141104135012505387941    
20141104135012505387951    
20141104135012505387962    
20141104135012505387973    
20141104135012505388625    
20141104135027132835381    
20141104135027132835642    
20141104135027132880381    
201411041350271328852530   
20141104135027132886006    
20141104135027132886041    
20141104135027132886171    
20141104135027132886191    
20141104135027132886211    
20141104135027132886211    
20141104135027132886622    
20141104135027132887141    
201411041350471525852530   
20141104135047152588091    
201411041352201455852530   
20141104135327130937392    
20141104135327130980382    
20141104135327130986004    
20141104135327130986191    
20141104135327130986211    
201411041353271309870430   
20141104135327130987053    
20141104135327130987071    
20141104135327130988121    
20141104135336132896412    
20141104135336132896612    
20141104135411131935501    
20141104135411131935511    
20141104135411131980361    
20141104135411131980382    
20141104135411131986003    
20141104135411131986191    
20141104135527221135172    
20141104135527221136446    
20141104135527221136522    
20141104135804507635255    
20141104135804507635265    
20141104135804507680012    
20141104135804507685032    
20141104135804507685063    
20141104135804507686082    
20141104135804507699024    
20141104135804507699873    
20141104135821114935161    
20141104135821114935342    
20141104135821114935422    
20141104135821114935643    
20141104135821114935934    
20141104135821114935971    
20141104135821114936172    
20141104135821114936464    
20141104135821114936474    
20141104135821114980376    
20141104135821114986002    
20141104135821114986104    
20141104135821114986311    
20141104135821114987161    
20141104135835118136173    
201411041400441334852515   
20141104140044133485266    
20141104140244154237732    
20141104140244154285351    
20141104140244154286002    
20141104140244154286041    
20141104140309116935161    
20141104140309116935342    
20141104140309116935932    
20141104140309116936231    
20141104140309116936464    
20141104140309116986101    
20141104140309116987161    
20141104140309116987841    
201411041403271538870450   
20141104140446503235254    
20141104140446503235265    
20141104140446503235971    
20141104140446503237671    
20141104140446503280011    
20141104140446503285031    
20141104140446503285065    
20141104140446503285071    
20141104140446503286081    
20141104140446503287091    
20141104140446503287772    
20141104140446503296812    
20141104140446503299001    
20141104140446503299022    
20141104140446503299811    
20141104140446503299872    
20141104140446503299974    
20141104140720175335256    
20141104140720175335265    
20141104140720175335972    
20141104140720175380011    
20141104140720175380271    
20141104140720175385032    
20141104140720175385062    
20141104140720175385072    
20141104140720175386081    
20141104140720175387091    
20141104140720175387772    
20141104140720175399022    
20141104140720175399972    
20141104140938152796601    
20141104141150272935161    
20141104141150272935251    
20141104141150272935711    
20141104141150272936141    
20141104141150272936152    
20141104141150272936232    
20141104141150272936582    
20141104141150272937474    
20141104141150272937592    
20141104141150272980012    
20141104141150272985032    
20141104141150272985041    
20141104141150272985062    
20141104141150272985071    
20141104141150272986001    
20141104141150272986073    
20141104141150272986111    
20141104141150272986131    
20141104141150272986151    
20141104141150272986261    
20141104141150272986781    
20141104141150272986991    
20141104141150272987781    
20141104141150272988131    
20141104141150272994731    
20141104141150272995678    
20141104141150272999022    
20141104141150272999671    
20141104141150272999811    
20141104141150272999874    
20141104141150272999942    
20141104141150272999973    
201411041412231467870425   
20141104141223146787052    
20141104142016210137783    
20141104142016210186073    
20141104142303271435221    
20141104142303271437681    
201411041423032714870420   
20141104142303271487341    
20141104142303271487691    
