20150205	2139	400006	1	ZU01	0206
20150205	1185	100116	2	ZU01	0000
20150205	1185	200032	1	ZU01	0000
20150205	1185	200001	2	ZU01	0000
20150205	1185	200006	2	ZU01	0000
20150205	1185	200021	2	ZU01	0000
20150205	1185	200016	1	ZU01	0000
20150205	1185	200076	6	ZU01	0000
20150205	1185	200055	1	ZU01	0000
20150205	1185	200171	2	ZU01	0000
20150205	1185	200187	5	ZU01	0000
20150205	1230	100099	1	ZU01	0206
20150205	1230	100036	5	ZU01	0206
20150205	1230	100066	5	ZU01	0206
20150205	1230	100021	5	ZU01	0206
20150205	1230	100251	1	ZU01	0206
20150205	1230	100002	1	ZU01	0206
20150205	1230	200006	1	ZU01	0206
20150205	1230	200016	1	ZU01	0206
20150205	1230	200076	2	ZU01	0206
20150205	1230	200091	1	ZU01	0206
20150205	1230	200187	2	ZU01	0206
20150205	1230	300079	1	ZU01	0206
20150205	1230	400066	1	ZU01	0206
20150205	1206	100066	5	ZU01	0000
20150205	1206	100026	3	ZU01	0000
20150205	1206	100136	3	ZU01	0000
20150205	1206	200011	3	ZU01	0000
20150205	1206	200016	10	ZU01	0000
20150205	1206	200076	7	ZU01	0000
20150205	1206	200191	1	ZU01	0000
20150205	1206	300151	1	ZU01	0000
20150205	1206	300021	1	ZU01	0000
20150205	1206	300176	1	ZU01	0000
20150205	1206	400221	3	ZU01	0000
20150205	1234	100017	1	ZU01	0206
20150205	1234	100041	10	ZU01	0206
20150205	1234	100022	10	ZU01	0206
20150205	1234	100133	1	ZU01	0206
20150205	1234	200001	4	ZU01	0206
20150205	1234	200011	3	ZU01	0206
20150205	1234	200187	5	ZU01	0206
20150205	1234	300079	5	ZU01	0206
20150205	1234	400042	2	ZU01	0206
20150205	1234	400046	2	ZU01	0206
20150205	1234	400071	1	ZU01	0206
20150205	1234	400162	1	ZU01	0206
20150205	2142	100001	1	ZU01	0000
20150205	2142	100006	1	ZU01	0000
20150205	2142	100011	2	ZU01	0000
20150205	2142	100156	1	ZU01	0000
20150205	2142	100099	1	ZU01	0000
20150205	2142	100104	1	ZU01	0000
20150205	2142	100031	5	ZU01	0000
20150205	2142	100036	5	ZU01	0000
20150205	2142	100051	5	ZU01	0000
20150205	2142	100056	10	ZU01	0000
20150205	2142	100066	5	ZU01	0000
20150205	2142	100061	10	ZU01	0000
20150205	2142	100026	8	ZU01	0000
20150205	2142	100136	2	ZU01	0000
20150205	2142	100111	1	ZU01	0000
20150205	2142	100171	2	ZU01	0000
20150205	2142	100022	15	ZU01	0000
20150205	2142	100002	1	ZU01	0000
20150205	2142	100017	1	ZU01	0000
20150205	2142	200087	7	ZU01	0000
20150205	2142	200032	3	ZU01	0000
20150205	2142	200001	4	ZU01	0000
20150205	2142	200006	4	ZU01	0000
20150205	2142	200011	3	ZU01	0000
20150205	2142	200016	2	ZU01	0000
20150205	2142	200076	3	ZU01	0000
20150205	2142	200036	1	ZU01	0000
20150205	2142	200055	1	ZU01	0000
20150205	2142	200097	4	ZU01	0000
20150205	2142	200091	3	ZU01	0000
20150205	2142	200061	1	ZU01	0000
20150205	2142	200187	2	ZU01	0000
20150205	2142	300079	3	ZU01	0000
20150205	2142	300001	2	ZU01	0000
20150205	2142	300011	3	ZU01	0000
20150205	2142	300246	1	ZU01	0000
20150205	2142	300026	1	ZU01	0000
20150205	2142	400042	1	ZU01	0000
20150205	2142	400111	1	ZU01	0000
20150205	1199	100056	10	ZU01	0000
20150205	1199	100066	10	ZU01	0000
20150205	1199	100021	5	ZU01	0000
20150205	1199	100136	2	ZU01	0000
20150205	1199	200032	1	ZU01	0000
20150205	1199	200076	6	ZU01	0000
20150205	1199	200041	1	ZU01	0000
20150205	1199	200091	1	ZU01	0000
20150205	1199	200116	1	ZU01	0000
20150205	1199	200171	1	ZU01	0000
20150205	1199	300021	2	ZU01	0000
20150205	1199	400001	1	ZU01	0000
20150205	1224	200001	1	ZU01	0206
20150205	1224	200006	1	ZU01	0206
20150205	1224	200076	5	ZU01	0206
20150205	1224	300171	1	ZU01	0206
20150205	2131	100006	1	ZU01	0206
20150205	2131	100026	2	ZU01	0206
20150205	2131	100136	2	ZU01	0206
20150205	2131	100022	5	ZU01	0206
20150205	2131	200032	1	ZU01	0206
20150205	2131	200187	5	ZU01	0206
20150205	2131	100099	2	ZU01	0206
20150205	2130	100099	1	ZU01	0000
20150205	2130	100104	1	ZU01	0000
20150205	2130	100081	5	ZU01	0000
20150205	2130	100136	1	ZU01	0000
20150205	2130	100247	1	ZU01	0000
20150205	2130	200001	4	ZU01	0000
20150205	2130	200006	4	ZU01	0000
20150205	2130	200016	3	ZU01	0000
20150205	2130	200076	4	ZU01	0000
20150205	2130	200047	2	ZU01	0000
20150205	2130	200096	2	ZU01	0000
20150205	2130	300079	5	ZU01	0000
20150205	2130	300001	1	ZU01	0000
20150205	2130	300021	1	ZU01	0000
20150205	2130	300110	1	ZU01	0000
20150205	2130	300012	1	ZU01	0000
20150205	2130	400042	1	ZU01	0000
20150205	2130	400046	1	ZU01	0000
20150205	2130	400071	1	ZU01	0000
20150205	2130	400162	1	ZU01	0000
20150205	2130	400066	1	ZU01	0000
20150205	2130	100026	3	ZU01	0000
20150205	2131	400086	2	ZU01	0206
20150205	1177	100001	1	ZU01	0000
20150205	1177	100151	1	ZU01	0000
20150205	1177	100099	2	ZU01	0000
20150205	1177	100031	10	ZU01	0000
20150205	1177	100056	10	ZU01	0000
20150205	1177	100026	2	ZU01	0000
20150205	1177	100136	2	ZU01	0000
20150205	1177	200087	2	ZU01	0000
20150205	1177	200001	2	ZU01	0000
20150205	1177	200006	1	ZU01	0000
20150205	1177	200011	1	ZU01	0000
20150205	1177	200076	2	ZU01	0000
20150205	1177	200097	1	ZU01	0000
20150205	1177	200091	1	ZU01	0000
20150205	1177	200216	1	ZU01	0000
20150205	1177	300176	1	ZU01	0000
20150205	1200	100026	3	ZU01	0000
20150205	1200	100191	1	ZU01	0000
20150205	1200	100017	2	ZU01	0000
20150205	1200	100105	1	ZU01	0000
20150205	1200	200087	6	ZU01	0000
20150205	1200	200032	2	ZU01	0000
20150205	1200	200001	4	ZU01	0000
20150205	1200	200006	4	ZU01	0000
20150205	1200	200076	2	ZU01	0000
20150205	1200	200041	1	ZU01	0000
20150205	1200	200036	2	ZU01	0000
20150205	1200	200114	1	ZU01	0000
20150205	1200	200091	4	ZU01	0000
20150205	1200	200066	1	ZU01	0000
20150205	1200	300001	2	ZU01	0000
20150205	1200	400042	3	ZU01	0000
20150205	1200	400251	1	ZU01	0000
20150205	1207	100136	2	ZU01	0000
20150205	1207	200032	3	ZU01	0000
20150205	1207	200001	4	ZU01	0000
20150205	1207	200006	6	ZU01	0000
20150205	1207	200076	4	ZU01	0000
20150205	1207	300079	5	ZU01	0000
20150205	1207	300121	1	ZU01	0000
20150205	1222	100006	1	ZU01	0206
20150205	1222	100011	1	ZU01	0206
20150205	1222	100041	2	ZU01	0206
20150205	1222	100036	1	ZU01	0206
20150205	1222	100081	2	ZU01	0206
20150205	1222	100056	5	ZU01	0206
20150205	1222	100066	3	ZU01	0206
20150205	1222	100061	3	ZU01	0206
20150205	1222	100021	3	ZU01	0206
20150205	1222	200001	1	ZU01	0206
20150205	1222	200006	2	ZU01	0206
20150205	1222	200053	1	ZU01	0206
20150205	1222	300171	1	ZU01	0206
20150205	1222	300141	1	ZU01	0206
20150205	1222	300026	1	ZU01	0206
20150205	1220	100026	1	ZU01	0206
20150205	1220	100191	1	ZU01	0206
20150205	1220	100022	5	ZU01	0206
20150205	1220	100002	1	ZU01	0206
20150205	1220	100105	1	ZU01	0206
20150205	1220	100105	1	ZU01	0206
20150205	1220	200032	1	ZU01	0206
20150205	1220	200001	1	ZU01	0206
20150205	1220	200006	1	ZU01	0206
20150205	1220	200011	1	ZU01	0206
20150205	1220	200076	3	ZU01	0206
20150205	1220	200114	1	ZU01	0206
20150205	1220	200056	1	ZU01	0206
20150205	1220	200091	2	ZU01	0206
20150205	1220	200061	1	ZU01	0206
20150205	1220	300091	5	ZU01	0206
20150205	1214	100001	1	ZU01	0206
20150205	1214	100006	1	ZU01	0206
20150205	1214	100056	10	ZU01	0206
20150205	1214	100061	10	ZU01	0206
20150205	1214	100022	5	ZU01	0206
20150205	1214	200001	2	ZU01	0206
20150205	1214	200006	4	ZU01	0206
20150205	1214	200011	2	ZU01	0206
20150205	1214	200016	2	ZU01	0206
20150205	1214	200076	2	ZU01	0206
20150205	1214	200091	2	ZU01	0206
20150205	1214	200187	5	ZU01	0206
20150205	1214	300166	1	ZU01	0206
20150205	1214	300026	1	ZU01	0206
20150205	1189	100006	1	ZU01	0000
20150205	1189	100011	1	ZU01	0000
20150205	1189	100099	4	ZU01	0000
20150205	1189	100026	5	ZU01	0000
20150205	1189	100022	10	ZU01	0000
20150205	1189	100002	2	ZU01	0000
20150205	1189	100017	1	ZU01	0000
20150205	1189	100105	2	ZU01	0000
20150205	1189	200032	7	ZU01	0000
20150205	1189	200021	5	ZU01	0000
20150205	1189	200011	4	ZU01	0000
20150205	1189	200036	1	ZU01	0000
20150205	1189	200097	15	ZU01	0000
20150205	1189	200171	1	ZU01	0000
20150205	1189	200066	2	ZU01	0000
20150205	1189	200001	4	ZU01	0000
20150205	1189	200006	10	ZU01	0000
20150205	1189	200187	10	ZU01	0000
20150205	1189	300281	1	ZU01	0000
20150205	1189	400001	1	ZU01	0000
20150205	1202	100006	2	ZU01	0000
20150205	1202	100026	2	ZU01	0000
20150205	1202	100136	2	ZU01	0000
20150205	1202	200032	2	ZU01	0000
20150205	1202	200151	1	ZU01	0000
20150205	1202	200076	5	ZU01	0000
20150205	1202	200097	10	ZU01	0000
20150205	1202	200091	5	ZU01	0000
20150205	1202	200116	1	ZU01	0000
20150205	1202	300087	1	ZU01	0000
20150205	1202	300141	1	ZU01	0000
20150205	1202	400042	1	ZU01	0000
20150205	1202	400046	1	ZU01	0000
20150205	1202	400031	1	ZU01	0000
20150205	1202	400066	1	ZU01	0000
20150205	2134	100001	1	ZU01	0206
20150205	2134	100156	1	ZU01	0206
20150205	2134	100099	2	ZU01	0206
20150205	2134	100104	1	ZU01	0206
20150205	2134	100056	30	ZU01	0206
20150205	2134	100061	5	ZU01	0206
20150205	2134	200087	2	ZU01	0206
20150205	2134	200055	1	ZU01	0206
20150205	2134	200091	2	ZU01	0206
20150205	2134	200001	2	ZU01	0206
20150205	2134	200006	2	ZU01	0206
20150205	2134	200096	2	ZU01	0206
20150205	2134	300079	2	ZU01	0206
20150205	2134	400001	1	ZU01	0206
20150205	2134	400042	2	ZU01	0206
20150205	2134	400046	1	ZU01	0206
20150205	2134	400031	1	ZU01	0206
20150205	2134	400162	1	ZU01	0206
20150205	1213	100001	3	ZU01	0206
20150205	1213	100006	1	ZU01	0206
20150205	1213	100011	1	ZU01	0206
20150205	1213	100099	2	ZU01	0206
20150205	1213	100162	1	ZU01	0206
20150205	1213	100400	3	ZU01	0206
20150205	1213	100026	2	ZU01	0206
20150205	1213	100136	3	ZU01	0206
20150205	1213	100002	1	ZU01	0206
20150205	1213	100105	2	ZU01	0206
20150205	1213	200001	4	ZU01	0206
20150205	1213	200011	2	ZU01	0206
20150205	1213	200016	3	ZU01	0206
20150205	1213	200116	3	ZU01	0206
20150205	1213	200171	1	ZU01	0206
20150205	1213	300079	4	ZU01	0206
20150205	1213	400046	2	ZU01	0206
20150205	1213	400071	1	ZU01	0206
20150205	1213	400061	1	ZU01	0206
20150205	1186	100006	1	ZU01	0000
20150205	1186	100099	1	ZU01	0000
20150205	1186	100056	10	ZU01	0000
20150205	1186	100061	5	ZU01	0000
20150205	1186	100021	5	ZU01	0000
20150205	1186	200032	1	ZU01	0000
20150205	1186	200001	1	ZU01	0000
20150205	1186	200006	1	ZU01	0000
20150205	1186	200016	1	ZU01	0000
20150205	1186	200076	1	ZU01	0000
20150205	1186	200091	1	ZU01	0000
20150205	1186	300079	1	ZU01	0000
20150205	1186	300001	1	ZU01	0000
20150205	1186	300231	1	ZU01	0000
20150205	1186	400061	1	ZU01	0000
20150205	1186	400066	1	ZU01	0000
20150205	5804	100001	1	ZU01	0000
20150205	5804	100006	1	ZU01	0000
20150205	5804	100156	1	ZU01	0000
20150205	5804	100099	1	ZU01	0000
20150205	5804	100104	1	ZU01	0000
20150205	5804	200001	2	ZU01	0000
20150205	5804	200006	1	ZU01	0000
20150205	5804	200021	2	ZU01	0000
20150205	5804	200076	2	ZU01	0000
20150205	5804	400061	1	ZU01	0000
20150205	1114	100001	1	ZU01	0206
20150205	1114	100006	1	ZU01	0206
20150205	1114	100011	1	ZU01	0206
20150205	1114	100104	2	ZU01	0206
20150205	1114	100081	5	ZU01	0206
20150205	1114	100066	5	ZU01	0206
20150205	1114	100026	3	ZU01	0206
20150205	1114	100092	1	ZU01	0206
20150205	1114	100022	5	ZU01	0206
20150205	1114	100002	1	ZU01	0206
20150205	1114	100237	1	ZU01	0206
20150205	1114	100105	2	ZU01	0206
20150205	1114	200001	4	ZU01	0206
20150205	1114	200006	2	ZU01	0206
20150205	1114	200011	3	ZU01	0206
20150205	1114	200016	1	ZU01	0206
20150205	1114	200076	3	ZU01	0206
20150205	1114	200056	1	ZU01	0206
20150205	1114	200091	1	ZU01	0206
20150205	1114	200096	2	ZU01	0206
20150205	1114	300079	2	ZU01	0206
20150205	1114	300001	1	ZU01	0206
20150205	1114	300091	3	ZU01	0206
20150205	1114	300021	1	ZU01	0206
20150205	1114	300026	1	ZU01	0206
20150205	1114	300012	1	ZU01	0206
20150205	1114	400006	1	ZU01	0206
20150205	1114	400042	2	ZU01	0206
20150205	1114	400162	1	ZU01	0206
20150205	1114	400066	1	ZU01	0206
20150205	1114	400086	1	ZU01	0206
20150205	1114	400251	1	ZU01	0206
20150205	2133	100011	1	ZU01	0000
20150205	2133	100151	1	ZU01	0000
20150205	2133	100031	3	ZU01	0000
20150205	2133	100081	5	ZU01	0000
20150205	2133	100056	5	ZU01	0000
20150205	2133	100066	5	ZU01	0000
20150205	2133	100061	5	ZU01	0000
20150205	2133	100136	1	ZU01	0000
20150205	2133	100022	5	ZU01	0000
20150205	2133	100105	2	ZU01	0000
20150205	2133	200001	1	ZU01	0000
20150205	2133	200097	3	ZU01	0000
20150205	2133	200131	1	ZU01	0000
20150205	2133	200061	1	ZU01	0000
20150205	2133	200053	1	ZU01	0000
20150205	2133	200187	2	ZU01	0000
20150205	2133	300113	1	ZU01	0000
20150205	1224	100006	1	ZU01	0206
20150205	1224	100017	1	ZU01	0206
20150205	1224	100099	1	ZU01	0206
20150205	1224	100021	5	ZU01	0206
20150205	1224	100026	2	ZU01	0206
20150205	1224	100237	2	ZU01	0206
20150205	1224	200016	2	ZU01	0206
20150205	1224	200136	3	ZU01	0206
20150205	1224	200121	3	ZU01	0206
20150205	1224	400042	1	ZU01	0206
20150205	1224	200187	6	ZU01	0206
20150205	1224	300091	5	ZU01	0206
20150205	2130	100006	1	ZU01	0000
20150205	2117	100017	1	ZU01	0000
20150205	2117	200032	1	ZU01	0000
20150205	2117	200006	4	ZU01	0000
20150205	2117	400042	1	ZU01	0000
20150205	1180	100001	1	ZU01	0000
20150205	1180	100099	2	ZU01	0000
20150205	1180	100031	3	ZU01	0000
20150205	1180	100081	3	ZU01	0000
20150205	1180	100051	5	ZU01	0000
20150205	1180	100026	1	ZU01	0000
20150205	1180	100022	7	ZU01	0000
20150205	1180	100247	1	ZU01	0000
20150205	1180	200032	1	ZU01	0000
20150205	1180	200021	4	ZU01	0000
20150205	1180	200016	2	ZU01	0000
20150205	1180	200076	6	ZU01	0000
20150205	1180	200006	1	ZU01	0000
20150205	1180	300001	1	ZU01	0000
20150205	1180	300171	1	ZU01	0000
20150205	1180	300141	1	ZU01	0000
20150205	1226	100006	1	ZU01	0206
20150205	1226	100011	1	ZU01	0206
20150205	1226	100099	3	ZU01	0206
20150205	1226	100104	1	ZU01	0206
20150205	1226	100162	1	ZU01	0206
20150205	1226	100026	2	ZU01	0206
20150205	1226	100022	10	ZU01	0206
20150205	1226	100002	2	ZU01	0206
20150205	1226	100237	2	ZU01	0206
20150205	1226	200001	2	ZU01	0206
20150205	1226	200006	2	ZU01	0206
20150205	1226	200011	2	ZU01	0206
20150205	1226	200016	5	ZU01	0206
20150205	1226	200056	3	ZU01	0206
20150205	1221	100011	1	ZU01	0206
20150205	1221	100017	1	ZU01	0206
20150205	1221	100156	1	ZU01	0206
20150205	1221	100099	2	ZU01	0206
20150205	1221	100056	20	ZU01	0206
20150205	1221	100061	10	ZU01	0206
20150205	1221	100021	5	ZU01	0206
20150205	1221	100136	1	ZU01	0206
20150205	1221	100133	1	ZU01	0206
20150205	1221	200087	2	ZU01	0206
20150205	1221	200032	1	ZU01	0206
20150205	1221	200001	2	ZU01	0206
20150205	1221	200006	2	ZU01	0206
20150205	1221	200041	1	ZU01	0206
20150205	1221	200097	1	ZU01	0206
20150205	1221	200091	1	ZU01	0206
20150205	1221	300151	1	ZU01	0206
20150205	1221	300171	1	ZU01	0206
20150205	1221	300141	1	ZU01	0206
20150205	1221	400071	2	ZU01	0206
20150205	1232	100001	2	ZU01	0206
20150205	1232	100011	1	ZU01	0206
20150205	1232	100156	1	ZU01	0206
20150205	1232	100099	3	ZU01	0206
20150205	1232	100104	1	ZU01	0206
20150205	1232	100196	1	ZU01	0206
20150205	1232	100026	1	ZU01	0206
20150205	1232	100136	1	ZU01	0206
20150205	1232	100247	1	ZU01	0206
20150205	1232	100105	1	ZU01	0206
20150205	1232	200032	1	ZU01	0206
20150205	1232	200001	4	ZU01	0206
20150205	1232	200006	3	ZU01	0206
20150205	1232	200036	1	ZU01	0206
20150205	1232	200055	1	ZU01	0206
20150205	1232	200056	1	ZU01	0206
20150205	1232	200053	2	ZU01	0206
20150205	1232	200187	6	ZU01	0206
20150205	1232	300079	3	ZU01	0206
20150205	1232	300001	1	ZU01	0206
20150205	1232	300021	1	ZU01	0206
20150205	1232	400042	1	ZU01	0206
20150205	1232	400162	1	ZU01	0206
20150205	1233	100011	1	ZU01	0206
20150205	1233	100099	1	ZU01	0206
20150205	1233	100081	5	ZU01	0206
20150205	1233	100051	4	ZU01	0206
20150205	1233	100061	5	ZU01	0206
20150205	1233	100076	1	ZU01	0206
20150205	1233	100026	1	ZU01	0206
20150205	1233	100136	1	ZU01	0206
20150205	1233	100127	1	ZU01	0206
20150205	1233	100002	1	ZU01	0206
20150205	1233	100017	1	ZU01	0206
20150205	1233	100105	2	ZU01	0206
20150205	1233	200087	1	ZU01	0206
20150205	1233	200001	2	ZU01	0206
20150205	1233	200006	1	ZU01	0206
20150205	1233	200011	1	ZU01	0206
20150205	1233	200016	1	ZU01	0206
20150205	1233	200076	3	ZU01	0206
20150205	1233	200114	1	ZU01	0206
20150205	1233	200061	1	ZU01	0206
20150205	1233	300079	1	ZU01	0206
20150205	1233	300113	2	ZU01	0206
20150205	1233	300012	1	ZU01	0206
20150205	1233	400042	2	ZU01	0206
20150205	1233	400046	2	ZU01	0206
20150205	1233	400071	1	ZU01	0206
20150205	1233	400162	1	ZU01	0206
20150205	2138	100011	1	ZU01	0206
20150205	2138	100099	1	ZU01	0206
20150205	2138	100104	1	ZU01	0206
20150205	2138	100081	5	ZU01	0206
20150205	2138	100051	10	ZU01	0206
20150205	2138	100056	10	ZU01	0206
20150205	2138	100022	5	ZU01	0206
20150205	2138	100247	1	ZU01	0206
20150205	2138	100105	2	ZU01	0206
20150205	2138	200087	2	ZU01	0206
20150205	2138	200032	1	ZU01	0206
20150205	2138	200001	2	ZU01	0206
20150205	2138	200006	2	ZU01	0206
20150205	2138	200011	1	ZU01	0206
20150205	2138	200076	2	ZU01	0206
20150205	2138	200166	1	ZU01	0206
20150205	2138	200114	1	ZU01	0206
20150205	2138	200056	1	ZU01	0206
20150205	2138	200091	3	ZU01	0206
20150205	2138	200186	1	ZU01	0206
20150205	2138	200061	1	ZU01	0206
20150205	2138	300001	1	ZU01	0206
20150205	2138	300011	1	ZU01	0206
20150205	2139	100001	1	ZU01	0000
20150205	2139	100099	1	ZU01	0000
20150205	2139	100031	5	ZU01	0000
20150205	2139	100051	10	ZU01	0000
20150205	2139	100056	10	ZU01	0000
20150205	2139	100061	5	ZU01	0000
20150205	2139	100026	1	ZU01	0000
20150205	2139	100136	1	ZU01	0000
20150205	2139	200087	2	ZU01	0000
20150205	2139	200001	1	ZU01	0000
20150205	2139	200006	1	ZU01	0000
20150205	2139	200011	2	ZU01	0000
20150205	2139	200076	2	ZU01	0000
20150205	2139	200114	1	ZU01	0000
20150205	2139	200091	2	ZU01	0000
20150205	2139	200061	1	ZU01	0000
20150205	2139	200053	3	ZU01	0000
20150205	2139	300079	1	ZU01	0000
20150205	2139	300001	1	ZU01	0000
20150205	2139	300011	1	ZU01	0000
20150205	2139	300113	2	ZU01	0000
20150205	2139	300246	2	ZU01	0000
20150205	2139	300021	1	ZU01	0000
20150205	2139	300176	1	ZU01	0000
20150205	2139	400221	2	ZU01	0000
20150205	2139	100081	5	ZU01	0206
20150205	1225	100006	4	ZU01	0206
20150205	1225	100017	1	ZU01	0206
20150205	1225	100156	1	ZU01	0206
20150205	1225	100151	1	ZU01	0206
20150205	1225	100099	5	ZU01	0206
20150205	1225	100061	10	ZU01	0206
20150205	1225	100021	5	ZU01	0206
20150205	1225	100400	5	ZU01	0206
20150205	1225	100076	1	ZU01	0206
20150205	1225	200001	13	ZU01	0206
20150205	1225	200006	5	ZU01	0206
20150205	1225	200041	2	ZU01	0206
20150205	1225	200036	2	ZU01	0206
20150205	1225	200166	1	ZU01	0206
20150205	1225	300091	8	ZU01	0206
20150205	1225	300151	1	ZU01	0206
20150205	1225	400001	1	ZU01	0206
20150205	1225	400086	2	ZU01	0206
