20160928	1185	100116	2	ZU01	20160929
20160928	1185	200032	1	ZU01	20160929
20160928	1185	200001	1	ZU01	20160929
20160928	1185	200006	4	ZU01	20160929
20160928	1185	200016	2	ZU01	20160929
20160928	1185	200116	1	ZU01	20160929
20160928	1185	200171	1	ZU01	20160929
20160928	1185	200187	3	ZU01	20160929
20160928	1185	300141	1	ZU01	20160929
20160928	1230	100001	1	ZU01	0929
20160928	1230	100006	1	ZU01	0929
20160928	1230	100099	1	ZU01	0929
20160928	1230	100061	3	ZU01	0929
20160928	1230	100237	1	ZU01	0929
20160928	1230	200006	1	ZU01	0929
20160928	1230	200151	1	ZU01	0929
20160928	1230	200056	1	ZU01	0929
20160928	1230	200096	1	ZU01	0929
20160928	1230	300079	1	ZU01	0929
20160928	1230	400042	1	ZU01	0929
20160928	1230	400066	1	ZU01	0929
20160928	1202	100026	2	ZU01	0000
20160928	1202	100237	2	ZU01	0000
20160928	1202	100309	2	ZU01	0000
20160928	1202	200032	2	ZU01	0000
20160928	1202	200076	5	ZU01	0000
20160928	1202	200097	2	ZU01	0000
20160928	1202	200091	4	ZU01	0000
20160928	1202	200167	1	ZU01	0000
20160928	1202	300141	1	ZU01	0000
20160928	1202	300007	1	ZU01	0000
20160928	1202	400042	1	ZU01	0000
20160928	1202	400046	1	ZU01	0000
20160928	1202	400091	1	ZU01	0000
20160928	1202	400251	1	ZU01	0000
20160928	1213	100001	2	ZU01	0929
20160928	1213	100099	4	ZU01	0929
20160928	1213	100161	1	ZU01	0929
20160928	1213	100041	5	ZU01	0929
20160928	1213	100026	2	ZU01	0929
20160928	1213	100002	2	ZU01	0929
20160928	1213	100052	5	ZU01	0929
20160928	1213	200001	4	ZU01	0929
20160928	1213	200006	4	ZU01	0929
20160928	1213	200151	2	ZU01	0929
20160928	1213	200011	3	ZU01	0929
20160928	1213	200016	2	ZU01	0929
20160928	1213	300141	3	ZU01	0929
20160928	1234	100001	2	ZU01	0929
20160928	1234	100006	1	ZU01	0929
20160928	1234	100011	1	ZU01	0929
20160928	1234	100156	1	ZU01	0929
20160928	1234	100099	2	ZU01	0929
20160928	1234	100104	2	ZU01	0929
20160928	1234	100161	1	ZU01	0929
20160928	1234	100041	5	ZU01	0929
20160928	1234	100077	2	ZU01	0929
20160928	1234	100026	2	ZU01	0929
20160928	1234	100105	1	ZU01	0929
20160928	1234	100052	5	ZU01	0929
20160928	1234	200001	4	ZU01	0929
20160928	1234	200006	4	ZU01	0929
20160928	1234	200151	3	ZU01	0929
20160928	1234	200011	3	ZU01	0929
20160928	1234	200016	3	ZU01	0929
20160928	1234	200121	3	ZU01	0929
20160928	1234	200131	3	ZU01	0929
20160928	1230	100105	1	ZU01	0929
20160928	1226	100001	1	ZU01	0929
20160928	1226	100156	1	ZU01	0929
20160928	1226	100099	3	ZU01	0929
20160928	1226	100161	1	ZU01	0929
20160928	1226	100002	2	ZU01	0929
20160928	1226	200001	1	ZU01	0929
20160928	1226	200006	2	ZU01	0929
20160928	1226	200096	3	ZU01	0929
20160928	1226	300079	2	ZU01	0929
20160928	1226	400042	2	ZU01	0929
20160928	1226	400046	2	ZU01	0929
20160928	1207	200032	3	ZU01	0000
20160928	1207	200001	3	ZU01	0000
20160928	1207	200006	4	ZU01	0000
20160928	1207	200076	4	ZU01	0000
20160928	1207	200216	1	ZU01	0000
20160928	1207	300079	4	ZU01	0000
20160928	1207	300001	1	ZU01	0000
20160928	1207	300021	1	ZU01	0000
20160928	1224	200001	3	ZU01	0929
20160928	1224	200006	1	ZU01	0929
20160928	1224	300141	1	ZU01	0929
20160928	2131	100099	2	ZU01	0929
20160928	2131	200006	2	ZU01	0929
20160928	2131	300079	2	ZU01	0929
20160928	2131	300123	1	ZU01	0929
20160928	2131	400042	1	ZU01	0929
20160928	2131	400046	1	ZU01	0929
20160928	2131	400071	1	ZU01	0929
20160928	2131	400162	1	ZU01	0929
20160928	2131	400066	1	ZU01	0929
20160928	1235	100001	1	ZU01	20160929
20160928	1235	100006	1	ZU01	20160929
20160928	1235	100011	1	ZU01	20160929
20160928	1235	100156	1	ZU01	20160929
20160928	1235	100099	2	ZU01	20160929
20160928	1235	100104	1	ZU01	20160929
20160928	1235	100031	5	ZU01	20160929
20160928	1235	100036	5	ZU01	20160929
20160928	1235	100051	15	ZU01	20160929
20160928	1235	100066	10	ZU01	20160929
20160928	1235	100077	1	ZU01	20160929
20160928	1235	100026	1	ZU01	20160929
20160928	1235	100136	2	ZU01	20160929
20160928	1235	100022	10	ZU01	20160929
20160928	1235	100002	1	ZU01	20160929
20160928	1235	100237	2	ZU01	20160929
20160928	1235	100017	1	ZU01	20160929
20160928	1235	100123	1	ZU01	20160929
20160928	1235	100105	3	ZU01	20160929
20160928	1235	100309	2	ZU01	20160929
20160928	1235	100052	5	ZU01	20160929
20160928	1235	200001	3	ZU01	20160929
20160928	1235	200006	5	ZU01	20160929
20160928	1235	200011	2	ZU01	20160929
20160928	1235	200016	1	ZU01	20160929
20160928	1235	200076	5	ZU01	20160929
20160928	1235	200091	4	ZU01	20160929
20160928	1235	200191	1	ZU01	20160929
20160928	1235	200187	5	ZU01	20160929
20160928	1235	200096	3	ZU01	20160929
20160928	1235	300079	5	ZU01	20160929
20160928	1235	300006	1	ZU01	20160929
20160928	1235	300001	2	ZU01	20160929
20160928	1235	300011	1	ZU01	20160929
20160928	1235	300216	1	ZU01	20160929
20160928	1235	400251	1	ZU01	20160929
20160928	1224	100001	1	ZU01	0929
20160928	1224	100006	1	ZU01	0929
20160928	1224	100099	1	ZU01	0929
20160928	1224	100104	1	ZU01	0929
20160928	1224	100021	5	ZU01	0929
20160928	1224	100026	1	ZU01	0929
20160928	1224	100136	2	ZU01	0929
20160928	1224	100237	2	ZU01	0929
20160928	1224	100237	2	ZU01	0929
20160928	1234	100123	1	ZU01	0929
20160928	1224	300171	1	ZU01	0929
20160928	1192	100001	1	ZU01	0000
20160928	1192	100151	1	ZU01	0000
20160928	1192	100099	2	ZU01	0000
20160928	1192	100077	1	ZU01	0000
20160928	1192	100136	1	ZU01	0000
20160928	1192	100022	5	ZU01	0000
20160928	1192	100105	2	ZU01	0000
20160928	1192	200032	4	ZU01	0000
20160928	1192	200006	4	ZU01	0000
20160928	1192	200076	3	ZU01	0000
20160928	1192	200041	1	ZU01	0000
20160928	1192	200036	1	ZU01	0000
20160928	1192	200097	3	ZU01	0000
20160928	1192	200091	3	ZU01	0000
20160928	1192	200116	1	ZU01	0000
20160928	1192	200047	1	ZU01	0000
20160928	1192	200187	2	ZU01	0000
20160928	1192	300079	3	ZU01	0000
20160928	1192	300001	1	ZU01	0000
20160928	1192	300011	2	ZU01	0000
20160928	1192	100237	1	ZU01	0000
20160928	1230	100122	1	ZU01	0929
20160928	2133	100056	5	ZU01	0000
20160928	2133	100066	5	ZU01	0000
20160928	2133	100061	7	ZU01	0000
20160928	2133	100400	3	ZU01	0000
20160928	2133	100022	5	ZU01	0000
20160928	2133	100237	1	ZU01	0000
20160928	2133	200001	1	ZU01	0000
20160928	2133	200006	1	ZU01	0000
20160928	2133	200146	1	ZU01	0000
20160928	2133	200053	1	ZU01	0000
20160928	2133	300079	1	ZU01	0000
20160928	2133	300113	1	ZU01	0000
20160928	2133	400042	1	ZU01	0000
20160928	1214	100006	1	ZU01	20160929
20160928	1214	100011	1	ZU01	20160929
20160928	1214	100056	5	ZU01	20160929
20160928	1214	100061	5	ZU01	20160929
20160928	1214	100077	1	ZU01	20160929
20160928	1214	100026	3	ZU01	20160929
20160928	1214	100247	1	ZU01	20160929
20160928	1214	100105	2	ZU01	20160929
20160928	1214	200011	2	ZU01	20160929
20160928	1214	200016	1	ZU01	20160929
20160928	1214	200091	2	ZU01	20160929
20160928	1214	200303	1	ZU01	20160929
20160928	1214	400083	1	ZU01	20160929
20160928	1205	100099	1	ZU01	0929
20160928	1205	100031	2	ZU01	0929
20160928	1205	100051	2	ZU01	0929
20160928	1205	100021	2	ZU01	0929
20160928	1205	100026	1	ZU01	0929
20160928	1205	100127	1	ZU01	0929
20160928	1205	100237	1	ZU01	0929
20160928	1205	200032	1	ZU01	0929
20160928	1205	200001	1	ZU01	0929
20160928	1205	200006	1	ZU01	0929
20160928	1205	200061	1	ZU01	0929
20160928	1205	200066	1	ZU01	0929
20160928	1205	300176	1	ZU01	0929
20160928	2134	100001	1	ZU01	0929
20160928	2134	100017	1	ZU01	0929
20160928	2134	100099	1	ZU01	0929
20160928	2134	100104	1	ZU01	0929
20160928	2134	100056	20	ZU01	0929
20160928	2134	100133	1	ZU01	0929
20160928	2134	200087	2	ZU01	0929
20160928	2134	200001	2	ZU01	0929
20160928	2134	200006	2	ZU01	0929
20160928	2134	200076	1	ZU01	0929
20160928	2134	200091	2	ZU01	0929
20160928	2134	200146	1	ZU01	0929
20160928	2134	300079	1	ZU01	0929
20160928	2134	300121	1	ZU01	0929
20160928	2134	300012	1	ZU01	0929
20160928	2134	400031	1	ZU01	0929
20160928	1232	100052	3	ZU01	0929
20160928	1232	100018	1	ZU01	0929
20160928	2134	300012	1	ZU01	0929
20160928	1232	100001	1	ZU01	0929
20160928	1232	100156	1	ZU01	0929
20160928	1232	100099	1	ZU01	0929
20160928	1232	100197	1	ZU01	0929
20160928	1232	100026	1	ZU01	0929
20160928	1232	100136	1	ZU01	0929
20160928	1232	100022	3	ZU01	0929
20160928	1232	200001	1	ZU01	0929
20160928	1232	200006	1	ZU01	0929
20160928	1232	200151	1	ZU01	0929
20160928	1232	200056	1	ZU01	0929
20160928	1232	200226	5	ZU01	0929
20160928	1232	200053	3	ZU01	0929
20160928	1232	200168	1	ZU01	0929
20160928	1232	300001	2	ZU01	0929
20160928	1232	300021	1	ZU01	0929
20160928	1232	400046	1	ZU01	0929
20160928	1237	100001	2	ZU01	0929
20160928	1237	100006	1	ZU01	0929
20160928	1237	100031	20	ZU01	0929
20160928	1237	100081	10	ZU01	0929
20160928	1237	100061	10	ZU01	0929
20160928	1237	100021	10	ZU01	0929
20160928	1237	100026	8	ZU01	0929
20160928	1237	200087	3	ZU01	0929
20160928	1237	200032	1	ZU01	0929
20160928	1237	200001	4	ZU01	0929
20160928	1237	200006	1	ZU01	0929
20160928	1237	200011	1	ZU01	0929
20160928	1237	200016	2	ZU01	0929
20160928	1237	200076	2	ZU01	0929
20160928	1237	200091	2	ZU01	0929
20160928	1237	200066	1	ZU01	0929
20160928	1237	200053	2	ZU01	0929
20160928	1237	200047	2	ZU01	0929
20160928	1237	200096	2	ZU01	0929
20160928	1237	300006	1	ZU01	0929
20160928	1237	300001	1	ZU01	0929
20160928	1237	300011	1	ZU01	0929
20160928	1237	300141	1	ZU01	0929
20160928	1225	100099	2	ZU01	0929
20160928	1225	100061	10	ZU01	0929
20160928	1225	100400	5	ZU01	0929
20160928	1225	200001	9	ZU01	0929
20160928	1225	200006	3	ZU01	0929
20160928	1225	200041	1	ZU01	0929
20160928	1225	200055	1	ZU01	0929
20160928	1225	200131	5	ZU01	0929
20160928	1225	200053	2	ZU01	0929
20160928	1225	300091	3	ZU01	0929
20160928	1225	400086	2	ZU01	0929
20160928	1180	100001	1	ZU01	0000
20160928	1180	100006	1	ZU01	0000
20160928	1180	100011	1	ZU01	0000
20160928	1180	100031	5	ZU01	0000
20160928	1180	100041	5	ZU01	0000
20160928	1180	100036	5	ZU01	0000
20160928	1180	100051	5	ZU01	0000
20160928	1180	100026	1	ZU01	0000
20160928	1180	200006	4	ZU01	0000
20160928	1180	200011	3	ZU01	0000
20160928	1180	200076	3	ZU01	0000
20160928	1180	300171	2	ZU01	0000
20160928	1180	300141	1	ZU01	0000
20160928	1180	100099	2	ZU01	0000
20160928	1200	100104	1	ZU01	0929
20160928	1200	100026	6	ZU01	0929
20160928	1200	100136	1	ZU01	0929
20160928	1200	100171	1	ZU01	0929
20160928	1200	100131	1	ZU01	0929
20160928	1200	100237	1	ZU01	0929
20160928	1200	100017	2	ZU01	0929
20160928	1200	100105	2	ZU01	0929
20160928	1200	100309	2	ZU01	0929
20160928	1200	200087	5	ZU01	0929
20160928	1200	200032	2	ZU01	0929
20160928	1200	200001	3	ZU01	0929
20160928	1200	200006	5	ZU01	0929
20160928	1200	200076	2	ZU01	0929
20160928	1200	200041	1	ZU01	0929
20160928	1200	200114	1	ZU01	0929
20160928	1200	200091	3	ZU01	0929
20160928	1200	200186	3	ZU01	0929
20160928	1200	200061	1	ZU01	0929
20160928	1200	200096	2	ZU01	0929
20160928	1200	300141	2	ZU01	0929
20160928	1200	300023	6	ZU01	0929
20160928	1200	400042	3	ZU01	0929
20160928	1200	400061	1	ZU01	0929
20160928	1233	100006	1	ZU01	20160929
20160928	1233	100099	2	ZU01	20160929
20160928	1233	100031	2	ZU01	20160929
20160928	1233	100036	4	ZU01	20160929
20160928	1233	100081	5	ZU01	20160929
20160928	1233	100051	10	ZU01	20160929
20160928	1233	100056	9	ZU01	20160929
20160928	1233	100066	1	ZU01	20160929
20160928	1233	100061	1	ZU01	20160929
20160928	1233	100026	1	ZU01	20160929
20160928	1233	100022	5	ZU01	20160929
20160928	1233	100127	1	ZU01	20160929
20160928	1233	100002	1	ZU01	20160929
20160928	1233	100237	1	ZU01	20160929
20160928	1233	100309	1	ZU01	20160929
20160928	1233	100052	3	ZU01	20160929
20160928	1233	100018	1	ZU01	20160929
20160928	1233	200087	1	ZU01	20160929
20160928	1233	200001	1	ZU01	20160929
20160928	1233	200097	1	ZU01	20160929
20160928	1233	200187	2	ZU01	20160929
20160928	1233	200168	1	ZU01	20160929
20160928	1233	300079	1	ZU01	20160929
20160928	1233	300001	1	ZU01	20160929
20160928	1233	300137	1	ZU01	20160929
20160928	1233	300022	2	ZU01	20160929
20160928	1233	400006	1	ZU01	20160929
20160928	1233	400042	2	ZU01	20160929
20160928	1233	400162	1	ZU01	20160929
20160928	1114	100006	1	ZU01	0929
20160928	1114	100017	1	ZU01	0929
20160928	1114	100156	1	ZU01	0929
20160928	1114	100099	5	ZU01	0929
20160928	1114	100104	2	ZU01	0929
20160928	1114	100056	5	ZU01	0929
20160928	1114	100066	5	ZU01	0929
20160928	1114	100026	2	ZU01	0929
20160928	1114	100136	1	ZU01	0929
20160928	1114	100092	1	ZU01	0929
20160928	1114	100022	5	ZU01	0929
20160928	1114	100237	2	ZU01	0929
20160928	1114	100133	1	ZU01	0929
20160928	1114	100105	2	ZU01	0929
20160928	1114	200032	1	ZU01	0929
20160928	1114	200001	3	ZU01	0929
20160928	1114	200006	3	ZU01	0929
20160928	1114	200011	2	ZU01	0929
20160928	1114	200076	4	ZU01	0929
20160928	1114	200056	1	ZU01	0929
20160928	1114	200091	1	ZU01	0929
20160928	1114	200226	1	ZU01	0929
20160928	1114	200167	1	ZU01	0929
20160928	1114	200096	3	ZU01	0929
20160928	1114	300079	1	ZU01	0929
20160928	1114	300001	1	ZU01	0929
20160928	1114	300216	1	ZU01	0929
20160928	1114	300091	3	ZU01	0929
20160928	1114	300012	1	ZU01	0929
20160928	1114	400006	1	ZU01	0929
20160928	1114	400046	1	ZU01	0929
20160928	1114	400071	1	ZU01	0929
20160928	1114	400162	1	ZU01	0929
20160928	1114	400066	1	ZU01	0929
20160928	1114	400201	1	ZU01	0929
20160928	1220	100051	10	ZU01	0929
20160928	1220	100026	1	ZU01	0929
20160928	1220	100136	1	ZU01	0929
20160928	1220	100092	1	ZU01	0929
20160928	1220	100022	5	ZU01	0929
20160928	1220	100017	1	ZU01	0929
20160928	1220	100105	1	ZU01	0929
20160928	1220	100308	1	ZU01	0929
20160928	1220	100052	4	ZU01	0929
20160928	1220	100018	1	ZU01	0929
20160928	1220	200006	1	ZU01	0929
20160928	1220	200011	1	ZU01	0929
20160928	1220	200016	1	ZU01	0929
20160928	1220	200076	2	ZU01	0929
20160928	1220	200091	1	ZU01	0929
20160928	1220	200303	1	ZU01	0929
20160928	1220	300091	5	ZU01	0929
20160928	1220	400042	1	ZU01	0929
20160928	1220	400061	1	ZU01	0929
20160928	1220	400066	1	ZU01	0929
20160928	1220	300007	1	ZU01	0929
20160928	1221	100006	1	ZU01	0929
20160928	1221	100156	1	ZU01	0929
20160928	1221	100099	2	ZU01	0929
20160928	1221	100056	10	ZU01	0929
20160928	1221	100066	10	ZU01	0929
20160928	1221	100136	1	ZU01	0929
20160928	1221	200087	2	ZU01	0929
20160928	1221	200032	1	ZU01	0929
20160928	1221	200001	1	ZU01	0929
20160928	1221	200006	2	ZU01	0929
20160928	1221	200151	1	ZU01	0929
20160928	1221	200016	1	ZU01	0929
20160928	1221	200091	1	ZU01	0929
20160928	1221	200167	1	ZU01	0929
20160928	1221	200187	5	ZU01	0929
20160928	1221	200096	1	ZU01	0929
20160928	1221	300079	3	ZU01	0929
20160928	1221	300011	1	ZU01	0929
20160928	1221	300091	10	ZU01	0929
20160928	1221	400061	2	ZU01	0929
20160928	1221	400066	2	ZU01	0929
20160928	2139	100006	1	ZU01	0929
20160928	2139	100156	1	ZU01	0929
20160928	2139	100099	1	ZU01	0929
20160928	2139	100041	5	ZU01	0929
20160928	2139	100081	5	ZU01	0929
20160928	2139	100051	20	ZU01	0929
20160928	2139	100056	10	ZU01	0929
20160928	2139	100061	5	ZU01	0929
20160928	2139	100026	2	ZU01	0929
20160928	2139	100136	1	ZU01	0929
20160928	2139	100022	5	ZU01	0929
20160928	2139	100127	2	ZU01	0929
20160928	2139	100002	2	ZU01	0929
20160928	2139	100105	2	ZU01	0929
20160928	2139	100309	1	ZU01	0929
20160928	2139	100052	5	ZU01	0929
20160928	2139	200087	2	ZU01	0929
20160928	2139	200032	1	ZU01	0929
20160928	2139	200001	2	ZU01	0929
20160928	2139	200006	1	ZU01	0929
20160928	2139	200011	2	ZU01	0929
20160928	2139	200016	1	ZU01	0929
20160928	2139	200041	1	ZU01	0929
20160928	2139	200114	1	ZU01	0929
20160928	2139	200056	1	ZU01	0929
20160928	2139	200091	2	ZU01	0929
20160928	2139	200226	2	ZU01	0929
20160928	2139	200053	2	ZU01	0929
20160928	2139	200096	2	ZU01	0929
20160928	2139	200303	1	ZU01	0929
20160928	2139	300079	2	ZU01	0929
20160928	2139	300021	1	ZU01	0929
20160928	2139	300026	1	ZU01	0929
20160928	2139	400042	2	ZU01	0929
20160928	2139	400162	1	ZU01	0929
20160928	2139	400066	1	ZU01	0929
